geo,year,poultry_meat_food_fea
5817,2013,9504.0
5206,1978,224.0
5206,1979,239.0
5206,1980,277.0
5206,1981,290.0
5206,1982,275.0
5206,1983,298.0
5206,1984,327.0
5206,1985,325.0
5206,1986,332.0
5206,1987,343.0
5206,1988,358.0
5206,1977,196.0
5206,1989,386.0
5206,1991,424.0
5206,1992,349.0
5206,1993,362.0
5206,1994,351.0
5206,1995,365.0
5206,1996,424.0
5206,1997,464.0
5206,1998,523.0
5206,1999,554.0
5206,2000,566.0
5206,2001,588.0
5206,1990,393.0
5206,1976,177.0
5206,1975,196.0
5206,1974,150.0
5204,2002,3119.0
5204,2003,3248.0
5204,2004,3446.0
5204,2005,3738.0
5204,2006,3831.0
5204,2007,3951.0
5204,2008,4040.0
5204,2009,4113.0
5204,2010,4228.0
5204,2011,4371.0
5204,2012,4465.0
5204,2013,4607.0
5206,1961,61.0
5206,1962,66.0
5206,1963,72.0
5206,1964,76.0
5206,1965,81.0
5206,1966,91.0
5206,1967,98.0
5206,1968,103.0
5206,1969,110.0
5206,1970,123.0
5206,1971,134.0
5206,1972,136.0
5206,1973,147.0
5206,2002,609.0
5204,2001,2881.0
5206,2003,599.0
5206,2005,718.0
5207,1982,2481.0
5207,1983,2435.0
5207,1984,2263.0
5207,1985,2429.0
5207,1986,2694.0
5207,1987,3056.0
5207,1988,3242.0
5207,1989,3183.0
5207,1990,3472.0
5207,1991,3986.0
5207,1992,4469.0
5207,1981,2301.0
5207,1993,4955.0
5207,1995,6389.0
5207,1996,6258.0
5207,1997,6945.0
5207,1998,7271.0
5207,1999,8010.0
5207,2000,8490.0
5207,2001,8659.0
5207,2002,8920.0
5207,2003,9171.0
5207,2004,9824.0
5207,2005,8972.0
5207,1994,5482.0
5207,1980,2207.0
5207,1979,1964.0
5207,1978,1682.0
5206,2006,793.0
5206,2007,803.0
5206,2008,792.0
5206,2009,869.0
5206,2010,904.0
5206,2011,838.0
5206,2012,835.0
5206,2013,881.0
5207,1961,316.0
5207,1962,339.0
5207,1963,394.0
5207,1964,445.0
5207,1965,555.0
5207,1966,582.0
5207,1967,639.0
5207,1968,690.0
5207,1969,762.0
5207,1970,872.0
5207,1971,909.0
5207,1972,1012.0
5207,1973,1130.0
5207,1974,1287.0
5207,1975,1310.0
5207,1976,1374.0
5207,1977,1486.0
5206,2004,704.0
5207,2006,9926.0
5204,2000,2716.0
5204,1998,2372.0
5203,1970,4939.0
5203,1971,5011.0
5203,1972,5261.0
5203,1973,5111.0
5203,1974,5163.0
5203,1975,5069.0
5203,1976,5512.0
5203,1977,5652.0
5203,1978,5931.0
5203,1979,6440.0
5203,1980,6614.0
5203,1969,4697.0
5203,1981,6952.0
5203,1983,7377.0
5203,1984,7666.0
5203,1985,8036.0
5203,1986,8480.0
5203,1987,9215.0
5203,1988,9648.0
5203,1989,10179.0
5203,1990,10807.0
5203,1991,11328.0
5203,1992,11835.0
5203,1993,12136.0
5203,1982,7143.0
5203,1968,4445.0
5203,1967,4444.0
5203,1966,4238.0
5200,1994,20046.0
5200,1995,21175.0
5200,1996,21570.0
5200,1997,22875.0
5200,1998,23772.0
5200,1999,25613.0
5200,2000,26360.0
5200,2001,26945.0
5200,2002,28113.0
5200,2003,28707.0
5200,2004,30471.0
5200,2005,30302.0
5200,2006,31692.0
5200,2007,32680.0
5200,2008,34053.0
5200,2009,33274.0
5200,2010,35221.0
5200,2011,36545.0
5200,2012,36195.0
5200,2013,37826.0
5203,1961,3365.0
5203,1962,3391.0
5203,1963,3520.0
5203,1964,3668.0
5203,1965,3935.0
5203,1994,12538.0
5204,1999,2534.0
5203,1995,12565.0
5203,1997,13324.0
5204,1974,340.0
5204,1975,359.0
5204,1976,390.0
5204,1977,416.0
5204,1978,446.0
5204,1979,482.0
5204,1980,543.0
5204,1981,594.0
5204,1982,620.0
5204,1983,651.0
5204,1984,688.0
5204,1973,312.0
5204,1985,773.0
5204,1987,902.0
5204,1988,928.0
5204,1989,893.0
5204,1990,1054.0
5204,1991,1232.0
5204,1992,1346.0
5204,1993,1557.0
5204,1994,1673.0
5204,1995,1855.0
5204,1996,1855.0
5204,1997,2143.0
5204,1986,895.0
5204,1972,284.0
5204,1971,269.0
5204,1970,252.0
5203,1998,13606.0
5203,1999,14515.0
5203,2000,14588.0
5203,2001,14818.0
5203,2002,15464.0
5203,2003,15688.0
5203,2004,16497.0
5203,2005,16874.0
5203,2006,17142.0
5203,2007,17238.0
5203,2008,17085.0
5203,2009,16325.0
5203,2010,17162.0
5203,2011,17479.0
5203,2012,17003.0
5203,2013,17299.0
5204,1961,153.0
5204,1962,168.0
5204,1963,176.0
5204,1964,185.0
5204,1965,201.0
5204,1966,210.0
5204,1967,218.0
5204,1968,226.0
5204,1969,236.0
5203,1996,13033.0
5200,1993,19010.0
5207,2007,10688.0
5207,2009,11968.0
5303,1972,308.0
5303,1973,312.0
5303,1974,323.0
5303,1975,341.0
5303,1976,364.0
5303,1977,383.0
5303,1978,455.0
5303,1979,492.0
5303,1980,492.0
5303,1981,573.0
5303,1982,569.0
5303,1971,299.0
5303,1983,619.0
5303,1985,661.0
5303,1986,758.0
5303,1987,898.0
5303,1988,931.0
5303,1989,1037.0
5303,1990,1076.0
5303,1991,1247.0
5303,1992,1423.0
5303,1993,1665.0
5303,1994,1736.0
5303,1995,1799.0
5303,1984,631.0
5303,1970,288.0
5303,1969,271.0
5303,1968,253.0
5302,1996,11370.0
5302,1997,12614.0
5302,1998,13581.0
5302,1999,14885.0
5302,2000,15817.0
5302,2001,15474.0
5302,2002,15681.0
5302,2003,16194.0
5302,2004,15898.0
5302,2005,17214.0
5302,2006,17770.0
5302,2007,18823.0
5302,2008,19869.0
5302,2009,20477.0
5302,2010,20954.0
5302,2011,21509.0
5302,2012,22550.0
5302,2013,22758.0
5303,1961,164.0
5303,1962,171.0
5303,1963,183.0
5303,1964,192.0
5303,1965,200.0
5303,1966,211.0
5303,1967,236.0
5303,1996,1877.0
5302,1995,11223.0
5303,1997,1969.0
5303,1999,2078.0
5304,1976,772.0
5304,1977,804.0
5304,1978,865.0
5304,1979,990.0
5304,1980,1050.0
5304,1981,1166.0
5304,1982,1277.0
5304,1983,1426.0
5304,1984,1350.0
5304,1985,1453.0
5304,1986,1500.0
5304,1975,768.0
5304,1987,1647.0
5304,1989,1774.0
5304,1990,1916.0
5304,1991,2294.0
5304,1992,2629.0
5304,1993,2850.0
5304,1994,2976.0
5304,1995,3114.0
5304,1996,3349.0
5304,1997,3455.0
5304,1998,3277.0
5304,1999,3338.0
5304,1988,1711.0
5304,1974,720.0
5304,1973,721.0
5304,1972,639.0
5303,2000,2288.0
5303,2001,2443.0
5303,2002,2705.0
5303,2003,3018.0
5303,2004,3201.0
5303,2005,3405.0
5303,2006,3738.0
5303,2007,4173.0
5303,2008,4471.0
5303,2009,5148.0
5303,2010,5205.0
5303,2011,5415.0
5303,2012,5442.0
5303,2013,5678.0
5304,1961,325.0
5304,1962,339.0
5304,1963,378.0
5304,1964,394.0
5304,1965,429.0
5304,1966,464.0
5304,1967,493.0
5304,1968,548.0
5304,1969,561.0
5304,1970,580.0
5304,1971,602.0
5303,1998,1967.0
5207,2008,12135.0
5302,1994,9506.0
5302,1992,7455.0
5300,1986,7807.0
5300,1987,8663.0
5300,1988,9537.0
5300,1989,9839.0
5300,1990,10420.0
5300,1991,11726.0
5300,1992,13276.0
5300,1993,14989.0
5300,1994,16015.0
5300,1995,18105.0
5300,1996,18523.0
5300,1985,7085.0
5300,1997,20114.0
5300,1999,22777.0
5300,2000,24366.0
5300,2001,24523.0
5300,2002,25484.0
5300,2003,26852.0
5300,2004,26951.0
5300,2005,28968.0
5300,2006,30215.0
5300,2007,32574.0
5300,2008,34415.0
5300,2009,36630.0
5300,1998,21065.0
5300,1984,6752.0
5300,1983,6666.0
5300,1982,6279.0
5207,2010,12927.0
5207,2011,13857.0
5207,2012,13891.0
5207,2013,15039.0
5300,1961,1477.0
5300,1962,1562.0
5300,1963,1669.0
5300,1964,1736.0
5300,1965,1855.0
5300,1966,1977.0
5300,1967,2146.0
5300,1968,2322.0
5300,1969,2502.0
5300,1970,2671.0
5300,1971,2853.0
5300,1972,3107.0
5300,1973,3307.0
5300,1974,3480.0
5300,1975,3653.0
5300,1976,3967.0
5300,1977,4299.0
5300,1978,4734.0
5300,1979,5156.0
5300,1980,5477.0
5300,1981,5864.0
5300,2010,37928.0
5302,1993,8718.0
5300,2011,39645.0
5300,2013,41721.0
5302,1968,1306.0
5302,1969,1431.0
5302,1970,1543.0
5302,1971,1663.0
5302,1972,1824.0
5302,1973,1919.0
5302,1974,2027.0
5302,1975,2072.0
5302,1976,2277.0
5302,1977,2497.0
5302,1978,2705.0
5302,1967,1219.0
5302,1979,2863.0
5302,1981,3078.0
5302,1982,3237.0
5302,1983,3410.0
5302,1984,3513.0
5302,1985,3677.0
5302,1986,4128.0
5302,1987,4618.0
5302,1988,5288.0
5302,1989,5442.0
5302,1990,5844.0
5302,1991,6708.0
5302,1980,2986.0
5302,1966,1120.0
5302,1965,1059.0
5302,1964,993.0
5301,1992,208.0
5301,1993,135.0
5301,1994,123.0
5301,1995,106.0
5301,1996,82.0
5301,1997,97.0
5301,1998,101.0
5301,1999,86.0
5301,2000,96.0
5301,2001,97.0
5301,2002,123.0
5301,2003,148.0
5301,2004,178.0
5301,2005,224.0
5301,2006,282.0
5301,2007,294.0
5301,2008,301.0
5301,2009,302.0
5301,2010,346.0
5301,2011,382.0
5301,2012,434.0
5301,2013,410.0
5302,1961,858.0
5302,1962,909.0
5302,1963,961.0
5300,2012,40811.0
5200,1992,17999.0
5200,1991,16970.0
5200,1990,15726.0
5100,1998,2690.0
5100,1999,2880.0
5100,2000,3078.0
5100,2001,3235.0
5100,2002,3453.0
5100,2003,3678.0
5100,2004,3765.0
5100,2005,3888.0
5100,2006,4086.0
5100,2007,4507.0
5100,2008,4823.0
5100,1997,2684.0
5100,2009,5082.0
5100,2011,6040.0
5100,2012,6323.0
5100,2013,6700.0
5101,1961,108.0
5101,1962,111.0
5101,1963,112.0
5101,1964,116.0
5101,1965,121.0
5101,1966,130.0
5101,1967,137.0
5101,1968,142.0
5100,2010,5664.0
5100,1996,2416.0
5100,1995,2292.0
5100,1994,2135.0
5100,1969,544.0
5100,1970,576.0
5100,1971,602.0
5100,1972,649.0
5100,1973,685.0
5100,1974,696.0
5100,1975,764.0
5100,1976,819.0
5100,1977,888.0
5100,1978,946.0
5100,1979,983.0
5100,1980,1071.0
5100,1981,1163.0
5100,1982,1214.0
5100,1983,1328.0
5100,1984,1434.0
5100,1985,1501.0
5100,1986,1582.0
5100,1987,1703.0
5100,1988,1706.0
5100,1989,1739.0
5100,1990,1937.0
5100,1991,1955.0
5100,1992,2029.0
5100,1993,2012.0
5101,1969,157.0
5100,1968,502.0
5101,1970,166.0
5101,1972,182.0
5101,2002,407.0
5101,2003,412.0
5101,2004,418.0
5101,2005,433.0
5101,2006,425.0
5101,2007,450.0
5101,2008,472.0
5101,2009,513.0
5101,2010,553.0
5101,2011,571.0
5101,2012,575.0
5101,2001,402.0
5101,2013,545.0
5102,1962,10.0
5102,1963,10.0
5102,1964,11.0
5102,1965,12.0
5102,1966,13.0
5102,1967,15.0
5102,1968,15.0
5102,1969,17.0
5102,1970,18.0
5102,1971,19.0
5102,1972,19.0
5102,1961,9.0
5101,2000,340.0
5101,1999,319.0
5101,1998,316.0
5101,1973,189.0
5101,1974,191.0
5101,1975,203.0
5101,1976,212.0
5101,1977,226.0
5101,1978,236.0
5101,1979,244.0
5101,1980,238.0
5101,1981,239.0
5101,1982,244.0
5101,1983,247.0
5101,1984,238.0
5101,1985,262.0
5101,1986,276.0
5101,1987,270.0
5101,1988,283.0
5101,1989,294.0
5101,1990,282.0
5101,1991,293.0
5101,1992,301.0
5101,1993,267.0
5101,1994,271.0
5101,1995,285.0
5101,1996,292.0
5101,1997,306.0
5101,1971,175.0
5102,1973,20.0
5100,1967,476.0
5100,1965,424.0
351,1990,3854.0
351,1991,4623.0
351,1992,5280.0
351,1993,6576.0
351,1994,7344.0
351,1995,8919.0
351,1996,9019.0
351,1997,10328.0
351,1998,11344.0
351,1999,12468.0
351,2000,13332.0
351,1989,3467.0
351,2001,12940.0
351,2003,13611.0
351,2004,13489.0
351,2005,14430.0
351,2006,14875.0
351,2007,15963.0
351,2008,16986.0
351,2009,17598.0
351,2010,17840.0
351,2011,18239.0
351,2012,19203.0
351,2013,19449.0
351,2002,13056.0
351,1988,3315.0
351,1987,2751.0
351,1986,2357.0
351,1961,696.0
351,1962,724.0
351,1963,749.0
351,1964,777.0
351,1965,815.0
351,1966,840.0
351,1967,882.0
351,1968,914.0
351,1969,957.0
351,1970,986.0
351,1971,1036.0
351,1972,1107.0
351,1973,1146.0
351,1974,1213.0
351,1975,1243.0
351,1976,1343.0
351,1977,1462.0
351,1978,1547.0
351,1979,1601.0
351,1980,1685.0
351,1981,1749.0
351,1982,1836.0
351,1983,1934.0
351,1984,1978.0
351,1985,2078.0
5000,1961,8768.0
5100,1966,449.0
5000,1962,9147.0
5000,1964,10005.0
5000,1994,49424.0
5000,1995,53028.0
5000,1996,54195.0
5000,1997,57735.0
5000,1998,59928.0
5000,1999,62942.0
5000,2000,66158.0
5000,2001,68470.0
5000,2002,71418.0
5000,2003,73420.0
5000,2004,75968.0
5000,1993,46770.0
5000,2005,78240.0
5000,2007,85671.0
5000,2008,89955.0
5000,2009,92011.0
5000,2010,95713.0
5000,2011,99577.0
5000,2012,101915.0
5000,2013,104874.0
5100,1961,355.0
5100,1962,368.0
5100,1963,380.0
5100,1964,404.0
5000,2006,81082.0
5000,1992,44288.0
5000,1991,42310.0
5000,1990,40093.0
5000,1965,10834.0
5000,1966,11467.0
5000,1967,12162.0
5000,1968,12650.0
5000,1969,13576.0
5000,1970,14802.0
5000,1971,15476.0
5000,1972,16572.0
5000,1973,17247.0
5000,1974,17950.0
5000,1975,18400.0
5000,1976,19521.0
5000,1977,20791.0
5000,1978,22288.0
5000,1979,24055.0
5000,1980,25296.0
5000,1981,26688.0
5000,1982,27696.0
5000,1983,28460.0
5000,1984,28941.0
5000,1985,30351.0
5000,1986,32458.0
5000,1987,35054.0
5000,1988,36845.0
5000,1989,37657.0
5000,1963,9600.0
5102,1974,21.0
5102,1975,22.0
5102,1976,24.0
5105,1962,75.0
5105,1963,79.0
5105,1964,84.0
5105,1965,88.0
5105,1966,92.0
5105,1967,96.0
5105,1968,100.0
5105,1969,111.0
5105,1970,117.0
5105,1971,123.0
5105,1972,128.0
5105,1961,70.0
5105,1973,133.0
5105,1975,156.0
5105,1976,165.0
5105,1977,196.0
5105,1978,215.0
5105,1979,221.0
5105,1980,232.0
5105,1981,249.0
5105,1982,251.0
5105,1983,270.0
5105,1984,257.0
5105,1985,265.0
5105,1974,138.0
5104,2013,2051.0
5104,2012,1919.0
5104,2011,1855.0
5104,1986,351.0
5104,1987,375.0
5104,1988,389.0
5104,1989,397.0
5104,1990,577.0
5104,1991,549.0
5104,1992,559.0
5104,1993,566.0
5104,1994,638.0
5104,1995,697.0
5104,1996,734.0
5104,1997,822.0
5104,1998,761.0
5104,1999,839.0
5104,2000,940.0
5104,2001,1000.0
5104,2002,1035.0
5104,2003,1074.0
5104,2004,1101.0
5104,2005,1180.0
5104,2006,1278.0
5104,2007,1422.0
5104,2008,1587.0
5104,2009,1630.0
5104,2010,1751.0
5105,1986,279.0
5104,1985,328.0
5105,1987,299.0
5105,1989,325.0
5200,1966,5120.0
5200,1967,5399.0
5200,1968,5464.0
5200,1969,5805.0
5200,1970,6186.0
5200,1971,6322.0
5200,1972,6693.0
5200,1973,6700.0
5200,1974,6940.0
5200,1975,6934.0
5200,1976,7453.0
5200,1965,4772.0
5200,1977,7750.0
5200,1979,9125.0
5200,1980,9641.0
5200,1981,10137.0
5200,1982,10519.0
5200,1983,10762.0
5200,1984,10944.0
5200,1985,11563.0
5200,1986,12401.0
5200,1987,13516.0
5200,1988,14176.0
5200,1989,14641.0
5200,1978,8282.0
5200,1964,4374.0
5200,1963,4161.0
5200,1962,3965.0
5105,1990,329.0
5105,1991,325.0
5105,1992,330.0
5105,1993,341.0
5105,1994,342.0
5105,1995,353.0
5105,1996,355.0
5105,1997,372.0
5105,1998,380.0
5105,1999,417.0
5105,2000,432.0
5105,2001,441.0
5105,2002,522.0
5105,2003,582.0
5105,2004,586.0
5105,2005,588.0
5105,2006,594.0
5105,2007,671.0
5105,2008,747.0
5105,2009,786.0
5105,2010,867.0
5105,2011,1015.0
5105,2012,1066.0
5105,2013,1121.0
5200,1961,3895.0
5105,1988,319.0
5104,1984,307.0
5104,1983,295.0
5104,1982,266.0
5102,2006,279.0
5102,2007,303.0
5102,2008,343.0
5102,2009,340.0
5102,2010,436.0
5102,2011,539.0
5102,2012,530.0
5102,2013,572.0
5103,1961,132.0
5103,1962,131.0
5103,1963,133.0
5102,2005,233.0
5103,1964,139.0
5103,1966,143.0
5103,1967,148.0
5103,1968,152.0
5103,1969,157.0
5103,1970,166.0
5103,1971,173.0
5103,1972,188.0
5103,1973,186.0
5103,1974,193.0
5103,1975,208.0
5103,1976,219.0
5103,1965,143.0
5102,2004,248.0
5102,2003,233.0
5102,2002,177.0
5102,1977,25.0
5102,1978,28.0
5102,1979,28.0
5102,1980,30.0
5102,1981,32.0
5102,1982,38.0
5102,1983,47.0
5102,1984,46.0
5102,1985,49.0
5102,1986,55.0
5102,1987,65.0
5102,1988,63.0
5102,1989,62.0
5102,1990,64.0
5102,1991,71.0
5102,1992,85.0
5102,1993,72.0
5102,1994,65.0
5102,1995,77.0
5102,1996,81.0
5102,1997,99.0
5102,1998,116.0
5102,1999,109.0
5102,2000,129.0
5102,2001,118.0
5103,1977,246.0
5103,1978,262.0
5103,1979,284.0
5103,1980,341.0
5103,2010,2058.0
5103,2011,2060.0
5103,2012,2233.0
5103,2013,2412.0
5104,1961,36.0
5104,1962,41.0
5104,1963,46.0
5104,1964,53.0
5104,1965,60.0
5104,1966,71.0
5104,1967,82.0
5104,1968,93.0
5104,1969,103.0
5104,1970,109.0
5104,1971,113.0
5104,1972,132.0
5104,1973,157.0
5104,1974,153.0
5104,1975,176.0
5104,1976,200.0
5104,1977,194.0
5104,1978,206.0
5104,1979,205.0
5104,1980,230.0
5104,1981,244.0
5103,2009,1813.0
5304,2000,3588.0
5103,2008,1674.0
5103,2006,1510.0
5103,1981,399.0
5103,1982,415.0
5103,1983,470.0
5103,1984,585.0
5103,1985,596.0
5103,1986,621.0
5103,1987,694.0
5103,1988,651.0
5103,1989,661.0
5103,1990,684.0
5103,1991,717.0
5103,1992,754.0
5103,1993,765.0
5103,1994,819.0
5103,1995,881.0
5103,1996,954.0
5103,1997,1085.0
5103,1998,1117.0
5103,1999,1197.0
5103,2000,1238.0
5103,2001,1273.0
5103,2002,1312.0
5103,2003,1377.0
5103,2004,1412.0
5103,2005,1455.0
5103,2007,1661.0
5304,2001,3820.0
5817,2012,9051.0
5304,2003,4383.0
5706,1968,3179.0
5706,1969,3466.0
5706,1970,3807.0
5706,1971,3952.0
5706,1972,4348.0
5706,1973,4695.0
5706,1974,4753.0
5706,1975,4893.0
5706,1976,5182.0
5706,1977,5375.0
5706,1978,5640.0
5706,1967,3052.0
5706,1979,5838.0
5706,1981,6181.0
5706,1982,6214.0
5706,1983,6088.0
5706,1984,6176.0
5706,1985,6358.0
5706,1986,6548.0
5706,1987,6857.0
5706,1988,6977.0
5706,1989,6956.0
5706,1990,7361.0
5706,1991,7393.0
5706,1980,5980.0
5706,1966,2893.0
5706,1965,2818.0
5706,1964,2633.0
5504,1992,11.0
5504,1993,12.0
5504,1994,12.0
5504,1995,11.0
5504,1996,12.0
5504,1997,10.0
5504,1998,12.0
5504,1999,13.0
5504,2000,14.0
5504,2001,15.0
5504,2002,15.0
5504,2003,17.0
5504,2004,17.0
5504,2005,18.0
5504,2006,17.0
5504,2007,19.0
5504,2008,20.0
5504,2009,20.0
5504,2010,22.0
5504,2011,24.0
5504,2012,26.0
5504,2013,26.0
5706,1961,2024.0
5706,1962,2221.0
5706,1963,2374.0
5706,1992,7903.0
5504,1991,9.0
5706,1993,8008.0
5706,1995,8563.0
5801,1972,365.0
5801,1973,368.0
5801,1974,365.0
5801,1975,380.0
5801,1976,395.0
5801,1977,419.0
5801,1978,477.0
5801,1979,515.0
5801,1980,489.0
5801,1981,542.0
5801,1982,567.0
5801,1971,365.0
5801,1983,582.0
5801,1985,653.0
5801,1986,678.0
5801,1987,682.0
5801,1988,736.0
5801,1989,678.0
5801,1990,674.0
5801,1991,697.0
5801,1992,742.0
5801,1993,753.0
5801,1994,756.0
5801,1995,789.0
5801,1984,612.0
5801,1970,360.0
5801,1969,337.0
5801,1968,312.0
5706,1996,8957.0
5706,1997,9013.0
5706,1998,9565.0
5706,1999,9315.0
5706,2000,9559.0
5706,2001,10144.0
5706,2002,10406.0
5706,2003,10111.0
5706,2004,10487.0
5706,2005,10475.0
5706,2006,10004.0
5706,2007,10337.0
5706,2008,10759.0
5706,2009,11004.0
5706,2010,10846.0
5706,2011,11045.0
5706,2012,11591.0
5706,2013,11488.0
5801,1961,203.0
5801,1962,215.0
5801,1963,225.0
5801,1964,239.0
5801,1965,254.0
5801,1966,279.0
5801,1967,300.0
5706,1994,8432.0
5801,1996,814.0
5504,1990,9.0
5504,1988,7.0
5502,2013,34.0
5503,1961,0.0
5503,1962,0.0
5503,1963,0.0
5503,1964,0.0
5503,1965,0.0
5503,1966,0.0
5503,1967,0.0
5503,1968,0.0
5503,1969,0.0
5503,1970,0.0
5502,2012,42.0
5503,1971,0.0
5503,1973,0.0
5503,1974,0.0
5503,1975,0.0
5503,1976,0.0
5503,1977,0.0
5503,1978,0.0
5503,1979,0.0
5503,1980,0.0
5503,1981,0.0
5503,1982,0.0
5503,1983,0.0
5503,1972,0.0
5502,2011,38.0
5502,2010,30.0
5502,2009,27.0
5502,1984,8.0
5502,1985,8.0
5502,1986,8.0
5502,1987,9.0
5502,1988,8.0
5502,1989,10.0
5502,1990,11.0
5502,1991,12.0
5502,1992,14.0
5502,1993,15.0
5502,1994,16.0
5502,1995,16.0
5502,1996,17.0
5502,1997,18.0
5502,1998,18.0
5502,1999,18.0
5502,2000,18.0
5502,2001,20.0
5502,2002,21.0
5502,2003,23.0
5502,2004,25.0
5502,2005,26.0
5502,2006,26.0
5502,2007,28.0
5502,2008,29.0
5503,1984,0.0
5504,1989,7.0
5503,1985,0.0
5503,1987,0.0
5504,1964,1.0
5504,1965,1.0
5504,1966,1.0
5504,1967,1.0
5504,1968,2.0
5504,1969,2.0
5504,1970,2.0
5504,1971,2.0
5504,1972,2.0
5504,1973,2.0
5504,1974,2.0
5504,1963,1.0
5504,1975,2.0
5504,1977,3.0
5504,1978,3.0
5504,1979,4.0
5504,1980,4.0
5504,1981,4.0
5504,1982,5.0
5504,1983,5.0
5504,1984,5.0
5504,1985,5.0
5504,1986,6.0
5504,1987,7.0
5504,1976,3.0
5504,1962,1.0
5504,1961,1.0
5503,2013,2.0
5503,1988,0.0
5503,1989,0.0
5503,1990,0.0
5503,1991,0.0
5503,1992,0.0
5503,1993,1.0
5503,1994,1.0
5503,1995,1.0
5503,1996,1.0
5503,1997,1.0
5503,1998,1.0
5503,1999,1.0
5503,2000,1.0
5503,2001,1.0
5503,2002,1.0
5503,2003,2.0
5503,2004,2.0
5503,2005,2.0
5503,2006,2.0
5503,2007,2.0
5503,2008,2.0
5503,2009,2.0
5503,2010,1.0
5503,2011,2.0
5503,2012,1.0
5503,1986,0.0
5502,1983,8.0
5801,1997,883.0
5801,1999,1025.0
5815,1984,993.0
5815,1985,1067.0
5815,1986,1151.0
5815,1987,1265.0
5815,1988,1347.0
5815,1989,1394.0
5815,1990,1405.0
5815,1991,1552.0
5815,1992,1698.0
5815,1993,1820.0
5815,1994,1883.0
5815,1983,954.0
5815,1995,1938.0
5815,1997,2076.0
5815,1998,2105.0
5815,1999,2269.0
5815,2000,2445.0
5815,2001,2609.0
5815,2002,2940.0
5815,2003,3230.0
5815,2004,3384.0
5815,2005,3539.0
5815,2006,3755.0
5815,2007,4196.0
5815,1996,1995.0
5815,1982,905.0
5815,1981,885.0
5815,1980,812.0
5803,2008,945.0
5803,2009,1026.0
5803,2010,1070.0
5803,2011,1030.0
5803,2012,1035.0
5803,2013,1078.0
5815,1961,325.0
5815,1962,339.0
5815,1963,353.0
5815,1964,373.0
5815,1965,391.0
5815,1966,412.0
5815,1967,432.0
5815,1968,450.0
5815,1969,484.0
5815,1970,508.0
5815,1971,523.0
5815,1972,530.0
5815,1973,546.0
5815,1974,558.0
5815,1975,592.0
5815,1976,615.0
5815,1977,676.0
5815,1978,762.0
5815,1979,814.0
5815,2008,4488.0
5803,2007,953.0
5815,2009,4867.0
5815,2011,5537.0
5817,1989,2310.0
5817,1990,2297.0
5817,1991,2500.0
5817,1992,2594.0
5817,1993,2756.0
5817,1994,2885.0
5817,1995,3117.0
5817,1996,3335.0
5817,1997,3650.0
5817,1998,3637.0
5817,1999,3995.0
5817,1988,2493.0
5817,2000,4337.0
5817,2002,5050.0
5817,2003,5155.0
5817,2004,5504.0
5817,2005,5846.0
5817,2006,6180.0
5817,2007,6733.0
5817,2008,7228.0
5817,2009,7682.0
5817,2010,8466.0
5817,2011,8851.0
5304,2002,4159.0
5817,2001,4714.0
5817,1987,2387.0
5817,1986,2247.0
5817,1985,2150.0
5815,2012,5716.0
5815,2013,5920.0
5817,1961,461.0
5817,1962,484.0
5817,1963,513.0
5817,1964,552.0
5817,1965,589.0
5817,1966,633.0
5817,1967,678.0
5817,1968,707.0
5817,1969,759.0
5817,1970,819.0
5817,1971,861.0
5817,1972,910.0
5817,1973,952.0
5817,1974,1003.0
5817,1975,1130.0
5817,1976,1172.0
5817,1978,1395.0
5817,1979,1486.0
5817,1980,1544.0
5817,1981,1742.0
5817,1982,1814.0
5817,1983,1906.0
5817,1984,2074.0
5815,2010,5230.0
5801,1998,947.0
5803,2006,928.0
5803,2004,837.0
5802,1976,150.0
5802,1977,157.0
5802,1978,156.0
5802,1979,158.0
5802,1980,163.0
5802,1981,163.0
5802,1982,165.0
5802,1983,171.0
5802,1984,172.0
5802,1985,178.0
5802,1986,192.0
5802,1975,140.0
5802,1987,197.0
5802,1989,228.0
5802,1990,246.0
5802,1991,258.0
5802,1992,573.0
5802,1993,538.0
5802,1994,551.0
5802,1995,559.0
5802,1996,572.0
5802,1997,604.0
5802,1998,663.0
5802,1999,654.0
5802,1988,215.0
5802,1974,126.0
5802,1973,121.0
5802,1972,118.0
5801,2000,1178.0
5801,2001,1250.0
5801,2002,1459.0
5801,2003,1639.0
5801,2004,1724.0
5801,2005,1887.0
5801,2006,1948.0
5801,2007,2126.0
5801,2008,2328.0
5801,2009,2527.0
5801,2010,2811.0
5801,2011,3114.0
5801,2012,3229.0
5801,2013,3310.0
5802,1961,69.0
5802,1962,71.0
5802,1963,73.0
5802,1964,77.0
5802,1965,81.0
5802,1966,87.0
5802,1967,94.0
5802,1968,96.0
5802,1969,106.0
5802,1970,110.0
5802,1971,113.0
5802,2000,655.0
5803,2005,852.0
5802,2001,702.0
5802,2003,815.0
5803,1980,317.0
5803,1981,329.0
5803,1982,312.0
5803,1983,334.0
5803,1984,363.0
5803,1985,364.0
5803,1986,373.0
5803,1987,386.0
5803,1988,406.0
5803,1989,435.0
5803,1990,451.0
5803,1979,277.0
5803,1991,481.0
5803,1993,434.0
5803,1994,424.0
5803,1995,442.0
5803,1996,506.0
5803,1997,551.0
5803,1998,610.0
5803,1999,648.0
5803,2000,666.0
5803,2001,695.0
5803,2002,724.0
5803,2003,725.0
5803,1992,419.0
5803,1978,257.0
5803,1977,228.0
5803,1976,205.0
5802,2004,891.0
5802,2005,1016.0
5802,2006,1085.0
5802,2007,1163.0
5802,2008,1261.0
5802,2009,1308.0
5802,2010,1508.0
5802,2011,1589.0
5802,2012,1636.0
5802,2013,1647.0
5803,1961,70.0
5803,1962,76.0
5803,1963,82.0
5803,1964,88.0
5803,1965,94.0
5803,1966,104.0
5803,1967,112.0
5803,1968,120.0
5803,1969,129.0
5803,1970,143.0
5803,1971,155.0
5803,1972,159.0
5803,1973,173.0
5803,1974,177.0
5803,1975,224.0
5802,2002,755.0
5502,1982,7.0
5817,1977,1272.0
5502,1980,7.0
5401,1988,4606.0
5401,1989,4608.0
5401,1990,4882.0
5401,1991,4392.0
5401,1992,3277.0
5401,1993,3135.0
5401,1994,3136.0
5401,1995,3268.0
5401,1996,3068.0
5401,1997,3415.0
5401,1998,3302.0
5401,1987,4552.0
5401,1999,2866.0
5401,2001,4364.0
5401,2002,4854.0
5401,2003,4802.0
5401,2004,5058.0
5401,2005,5399.0
5401,2006,5801.0
5401,2007,6147.0
5401,2008,6413.0
5401,2009,6660.0
5401,2010,6452.0
5401,2011,6528.0
5401,2000,3369.0
5401,1986,4356.0
5401,1985,4124.0
5401,1984,3912.0
5400,2012,17302.0
5400,2013,17330.0
5401,1961,1106.0
5401,1962,1134.0
5401,1963,1123.0
5401,1964,965.0
5401,1965,1057.0
5401,1966,1136.0
5401,1967,1193.0
5401,1968,1269.0
5401,1969,1371.0
5401,1970,1669.0
5401,1971,1849.0
5401,1972,1932.0
5401,1973,2047.0
5401,1974,2280.0
5401,1975,2418.0
5401,1976,2365.0
5401,1977,2784.0
5401,1978,3013.0
5401,1979,3329.0
5401,1980,3482.0
5401,1981,3738.0
5401,1982,3717.0
5401,1983,3860.0
5401,2012,7325.0
5400,2011,16099.0
5401,2013,7434.0
5402,1962,424.0
5402,1992,1689.0
5402,1993,1695.0
5402,1994,1824.0
5402,1995,1855.0
5402,1996,1941.0
5402,1997,1945.0
5402,1998,2110.0
5402,1999,2148.0
5402,2000,2189.0
5402,2001,2270.0
5402,2002,2322.0
5402,1991,1383.0
5402,2003,2370.0
5402,2005,2530.0
5402,2006,2531.0
5402,2007,2465.0
5402,2008,2479.0
5402,2009,2492.0
5402,2010,2587.0
5402,2011,2650.0
5402,2012,2734.0
5402,2013,2804.0
5403,1961,442.0
5403,1962,528.0
5402,2004,2473.0
5402,1990,1330.0
5402,1989,1245.0
5402,1988,1306.0
5402,1963,418.0
5402,1964,462.0
5402,1965,483.0
5402,1966,520.0
5402,1967,562.0
5402,1968,633.0
5402,1969,653.0
5402,1970,687.0
5402,1971,703.0
5402,1972,792.0
5402,1973,809.0
5402,1974,790.0
5402,1975,764.0
5402,1976,833.0
5402,1977,840.0
5402,1978,871.0
5402,1979,920.0
5402,1980,931.0
5402,1981,933.0
5402,1982,1000.0
5402,1983,1008.0
5402,1984,1033.0
5402,1985,1115.0
5402,1986,1218.0
5402,1987,1251.0
5402,1961,411.0
5403,1963,673.0
5400,2010,15807.0
5400,2008,15664.0
5305,1980,949.0
5305,1981,1046.0
5305,1982,1196.0
5305,1983,1211.0
5305,1984,1258.0
5305,1985,1294.0
5305,1986,1420.0
5305,1987,1499.0
5305,1988,1606.0
5305,1989,1586.0
5305,1990,1584.0
5305,1979,811.0
5305,1991,1476.0
5305,1993,1622.0
5305,1994,1673.0
5305,1995,1863.0
5305,1996,1846.0
5305,1997,1980.0
5305,1998,2140.0
5305,1999,2391.0
5305,2000,2576.0
5305,2001,2688.0
5305,2002,2817.0
5305,2003,3109.0
5305,1992,1561.0
5305,1978,709.0
5305,1977,615.0
5305,1976,554.0
5304,2004,4499.0
5502,1981,7.0
5304,2005,4622.0
5304,2006,5025.0
5304,2007,5418.0
5304,2008,5750.0
5304,2009,6164.0
5304,2010,6674.0
5304,2011,7331.0
5304,2012,7244.0
5304,2013,7568.0
5305,1961,130.0
5305,1962,143.0
5305,1963,147.0
5305,1964,157.0
5305,1965,167.0
5305,1966,182.0
5305,1967,197.0
5305,1968,215.0
5305,1970,259.0
5305,1971,289.0
5305,1972,336.0
5305,1973,354.0
5305,1974,410.0
5305,1975,472.0
5305,2004,3175.0
5400,2009,16002.0
5305,2005,3502.0
5305,2007,3866.0
5400,1984,9460.0
5400,1985,9798.0
5400,1986,10254.0
5400,1987,10732.0
5400,1988,10975.0
5400,1989,10971.0
5400,1990,11523.0
5400,1991,11167.0
5400,1992,10453.0
5400,1993,10203.0
5400,1994,10651.0
5400,1983,9348.0
5400,1995,10866.0
5400,1997,11372.0
5400,1998,11663.0
5400,1999,10958.0
5400,2000,11593.0
5400,2001,12995.0
5400,2002,13534.0
5400,2003,13307.0
5400,2004,13896.0
5400,2005,14125.0
5400,2006,14114.0
5400,2007,14886.0
5400,1996,11079.0
5400,1982,9355.0
5400,1981,9180.0
5400,1980,8761.0
5305,2008,4025.0
5305,2009,4539.0
5305,2010,4749.0
5305,2011,5008.0
5305,2012,5141.0
5305,2013,5307.0
5400,1961,2983.0
5400,1962,3193.0
5400,1963,3330.0
5400,1964,3423.0
5400,1965,3700.0
5400,1966,3840.0
5400,1967,4040.0
5400,1968,4246.0
5400,1969,4601.0
5400,1970,5228.0
5400,1971,5526.0
5400,1972,5938.0
5400,1973,6372.0
5400,1974,6610.0
5400,1975,6831.0
5400,1976,7048.0
5400,1977,7605.0
5400,1978,8042.0
5400,1979,8483.0
5305,2006,3400.0
5403,1964,782.0
5305,1969,239.0
5403,1966,1041.0
5500,2005,958.0
5500,2006,975.0
5500,2007,1024.0
5500,2008,1000.0
5500,2009,1023.0
5500,2010,1093.0
5500,2011,1249.0
5500,2012,1284.0
5500,2013,1296.0
5501,1961,57.0
5501,1962,58.0
5500,2004,885.0
5501,1963,58.0
5501,1965,81.0
5501,1966,79.0
5501,1967,98.0
5501,1968,112.0
5501,1969,120.0
5501,1970,137.0
5501,1971,167.0
5501,1972,179.0
5501,1973,177.0
5501,1974,217.0
5501,1975,211.0
5501,1964,67.0
5500,2003,876.0
5500,2002,834.0
5500,2001,772.0
5500,1976,233.0
5500,1977,249.0
5500,1978,284.0
5500,1979,307.0
5500,1980,347.0
5500,1981,344.0
5500,1982,329.0
5500,1983,356.0
5500,1984,350.0
5500,1985,404.0
5500,1986,415.0
5500,1987,440.0
5500,1988,452.0
5500,1989,467.0
5500,1990,487.0
5500,1991,493.0
5500,1992,531.0
5500,1993,556.0
5500,1994,577.0
5500,1995,590.0
5500,1996,607.0
5500,1997,690.0
5500,1998,738.0
5500,1999,714.0
5500,2000,760.0
5501,1976,226.0
5500,1975,217.0
5501,1977,240.0
5501,1979,297.0
5501,2009,975.0
5501,2010,1039.0
5501,2011,1185.0
5501,2012,1214.0
5501,2013,1234.0
5502,1961,1.0
5502,1962,1.0
5502,1963,1.0
5502,1964,1.0
5502,1965,1.0
5502,1966,1.0
5501,2008,950.0
5502,1967,1.0
5502,1970,3.0
5502,1971,3.0
5502,1972,4.0
5502,1973,4.0
5502,1974,5.0
5502,1975,5.0
5502,1976,5.0
5502,1977,5.0
5502,1979,6.0
5403,1965,911.0
5502,1978,5.0
5502,1968,2.0
5501,2007,975.0
5501,2006,930.0
5501,2005,912.0
5501,1980,336.0
5501,1981,332.0
5501,1982,317.0
5501,1983,343.0
5501,1984,337.0
5501,1985,390.0
5501,1986,399.0
5501,1987,423.0
5501,1988,436.0
5501,1989,450.0
5501,1990,466.0
5501,1991,471.0
5501,1992,506.0
5501,1993,530.0
5501,1994,550.0
5501,1995,562.0
5501,1996,577.0
5501,1997,661.0
5501,1998,707.0
5501,1999,682.0
5501,2000,726.0
5501,2001,736.0
5501,2002,797.0
5501,2003,835.0
5501,2004,841.0
5501,1978,275.0
5500,1974,224.0
5502,1969,2.0
5500,1972,185.0
5403,1996,2700.0
5403,1997,2683.0
5403,1998,2830.0
5403,1999,2761.0
5403,2000,2773.0
5403,2001,2842.0
5403,2002,3013.0
5403,2003,2873.0
5403,2004,2811.0
5403,2005,2846.0
5403,2006,2640.0
5403,1995,2683.0
5403,2007,2934.0
5403,2009,3192.0
5403,2010,3142.0
5403,2011,3275.0
5403,2012,3393.0
5403,2013,3312.0
5404,1961,1023.0
5404,1962,1108.0
5404,1963,1117.0
5404,1964,1213.0
5404,1965,1249.0
5404,1966,1142.0
5403,2008,3011.0
5403,1994,2644.0
5403,1993,2583.0
5403,1992,2591.0
5403,1968,1117.0
5500,1973,184.0
5403,1969,1200.0
5403,1967,1087.0
5403,1970,1389.0
5403,1971,1431.0
5403,1972,1584.0
5403,1973,1755.0
5403,1975,1892.0
5403,1976,2042.0
5403,1977,2138.0
5403,1978,2217.0
5403,1979,2260.0
5403,1980,2338.0
5403,1981,2458.0
5403,1982,2442.0
5403,1983,2411.0
5403,1984,2374.0
5403,1985,2377.0
5403,1986,2400.0
5403,1987,2512.0
5403,1988,2582.0
5403,1989,2574.0
5403,1990,2613.0
5403,1991,2606.0
5404,1967,1198.0
5404,1968,1226.0
5403,1974,1826.0
5404,1970,1483.0
5404,2000,3263.0
5404,2001,3519.0
5404,2002,3346.0
5404,2003,3262.0
5404,2004,3554.0
5404,2005,3350.0
5404,2006,3142.0
5404,2007,3341.0
5404,2008,3761.0
5404,2009,3659.0
5404,2010,3626.0
5404,2011,3646.0
5404,2012,3850.0
5404,2013,3781.0
5500,1961,58.0
5500,1962,59.0
5500,1963,59.0
5500,1964,69.0
5500,1970,142.0
5500,1966,81.0
5500,1967,101.0
5500,1971,172.0
5500,1968,116.0
5404,1969,1377.0
5500,1969,124.0
5404,1999,3183.0
5404,1998,3422.0
5500,1965,83.0
5404,1996,3371.0
5404,1971,1542.0
5404,1997,3329.0
5404,1973,1762.0
5404,1974,1715.0
5404,1975,1757.0
5404,1977,1844.0
5404,1978,1941.0
5404,1979,1974.0
5404,1980,2010.0
5404,1981,2050.0
5404,1982,2195.0
5404,1983,2068.0
5404,1984,2141.0
5404,1976,1807.0
5404,1986,2280.0
5404,1995,3061.0
5404,1994,3047.0
5404,1993,2789.0
5404,1985,2182.0
5404,1992,2895.0
5404,1991,2787.0
5404,1990,2699.0
5404,1972,1631.0
5404,1988,2481.0
5404,1987,2418.0
5404,1989,2544.0
117,2013,788.0
117,2012,803.0
117,2011,796.0
117,2010,741.0
117,2009,674.0
117,2008,630.0
117,2007,630.0
117,2006,639.0
117,2005,595.0
117,1994,413.0
146,1992,41.0
117,2004,464.0
117,2003,523.0
117,2002,537.0
117,2000,495.0
117,1999,486.0
117,1998,396.0
117,1997,446.0
117,1996,472.0
117,1993,394.0
117,1995,438.0
117,1992,375.0
117,2001,515.0
146,2004,51.0
146,1994,24.0
183,1964,74.0
183,1963,69.0
183,1962,66.0
183,1961,63.0
146,2013,63.0
146,2012,57.0
146,2011,55.0
146,2010,56.0
146,2009,43.0
146,2008,53.0
146,1993,27.0
146,2007,45.0
146,2005,68.0
146,2003,42.0
146,2002,37.0
146,2001,36.0
146,2000,21.0
146,1999,18.0
146,1998,17.0
146,1997,15.0
146,1996,18.0
146,1995,25.0
146,2006,57.0
117,1991,332.0
117,1965,20.0
117,1989,244.0
174,2013,320.0
174,2012,313.0
174,2011,309.0
174,2010,313.0
174,2009,304.0
174,2008,294.0
174,2007,279.0
174,2006,247.0
174,2005,251.0
174,2004,241.0
117,1961,16.0
174,2003,225.0
174,2001,293.0
174,2000,274.0
174,1999,269.0
174,1998,278.0
174,1997,250.0
174,1996,228.0
183,1965,75.0
174,1995,208.0
174,1994,215.0
174,1993,191.0
174,2002,257.0
117,1962,16.0
117,1963,17.0
117,1964,18.0
117,1988,236.0
117,1987,223.0
117,1986,204.0
117,1985,130.0
117,1984,120.0
117,1983,122.0
117,1982,102.0
117,1981,93.0
117,1980,92.0
117,1979,92.0
117,1978,85.0
117,1977,76.0
117,1976,63.0
117,1975,58.0
117,1974,55.0
117,1973,54.0
117,1972,56.0
117,1971,51.0
117,1970,46.0
117,1969,43.0
117,1968,34.0
117,1967,25.0
117,1966,19.0
117,1990,271.0
183,1966,77.0
185,1999,980.0
183,1968,87.0
184,1969,1.0
184,1968,0.0
184,1967,0.0
184,1966,0.0
184,1965,0.0
184,1964,0.0
184,1963,0.0
184,1962,0.0
184,1961,0.0
185,2013,3928.0
184,1970,0.0
185,2012,3818.0
185,2010,3205.0
185,2009,3278.0
185,2008,3223.0
185,2007,3165.0
185,2006,2859.0
185,2005,2506.0
185,2004,2268.0
185,2003,2341.0
185,2002,2317.0
185,2001,2141.0
185,2011,3314.0
184,1971,0.0
184,1972,0.0
184,1973,1.0
184,1995,1.0
184,1994,1.0
174,1992,184.0
184,1993,2.0
184,1992,1.0
184,1991,1.0
184,1990,1.0
184,1989,1.0
184,1988,1.0
184,1987,1.0
184,1986,1.0
184,1985,1.0
184,1984,1.0
184,1983,1.0
184,1982,1.0
184,1981,1.0
184,1980,1.0
184,1979,1.0
184,1978,1.0
184,1977,1.0
184,1976,1.0
184,1975,1.0
184,1974,1.0
185,2000,1442.0
183,1967,82.0
185,1998,1513.0
185,1996,1437.0
183,1990,403.0
183,1989,253.0
183,1988,340.0
183,1987,392.0
183,1986,370.0
183,1985,403.0
183,1984,357.0
183,1983,371.0
183,1982,347.0
183,1981,340.0
183,1991,330.0
183,1980,319.0
183,1978,271.0
183,1977,251.0
183,1976,227.0
183,1975,244.0
183,1974,217.0
183,1973,186.0
183,1972,173.0
183,1971,132.0
183,1970,108.0
183,1969,102.0
183,1979,308.0
183,1992,292.0
183,1993,324.0
183,1994,268.0
185,1995,1717.0
185,1994,1599.0
185,1993,1455.0
185,1992,1484.0
183,2013,334.0
183,2012,370.0
183,2011,327.0
183,2010,372.0
183,2009,453.0
183,2008,402.0
183,2007,418.0
183,2006,412.0
183,2005,450.0
183,2004,418.0
183,2003,424.0
183,2002,426.0
183,2001,351.0
183,2000,288.0
183,1999,294.0
183,1998,314.0
183,1997,269.0
183,1996,295.0
183,1995,307.0
185,1997,1751.0
174,1991,144.0
171,1985,191.0
174,1989,139.0
171,1961,62.0
170,2013,356.0
170,2012,349.0
170,2011,341.0
170,2010,338.0
170,2009,323.0
170,2008,317.0
170,2007,313.0
170,2006,288.0
170,2005,264.0
171,1962,62.0
170,2004,235.0
170,2002,228.0
170,2001,212.0
170,2000,210.0
170,1999,204.0
170,1998,192.0
170,1997,263.0
170,1996,247.0
170,1995,244.0
170,1994,210.0
170,1993,180.0
170,2003,237.0
170,1992,190.0
171,1963,70.0
171,1965,82.0
171,1988,206.0
171,1987,210.0
171,1986,199.0
171,1984,185.0
171,1983,284.0
171,1982,297.0
171,1981,256.0
171,1980,226.0
171,1979,205.0
171,1978,134.0
171,1964,75.0
171,1977,135.0
171,1975,136.0
171,1974,126.0
171,1973,121.0
171,1972,112.0
171,1971,105.0
171,1970,96.0
171,1969,111.0
171,1968,123.0
171,1967,90.0
171,1966,91.0
171,1976,136.0
170,1991,174.0
170,1990,146.0
170,1989,121.0
170,1961,22.0
169,2013,43.0
169,2012,42.0
169,2011,41.0
169,2010,36.0
169,2009,37.0
169,2008,38.0
169,2007,31.0
169,2006,47.0
169,2005,43.0
170,1962,22.0
169,2004,43.0
169,2002,38.0
169,2001,38.0
169,2000,35.0
169,1999,42.0
169,1998,38.0
169,1997,37.0
169,1996,34.0
169,1995,34.0
184,1996,1.0
169,1994,31.0
169,2003,39.0
170,1963,24.0
170,1964,27.0
170,1965,38.0
170,1988,174.0
170,1987,168.0
170,1986,142.0
170,1985,119.0
170,1984,107.0
170,1983,121.0
170,1982,120.0
170,1981,107.0
170,1980,84.0
170,1979,116.0
170,1978,116.0
170,1977,140.0
170,1976,137.0
170,1975,127.0
170,1974,103.0
170,1973,83.0
170,1972,75.0
170,1971,62.0
170,1970,57.0
170,1969,50.0
170,1968,46.0
170,1967,43.0
170,1966,39.0
171,1989,221.0
171,1990,243.0
171,1991,288.0
171,1992,309.0
174,1961,14.0
173,2013,1048.0
173,2012,984.0
173,2011,857.0
173,2010,822.0
173,2009,819.0
173,2008,708.0
173,2007,755.0
173,2006,773.0
173,2005,780.0
174,1962,24.0
173,2004,739.0
173,2002,750.0
173,2001,653.0
173,2000,556.0
173,1999,539.0
173,1998,510.0
173,1997,481.0
173,1996,399.0
173,1995,396.0
173,1994,409.0
173,1993,359.0
173,2003,699.0
174,1963,31.0
174,1964,36.0
174,1965,38.0
174,1988,137.0
174,1987,132.0
174,1986,124.0
174,1985,106.0
174,1984,105.0
174,1983,131.0
174,1982,124.0
174,1981,131.0
174,1980,141.0
174,1979,110.0
174,1978,114.0
174,1977,130.0
174,1976,107.0
174,1975,92.0
174,1974,91.0
174,1973,75.0
174,1972,67.0
174,1971,60.0
174,1970,51.0
174,1969,47.0
174,1968,39.0
174,1967,38.0
174,1966,38.0
173,1992,346.0
174,1990,130.0
173,1991,313.0
173,1989,320.0
173,1961,50.0
171,2013,1171.0
171,2012,1124.0
171,2011,1059.0
171,2010,995.0
171,2009,917.0
171,2008,889.0
171,2007,817.0
171,2006,719.0
171,2005,699.0
173,1962,60.0
171,2004,709.0
171,2002,670.0
171,2001,627.0
171,2000,577.0
171,1999,551.0
171,1998,519.0
171,1997,523.0
171,1996,480.0
171,1995,423.0
171,1994,383.0
171,1993,366.0
171,2003,687.0
173,1963,60.0
173,1964,63.0
173,1965,68.0
173,1988,307.0
173,1987,307.0
173,1986,286.0
173,1985,262.0
173,1984,250.0
173,1983,192.0
173,1982,201.0
173,1981,419.0
173,1980,399.0
173,1979,380.0
173,1978,340.0
173,1977,296.0
173,1976,250.0
173,1975,213.0
173,1974,169.0
173,1973,157.0
173,1972,131.0
173,1971,106.0
173,1970,113.0
173,1969,106.0
173,1968,92.0
173,1967,86.0
173,1966,82.0
173,1990,290.0
184,1997,1.0
244,2012,13.0
184,1999,2.0
194,1968,12.0
194,1967,9.0
194,1966,7.0
194,1965,5.0
194,1964,4.0
194,1963,4.0
194,1962,3.0
194,1961,3.0
193,2013,2.0
193,2012,2.0
194,1969,13.0
193,2011,2.0
193,2009,1.0
193,2008,2.0
193,2007,1.0
193,2006,1.0
193,2005,1.0
193,2004,1.0
193,2003,1.0
193,2002,1.0
193,2001,1.0
193,2000,1.0
193,2010,2.0
193,1999,0.0
194,1970,14.0
194,1972,18.0
194,1994,431.0
194,1993,449.0
194,1992,473.0
194,1991,525.0
194,1990,475.0
194,1989,433.0
194,1988,456.0
194,1987,440.0
194,1986,402.0
194,1985,327.0
194,1971,15.0
194,1984,298.0
194,1982,297.0
194,1981,241.0
194,1980,235.0
194,1979,172.0
194,1978,138.0
194,1977,126.0
194,1976,92.0
194,1975,51.0
194,1974,30.0
194,1973,20.0
194,1983,352.0
193,1998,0.0
193,1997,0.0
193,1996,0.0
193,1968,0.0
193,1967,0.0
193,1966,0.0
193,1965,0.0
193,1964,0.0
193,1963,0.0
193,1962,0.0
193,1961,0.0
244,2013,12.0
244,2011,11.0
193,1969,0.0
244,2010,10.0
244,2008,7.0
244,2007,7.0
244,2006,5.0
244,2005,7.0
244,2004,5.0
244,2003,6.0
244,2002,4.0
244,2001,4.0
244,2000,4.0
244,1999,4.0
244,2009,8.0
193,1970,0.0
193,1971,0.0
193,1972,0.0
193,1995,0.0
193,1994,0.0
193,1993,0.0
193,1992,0.0
193,1991,0.0
193,1990,0.0
193,1989,0.0
193,1988,0.0
193,1987,0.0
193,1986,0.0
193,1985,0.0
193,1984,0.0
193,1983,0.0
193,1982,0.0
193,1981,0.0
193,1980,0.0
193,1979,0.0
193,1978,0.0
193,1977,0.0
193,1976,0.0
193,1975,0.0
193,1974,0.0
193,1973,0.0
194,1995,565.0
194,1996,548.0
194,1997,617.0
194,1998,688.0
272,2012,101.0
272,2011,106.0
272,2010,85.0
272,2009,81.0
272,2008,76.0
272,2007,69.0
272,2006,75.0
195,2013,65.0
195,2012,57.0
195,2011,56.0
272,2013,101.0
195,2010,46.0
195,2008,42.0
195,2007,37.0
195,2006,32.0
195,2005,41.0
195,2004,40.0
195,2003,37.0
195,2002,32.0
195,2001,28.0
195,2000,24.0
195,1999,22.0
195,2009,40.0
186,1992,111.0
186,1993,97.0
186,1994,93.0
169,1993,22.0
197,1971,3.0
197,1970,3.0
197,1969,3.0
197,1968,3.0
197,1967,3.0
197,1966,2.0
197,1965,2.0
197,1964,2.0
197,1963,2.0
197,1962,2.0
197,1961,2.0
186,2005,94.0
186,2004,91.0
186,2003,93.0
186,2002,100.0
186,2001,94.0
186,2000,95.0
186,1999,104.0
186,1998,111.0
186,1997,130.0
186,1996,117.0
186,1995,107.0
195,1998,20.0
244,1998,3.0
195,1997,19.0
195,1995,18.0
195,1967,4.0
195,1966,4.0
195,1965,3.0
195,1964,3.0
195,1963,3.0
195,1962,3.0
195,1961,1.0
194,2013,1414.0
194,2012,1232.0
194,2011,1230.0
195,1968,4.0
194,2010,1239.0
194,2008,1041.0
194,2007,1003.0
194,2006,951.0
194,2005,976.0
194,2004,835.0
194,2003,855.0
194,2002,792.0
194,2001,811.0
194,2000,791.0
194,1999,779.0
194,2009,1120.0
195,1969,5.0
195,1970,5.0
195,1971,5.0
195,1994,16.0
195,1993,16.0
195,1992,17.0
195,1991,18.0
195,1990,14.0
195,1989,14.0
195,1988,15.0
195,1987,14.0
195,1986,14.0
195,1985,11.0
195,1984,10.0
195,1983,9.0
195,1982,11.0
195,1981,10.0
195,1980,9.0
195,1979,9.0
195,1978,8.0
195,1977,9.0
195,1976,7.0
195,1975,6.0
195,1974,6.0
195,1973,6.0
195,1972,5.0
195,1996,16.0
184,1998,2.0
244,1997,1.0
244,1995,3.0
189,1968,1.0
189,1967,1.0
189,1966,1.0
189,1965,0.0
189,1964,0.0
189,1963,0.0
189,1962,0.0
189,1961,0.0
188,2013,3.0
188,2012,3.0
189,1969,1.0
188,2011,3.0
188,2009,2.0
188,2008,2.0
188,2007,2.0
188,2006,2.0
188,2005,2.0
188,2004,2.0
188,2003,2.0
188,2002,3.0
188,2001,2.0
188,2000,2.0
188,2010,3.0
188,1999,2.0
189,1970,1.0
189,1972,1.0
189,1994,9.0
189,1993,8.0
189,1992,7.0
189,1991,7.0
189,1990,6.0
189,1989,6.0
189,1988,5.0
189,1987,6.0
189,1986,6.0
189,1985,5.0
189,1971,1.0
189,1984,4.0
189,1982,4.0
189,1981,4.0
189,1980,3.0
189,1979,3.0
189,1978,3.0
189,1977,2.0
189,1976,2.0
189,1975,1.0
189,1974,1.0
189,1973,1.0
189,1983,4.0
188,1998,2.0
188,1997,2.0
188,1996,2.0
188,1968,0.0
188,1967,0.0
188,1966,0.0
188,1965,0.0
188,1964,0.0
188,1963,0.0
188,1962,0.0
188,1961,0.0
184,2013,16.0
184,2012,14.0
188,1969,0.0
184,2011,14.0
184,2009,2.0
184,2008,2.0
184,2007,2.0
184,2006,2.0
184,2005,2.0
184,2004,2.0
184,2003,2.0
184,2002,2.0
184,2001,2.0
184,2000,1.0
184,2010,14.0
188,1970,0.0
188,1971,0.0
188,1972,1.0
188,1995,2.0
188,1994,2.0
188,1993,2.0
188,1992,2.0
188,1991,2.0
188,1990,2.0
188,1989,1.0
188,1988,2.0
188,1987,1.0
188,1986,1.0
188,1985,1.0
188,1984,1.0
188,1983,1.0
188,1982,1.0
188,1981,1.0
188,1980,1.0
188,1979,1.0
188,1978,1.0
188,1977,1.0
188,1976,1.0
188,1975,1.0
188,1974,0.0
188,1973,1.0
189,1995,8.0
189,1996,8.0
189,1997,8.0
189,1998,8.0
244,1967,0.0
244,1966,0.0
244,1965,0.0
244,1964,0.0
244,1963,0.0
244,1962,0.0
244,1961,0.0
191,2013,8.0
191,2012,8.0
191,2011,8.0
244,1968,0.0
191,2010,7.0
191,2008,7.0
191,2007,7.0
191,2006,7.0
191,2005,6.0
191,2004,7.0
191,2003,6.0
191,2002,6.0
191,2001,5.0
191,2000,5.0
191,1999,5.0
191,2009,7.0
244,1969,0.0
244,1970,0.0
244,1971,0.0
244,1994,4.0
244,1993,4.0
244,1992,3.0
244,1991,3.0
244,1990,2.0
244,1989,2.0
244,1988,2.0
244,1987,2.0
244,1986,2.0
244,1985,1.0
244,1984,1.0
244,1983,1.0
244,1982,2.0
244,1981,1.0
244,1980,2.0
244,1979,1.0
244,1978,1.0
244,1977,1.0
244,1976,1.0
244,1975,0.0
244,1974,0.0
244,1973,0.0
244,1972,0.0
191,1998,5.0
244,1996,4.0
191,1997,5.0
191,1995,5.0
191,1967,0.0
191,1966,0.0
191,1965,0.0
191,1964,0.0
191,1963,0.0
191,1962,0.0
191,1961,0.0
189,2013,13.0
189,2012,12.0
189,2011,12.0
191,1968,0.0
189,2010,12.0
189,2008,10.0
189,2007,9.0
189,2006,10.0
189,2005,10.0
189,2004,10.0
189,2003,10.0
189,2002,10.0
189,2001,10.0
189,2000,10.0
189,1999,10.0
189,2009,11.0
191,1969,0.0
191,1970,1.0
191,1971,1.0
191,1994,4.0
191,1993,5.0
191,1992,4.0
191,1991,4.0
191,1990,4.0
191,1989,4.0
191,1988,3.0
191,1987,3.0
191,1986,4.0
191,1985,3.0
191,1984,2.0
191,1983,2.0
191,1982,2.0
191,1981,2.0
191,1980,2.0
191,1979,2.0
191,1978,1.0
191,1977,1.0
191,1976,1.0
191,1975,1.0
191,1974,1.0
191,1973,1.0
191,1972,1.0
191,1996,5.0
169,1992,20.0
153,1985,4.0
169,1990,25.0
150,1986,204.0
150,1985,187.0
150,1984,171.0
150,1983,140.0
150,1982,161.0
150,1981,123.0
150,1980,113.0
150,1979,114.0
150,1978,113.0
150,1977,101.0
150,1987,199.0
150,1976,113.0
150,1974,104.0
150,1973,123.0
150,1972,96.0
150,1971,91.0
150,1970,91.0
150,1969,74.0
150,1968,62.0
150,1967,76.0
150,1966,70.0
150,1965,46.0
150,1975,98.0
150,1964,54.0
150,1988,199.0
150,1990,276.0
150,2012,413.0
150,2011,206.0
150,2010,267.0
150,2009,372.0
150,2008,446.0
150,2007,237.0
150,2006,247.0
150,2005,337.0
150,2004,369.0
150,2003,174.0
150,1989,199.0
150,2002,195.0
150,2000,200.0
150,1999,224.0
150,1998,298.0
150,1997,295.0
150,1996,334.0
150,1995,287.0
150,1994,314.0
150,1993,286.0
150,1992,294.0
150,1991,266.0
150,2001,223.0
150,1963,35.0
150,1962,33.0
150,1961,22.0
149,1986,6.0
149,1985,5.0
149,1984,5.0
149,1983,5.0
149,1982,5.0
149,1981,5.0
149,1980,5.0
149,1979,5.0
149,1978,5.0
149,1977,5.0
149,1987,6.0
149,1976,5.0
149,1974,5.0
149,1973,5.0
149,1972,4.0
149,1971,4.0
149,1970,4.0
149,1969,4.0
149,1968,4.0
149,1967,4.0
149,1966,4.0
149,1965,4.0
149,1975,5.0
149,1988,6.0
149,1989,7.0
149,1990,9.0
149,2013,43.0
149,2012,41.0
149,2011,37.0
149,2010,17.0
149,2009,17.0
149,2008,17.0
149,2007,16.0
149,2006,16.0
149,2005,16.0
149,2004,16.0
149,2003,15.0
149,2002,14.0
149,2001,14.0
149,2000,13.0
149,1999,12.0
149,1998,12.0
149,1997,11.0
149,1996,10.0
149,1995,10.0
149,1994,10.0
149,1993,9.0
149,1992,9.0
149,1991,9.0
150,2013,401.0
151,1961,1.0
151,1962,1.0
151,1963,1.0
153,1988,4.0
153,1987,5.0
153,1986,4.0
197,1972,3.0
153,1984,3.0
153,1983,3.0
153,1982,3.0
153,1981,3.0
153,1980,3.0
153,1979,3.0
153,1989,4.0
153,1978,2.0
153,1976,2.0
153,1975,2.0
153,1974,2.0
153,1973,2.0
153,1972,2.0
153,1971,2.0
153,1970,2.0
153,1969,1.0
153,1968,1.0
153,1967,1.0
153,1977,3.0
153,1990,5.0
153,1991,5.0
153,1992,7.0
156,1962,8.0
156,1961,6.0
153,2013,11.0
153,2012,10.0
153,2011,11.0
153,2010,10.0
153,2009,11.0
153,2008,10.0
153,2007,10.0
153,2006,8.0
153,2005,9.0
153,2004,9.0
153,2003,9.0
153,2002,8.0
153,2001,7.0
153,2000,7.0
153,1999,8.0
153,1998,8.0
153,1997,7.0
153,1996,6.0
153,1995,7.0
153,1994,7.0
153,1993,6.0
153,1966,1.0
149,1964,4.0
153,1965,1.0
153,1963,0.0
151,1985,4.0
151,1984,6.0
151,1983,6.0
151,1982,5.0
151,1981,6.0
151,1980,5.0
151,1979,5.0
151,1978,5.0
151,1977,4.0
151,1976,4.0
151,1986,4.0
151,1975,3.0
151,1973,3.0
151,1972,3.0
151,1971,3.0
151,1970,3.0
151,1969,2.0
151,1968,2.0
151,1967,2.0
151,1966,2.0
151,1965,2.0
151,1964,2.0
151,1974,3.0
151,1987,5.0
151,1988,4.0
151,1989,5.0
153,1962,0.0
153,1961,0.0
151,2010,14.0
151,2009,13.0
151,2008,12.0
151,2007,11.0
151,2006,11.0
151,2005,12.0
151,2004,11.0
151,2003,11.0
151,2002,11.0
151,2001,11.0
151,2000,12.0
151,1999,11.0
151,1998,10.0
151,1997,8.0
151,1996,8.0
151,1995,7.0
151,1994,6.0
151,1993,6.0
151,1992,5.0
151,1991,5.0
151,1990,5.0
153,1964,0.0
156,1963,7.0
149,1963,4.0
149,1961,4.0
144,1987,25.0
144,1986,24.0
144,1985,24.0
144,1984,23.0
144,1983,22.0
144,1982,22.0
144,1981,20.0
144,1980,20.0
144,1979,19.0
144,1978,17.0
144,1988,26.0
144,1977,16.0
144,1975,15.0
144,1974,15.0
144,1973,16.0
144,1972,16.0
144,1971,16.0
144,1970,15.0
144,1969,12.0
144,1968,11.0
144,1967,10.0
144,1966,8.0
144,1976,15.0
144,1965,5.0
144,1989,27.0
144,1991,28.0
144,2013,36.0
144,2012,33.0
144,2011,43.0
144,2010,42.0
144,2009,45.0
144,2008,36.0
144,2007,34.0
144,2006,36.0
144,2005,34.0
144,2004,30.0
144,1990,28.0
144,2003,28.0
144,2001,36.0
144,2000,36.0
144,1999,34.0
144,1998,37.0
144,1997,34.0
144,1996,32.0
144,1995,31.0
144,1994,32.0
144,1993,29.0
144,1992,29.0
144,2002,43.0
144,1964,5.0
144,1963,5.0
144,1962,4.0
143,1987,129.0
143,1986,100.0
143,1985,80.0
143,1984,64.0
143,1983,59.0
143,1982,54.0
143,1981,52.0
143,1980,54.0
143,1979,58.0
143,1978,58.0
143,1988,125.0
143,1977,55.0
143,1975,43.0
143,1974,36.0
143,1973,35.0
143,1972,38.0
143,1971,31.0
143,1970,31.0
143,1969,29.0
143,1968,29.0
143,1967,28.0
143,1966,28.0
143,1976,46.0
143,1989,138.0
143,1990,164.0
143,1991,161.0
144,1961,4.0
143,2013,686.0
143,2012,671.0
143,2011,668.0
143,2010,619.0
143,2009,546.0
143,2008,490.0
143,2007,422.0
143,2006,402.0
143,2005,390.0
143,2004,344.0
143,2003,339.0
143,2002,300.0
143,2001,275.0
143,2000,269.0
143,1999,279.0
143,1998,250.0
143,1997,249.0
143,1996,249.0
143,1995,198.0
143,1994,177.0
143,1993,158.0
143,1992,169.0
28,1961,20.0
28,1962,21.0
28,1963,23.0
28,1964,23.0
147,1986,2.0
147,1985,2.0
147,1984,2.0
147,1983,2.0
147,1982,2.0
147,1981,2.0
147,1980,1.0
147,1979,1.0
147,1978,1.0
147,1977,1.0
147,1987,2.0
147,1976,1.0
147,1974,1.0
147,1973,1.0
147,1972,1.0
147,1971,1.0
147,1970,1.0
147,1969,1.0
147,1968,1.0
147,1967,1.0
147,1966,1.0
147,1965,1.0
147,1975,1.0
147,1988,2.0
147,1989,2.0
147,1990,8.0
147,2013,28.0
147,2012,33.0
147,2011,22.0
147,2010,16.0
147,2009,16.0
147,2008,32.0
147,2007,22.0
147,2006,20.0
147,2005,21.0
147,2004,19.0
147,2003,21.0
147,2002,15.0
147,2001,20.0
147,2000,15.0
147,1999,14.0
147,1998,12.0
147,1997,16.0
147,1996,5.0
147,1995,5.0
147,1994,6.0
147,1993,5.0
147,1992,10.0
147,1991,9.0
147,1964,0.0
149,1962,4.0
147,1963,0.0
147,1961,0.0
28,1986,108.0
28,1985,107.0
28,1984,101.0
28,1983,95.0
28,1982,89.0
28,1981,78.0
28,1980,66.0
28,1979,59.0
28,1978,53.0
28,1977,51.0
28,1987,116.0
28,1976,51.0
28,1974,45.0
28,1973,49.0
28,1972,48.0
28,1971,48.0
28,1970,47.0
28,1969,41.0
28,1968,38.0
28,1967,38.0
28,1966,33.0
28,1965,26.0
28,1975,48.0
28,1988,124.0
28,1989,81.0
28,1990,78.0
28,2013,1165.0
28,2012,1161.0
28,2011,1159.0
28,2010,1093.0
28,2009,993.0
28,2008,860.0
28,2007,784.0
28,2006,702.0
28,2005,607.0
28,2004,506.0
28,2003,413.0
28,2002,328.0
28,2001,283.0
28,2000,242.0
28,1999,175.0
28,1998,150.0
28,1997,140.0
28,1996,128.0
28,1995,114.0
28,1994,97.0
28,1993,93.0
28,1992,89.0
28,1991,81.0
147,1962,0.0
169,1991,19.0
156,1964,8.0
156,1966,10.0
165,1963,11.0
165,1962,10.0
165,1961,10.0
221,2013,114.0
221,2012,105.0
221,2011,89.0
221,2010,83.0
221,2009,81.0
221,2008,73.0
221,2007,64.0
165,1964,11.0
221,2006,54.0
221,2004,57.0
221,2003,68.0
221,2002,72.0
221,2001,56.0
221,2000,29.0
221,1999,48.0
221,1998,46.0
221,1997,42.0
221,1996,45.0
221,1995,43.0
221,2005,53.0
221,1994,40.0
165,1965,12.0
165,1967,13.0
165,1989,176.0
165,1988,157.0
165,1987,136.0
165,1986,128.0
165,1985,104.0
165,1984,86.0
165,1983,76.0
165,1982,58.0
165,1981,54.0
165,1980,47.0
165,1966,12.0
165,1979,40.0
165,1977,30.0
165,1976,26.0
165,1975,23.0
165,1974,20.0
165,1973,16.0
165,1972,15.0
165,1971,14.0
165,1970,14.0
165,1969,14.0
165,1968,14.0
165,1978,34.0
221,1993,38.0
221,1992,34.0
221,1991,31.0
162,1987,16.0
162,1986,15.0
162,1985,13.0
162,1984,11.0
162,1983,11.0
162,1982,10.0
162,1981,12.0
162,1980,13.0
162,1979,11.0
162,1978,11.0
162,1988,18.0
162,1977,10.0
162,1975,9.0
162,1974,10.0
162,1973,8.0
162,1972,8.0
162,1971,7.0
162,1970,6.0
162,1969,6.0
162,1968,5.0
162,1967,4.0
162,1966,4.0
162,1976,8.0
162,1989,20.0
162,1990,20.0
162,1991,21.0
221,1990,28.0
162,2013,106.0
162,2012,94.0
162,2011,85.0
162,2010,84.0
162,2009,82.0
162,2008,84.0
162,2007,70.0
162,2006,63.0
162,2005,57.0
162,2004,54.0
162,2003,49.0
162,2002,49.0
162,2001,45.0
162,2000,45.0
162,1999,39.0
162,1998,34.0
162,1997,33.0
162,1996,33.0
162,1995,30.0
162,1994,26.0
162,1993,23.0
162,1992,23.0
165,1990,161.0
165,1991,155.0
165,1992,173.0
165,1993,269.0
169,1962,6.0
169,1961,6.0
166,2013,119.0
166,2012,117.0
166,2011,110.0
166,2010,106.0
166,2009,104.0
166,2008,102.0
166,2007,101.0
166,2006,99.0
169,1963,6.0
166,2005,96.0
166,2003,87.0
166,2002,90.0
166,2001,89.0
166,2000,82.0
166,1999,73.0
166,1998,80.0
166,1997,63.0
166,1996,53.0
166,1995,58.0
166,1994,41.0
166,2004,88.0
169,1964,6.0
169,1965,7.0
169,1966,7.0
169,1989,25.0
169,1988,24.0
169,1987,23.0
169,1986,21.0
169,1985,17.0
169,1984,16.0
169,1983,16.0
169,1982,16.0
169,1981,15.0
169,1980,15.0
169,1979,14.0
169,1978,13.0
169,1977,12.0
169,1976,11.0
169,1975,11.0
169,1974,10.0
169,1973,10.0
169,1972,8.0
169,1971,7.0
169,1970,7.0
169,1969,7.0
169,1968,7.0
169,1967,7.0
166,1993,43.0
162,1965,3.0
166,1992,34.0
166,1990,25.0
166,1962,4.0
166,1961,4.0
165,2013,912.0
165,2012,838.0
165,2011,771.0
165,2010,712.0
165,2009,657.0
165,2008,606.0
165,2007,559.0
165,2006,517.0
166,1963,4.0
165,2005,389.0
165,2003,377.0
165,2002,360.0
165,2001,344.0
165,2000,332.0
165,1999,315.0
165,1998,289.0
165,1997,392.0
165,1996,360.0
165,1995,313.0
165,1994,300.0
165,2004,383.0
166,1964,4.0
166,1965,5.0
166,1966,5.0
166,1989,24.0
166,1988,22.0
166,1987,28.0
166,1986,25.0
166,1985,24.0
166,1984,25.0
166,1983,22.0
166,1982,20.0
166,1981,22.0
166,1980,19.0
166,1979,12.0
166,1978,12.0
166,1977,10.0
166,1976,11.0
166,1975,9.0
166,1974,9.0
166,1973,8.0
166,1972,8.0
166,1971,9.0
166,1970,7.0
166,1969,6.0
166,1968,5.0
166,1967,5.0
166,1991,36.0
156,1965,9.0
162,1964,3.0
162,1962,3.0
157,1988,11.0
157,1987,11.0
157,1986,10.0
157,1985,10.0
157,1984,7.0
157,1983,11.0
157,1982,11.0
157,1981,11.0
157,1980,10.0
157,1979,7.0
157,1989,7.0
157,1978,9.0
157,1976,12.0
157,1975,10.0
157,1974,9.0
157,1973,7.0
157,1972,6.0
157,1971,5.0
157,1970,4.0
157,1969,4.0
157,1968,4.0
157,1967,4.0
157,1977,11.0
157,1966,4.0
157,1990,7.0
157,1992,22.0
158,1961,4.0
157,2013,130.0
157,2012,94.0
157,2011,105.0
157,2010,105.0
157,2009,92.0
157,2008,93.0
157,2007,91.0
157,2006,85.0
157,2005,72.0
157,1991,16.0
157,2004,68.0
157,2002,57.0
157,2001,57.0
157,2000,49.0
157,1999,38.0
157,1998,34.0
157,1997,31.0
157,1996,30.0
157,1995,30.0
157,1994,27.0
157,1993,24.0
157,2003,63.0
157,1965,4.0
157,1964,3.0
157,1963,3.0
156,1988,52.0
156,1987,47.0
156,1986,44.0
156,1985,46.0
156,1984,40.0
156,1983,32.0
156,1982,35.0
156,1981,38.0
156,1980,30.0
156,1979,33.0
156,1989,57.0
156,1978,35.0
156,1976,27.0
156,1975,26.0
156,1974,28.0
156,1973,20.0
156,1972,18.0
156,1971,18.0
156,1970,14.0
156,1969,12.0
156,1968,10.0
156,1967,10.0
156,1977,26.0
156,1990,56.0
156,1991,58.0
156,1992,68.0
157,1962,2.0
157,1961,2.0
156,2013,158.0
156,2012,163.0
156,2011,156.0
156,2010,140.0
156,2009,132.0
156,2008,143.0
156,2007,145.0
156,2006,146.0
156,2005,154.0
156,2004,146.0
156,2003,144.0
156,2002,133.0
156,2001,120.0
156,2000,103.0
156,1999,95.0
156,1998,96.0
156,1997,88.0
156,1996,86.0
156,1995,88.0
156,1994,73.0
156,1993,73.0
158,1962,4.0
158,1963,4.0
158,1964,4.0
158,1965,5.0
159,1987,152.0
159,1986,141.0
159,1985,137.0
159,1984,136.0
159,1983,147.0
159,1982,137.0
159,1981,143.0
159,1980,133.0
159,1979,127.0
159,1978,124.0
159,1988,160.0
159,1977,110.0
159,1975,82.0
159,1974,69.0
159,1973,66.0
159,1972,63.0
159,1971,60.0
159,1970,57.0
159,1969,54.0
159,1968,46.0
159,1967,43.0
159,1966,42.0
159,1976,86.0
159,1989,169.0
159,1990,174.0
159,1991,165.0
162,1961,2.0
159,2013,301.0
159,2012,291.0
159,2011,301.0
159,2010,331.0
159,2009,306.0
159,2008,261.0
159,2007,246.0
159,2006,232.0
159,2005,219.0
159,2004,211.0
159,2003,202.0
159,2002,194.0
159,2001,184.0
159,2000,160.0
159,1999,172.0
159,1998,172.0
159,1997,171.0
159,1996,170.0
159,1995,169.0
159,1994,168.0
159,1993,165.0
159,1992,162.0
159,1965,40.0
162,1963,3.0
159,1964,38.0
159,1962,33.0
158,1987,9.0
158,1986,9.0
158,1985,9.0
158,1984,9.0
158,1983,8.0
158,1982,9.0
158,1981,9.0
158,1980,8.0
158,1979,8.0
158,1978,8.0
158,1988,9.0
158,1977,7.0
158,1975,7.0
158,1974,7.0
158,1973,6.0
158,1972,6.0
158,1971,6.0
158,1970,6.0
158,1969,6.0
158,1968,6.0
158,1967,6.0
158,1966,5.0
158,1976,7.0
158,1989,9.0
158,1990,9.0
158,1991,9.0
159,1961,30.0
158,2013,19.0
158,2012,18.0
158,2011,17.0
158,2010,17.0
158,2009,16.0
158,2008,11.0
158,2007,11.0
158,2006,11.0
158,2005,12.0
158,2004,12.0
158,2003,11.0
158,2002,11.0
158,2001,11.0
158,2000,11.0
158,1999,11.0
158,1998,11.0
158,1997,11.0
158,1996,10.0
158,1995,10.0
158,1994,10.0
158,1993,10.0
158,1992,10.0
159,1963,35.0
197,1973,3.0
210,1961,20.0
197,1975,4.0
215,1968,9.0
215,1967,9.0
215,1966,8.0
215,1965,8.0
215,1964,7.0
215,1963,7.0
215,1962,7.0
215,1961,7.0
229,2013,2000.0
229,2012,1998.0
215,1969,11.0
229,2011,1931.0
229,2009,1795.0
229,2008,1734.0
229,2007,1776.0
229,2006,1870.0
229,2005,1864.0
229,2004,1865.0
229,2003,1783.0
229,2002,1735.0
229,2001,1730.0
229,2000,1686.0
229,2010,1884.0
229,1999,1658.0
215,1970,11.0
215,1972,14.0
215,1994,31.0
215,1993,35.0
215,1992,30.0
215,1991,29.0
215,1990,25.0
215,1989,24.0
215,1988,22.0
215,1987,20.0
215,1986,19.0
215,1985,18.0
215,1971,13.0
215,1984,18.0
215,1982,18.0
215,1981,18.0
215,1980,17.0
215,1979,18.0
215,1978,18.0
215,1977,17.0
215,1976,16.0
215,1975,16.0
215,1974,15.0
215,1973,14.0
215,1983,18.0
229,1998,1671.0
229,1997,1516.0
229,1996,1533.0
229,1968,543.0
229,1967,480.0
229,1966,440.0
229,1965,397.0
229,1964,374.0
229,1963,342.0
229,1962,344.0
229,1961,334.0
225,2013,384.0
225,2012,389.0
229,1969,563.0
225,2011,355.0
225,2009,333.0
225,2008,299.0
225,2007,256.0
225,2006,213.0
225,2005,192.0
225,2004,176.0
225,2003,198.0
225,2002,160.0
225,2001,156.0
225,2000,135.0
225,2010,320.0
229,1970,587.0
229,1971,602.0
229,1972,674.0
229,1995,1475.0
229,1994,1456.0
229,1993,1374.0
229,1992,1342.0
229,1991,1104.0
229,1990,1074.0
229,1989,1004.0
229,1988,1075.0
229,1987,1023.0
229,1986,998.0
229,1985,912.0
229,1984,842.0
229,1983,822.0
229,1982,823.0
229,1981,760.0
229,1980,768.0
229,1979,761.0
229,1978,716.0
229,1977,699.0
229,1976,691.0
229,1975,638.0
229,1974,661.0
229,1973,679.0
215,1995,35.0
225,1999,141.0
215,1996,33.0
215,1998,39.0
234,1967,8.0
234,1966,8.0
234,1965,8.0
234,1964,8.0
234,1963,8.0
234,1962,8.0
234,1961,8.0
231,2013,16006.0
231,2012,15722.0
231,2011,16199.0
234,1968,9.0
231,2010,15907.0
231,2008,15828.0
231,2007,15999.0
231,2006,15940.0
231,2005,15690.0
231,2004,15326.0
231,2003,14541.0
231,2002,14314.0
231,2001,13678.0
231,2000,13483.0
231,1999,13453.0
231,2009,15088.0
231,1998,12599.0
234,1969,11.0
234,1971,15.0
234,1993,32.0
234,1992,26.0
234,1991,25.0
234,1990,23.0
234,1989,23.0
234,1988,22.0
234,1987,19.0
234,1986,18.0
234,1985,17.0
234,1984,17.0
234,1970,12.0
234,1983,17.0
234,1981,12.0
234,1980,13.0
234,1979,14.0
234,1978,14.0
234,1977,15.0
234,1976,15.0
234,1975,15.0
234,1974,17.0
234,1973,20.0
234,1972,17.0
234,1982,17.0
231,1997,12369.0
231,1996,12120.0
231,1995,11672.0
231,1967,4071.0
231,1966,3881.0
231,1965,3611.0
231,1964,3363.0
231,1963,3236.0
231,1962,3132.0
231,1961,3111.0
215,2013,90.0
215,2012,87.0
215,2011,96.0
231,1968,4074.0
215,2010,82.0
215,2008,79.0
215,2007,79.0
215,2006,71.0
215,2005,71.0
215,2004,65.0
215,2003,63.0
215,2002,57.0
215,2001,51.0
215,2000,43.0
215,1999,41.0
215,2009,79.0
231,1969,4286.0
231,1970,4500.0
231,1971,4583.0
231,1994,11639.0
231,1993,11304.0
231,1992,11041.0
231,1991,10548.0
231,1990,10035.0
231,1989,9445.0
231,1988,8922.0
231,1987,8528.0
231,1986,7833.0
231,1985,7405.0
231,1984,7082.0
231,1983,6818.0
231,1982,6592.0
231,1981,6408.0
231,1980,6072.0
231,1979,5907.0
231,1978,5437.0
231,1977,5176.0
231,1976,5055.0
231,1975,4643.0
231,1974,4712.0
231,1973,4655.0
231,1972,4821.0
215,1997,36.0
225,1998,134.0
225,1997,109.0
225,1996,120.0
223,2013,1407.0
223,2012,1431.0
223,2011,1390.0
223,2010,1317.0
223,2009,1194.0
223,2008,1022.0
223,2007,1031.0
223,2006,894.0
223,2005,907.0
223,2004,864.0
213,1992,7.0
143,1965,27.0
223,2001,610.0
223,2000,659.0
223,1999,605.0
223,1998,497.0
223,1997,476.0
223,1996,427.0
223,1995,501.0
223,1994,477.0
223,1993,459.0
223,1992,440.0
223,2002,691.0
223,1991,414.0
213,1993,6.0
213,1995,5.0
226,1964,12.0
226,1963,11.0
226,1962,11.0
226,1961,11.0
213,2013,20.0
213,2012,20.0
213,2011,20.0
213,2010,21.0
213,2009,24.0
213,2008,25.0
213,1994,18.0
213,2007,19.0
213,2005,15.0
213,2004,15.0
213,2003,15.0
213,2002,16.0
213,2001,8.0
213,2000,10.0
213,1999,6.0
213,1998,5.0
213,1997,2.0
213,1996,3.0
213,2006,15.0
223,1990,415.0
223,1989,389.0
223,1988,378.0
222,2013,203.0
222,2012,190.0
222,2011,147.0
222,2010,161.0
222,2009,144.0
222,2008,142.0
222,2007,137.0
222,2006,106.0
222,2005,119.0
222,2004,125.0
223,1961,65.0
222,2003,119.0
222,2001,121.0
222,2000,116.0
222,1999,105.0
222,1998,96.0
222,1997,85.0
222,1996,73.0
222,1995,71.0
222,1994,70.0
222,1993,69.0
222,1992,65.0
222,2002,121.0
223,1962,66.0
223,1963,66.0
223,1964,67.0
223,1987,345.0
223,1986,311.0
223,1985,280.0
223,1984,280.0
223,1983,245.0
223,1982,291.0
223,1981,283.0
223,1980,250.0
223,1979,214.0
223,1978,207.0
223,1977,185.0
223,1976,194.0
223,1975,182.0
223,1974,156.0
223,1973,137.0
223,1972,128.0
223,1971,113.0
223,1970,104.0
223,1969,95.0
223,1968,86.0
223,1967,78.0
223,1966,73.0
223,1965,71.0
226,1965,12.0
226,1966,12.0
226,1967,13.0
226,1968,13.0
225,1968,0.0
225,1967,0.0
225,1966,0.0
225,1965,0.0
225,1964,0.0
225,1963,0.0
225,1962,0.0
225,1961,0.0
230,2013,1096.0
230,2012,1111.0
225,1969,0.0
230,2011,1008.0
230,2009,1069.0
230,2008,1048.0
230,2007,827.0
230,2006,743.0
230,2005,634.0
230,2004,659.0
230,2003,416.0
230,2002,365.0
230,2001,303.0
230,2000,215.0
230,2010,1059.0
225,1970,0.0
225,1971,1.0
225,1972,1.0
225,1995,103.0
225,1994,80.0
225,1993,66.0
225,1992,54.0
225,1991,71.0
225,1990,70.0
225,1989,54.0
225,1988,48.0
225,1987,55.0
225,1986,51.0
225,1985,50.0
225,1984,41.0
225,1983,49.0
225,1982,51.0
225,1981,42.0
225,1980,44.0
225,1979,39.0
225,1978,27.0
225,1977,20.0
225,1976,22.0
225,1975,12.0
225,1974,8.0
225,1973,4.0
230,1999,288.0
234,1994,33.0
230,1998,246.0
230,1996,309.0
226,1990,30.0
226,1989,28.0
226,1988,27.0
226,1987,25.0
226,1986,29.0
226,1985,26.0
226,1984,24.0
226,1983,24.0
226,1982,23.0
226,1981,21.0
226,1991,31.0
226,1980,20.0
226,1978,20.0
226,1977,22.0
226,1976,18.0
226,1975,16.0
226,1974,16.0
226,1973,16.0
226,1972,15.0
226,1971,15.0
226,1970,14.0
226,1969,14.0
226,1979,20.0
226,1992,33.0
226,1993,35.0
226,1994,36.0
230,1995,235.0
230,1994,265.0
230,1993,364.0
230,1992,499.0
226,2013,57.0
226,2012,68.0
226,2011,63.0
226,2010,62.0
226,2009,52.0
226,2008,45.0
226,2007,44.0
226,2006,37.0
226,2005,53.0
226,2004,51.0
226,2003,59.0
226,2002,54.0
226,2001,49.0
226,2000,44.0
226,1999,37.0
226,1998,36.0
226,1997,36.0
226,1996,36.0
226,1995,36.0
230,1997,236.0
234,1995,37.0
234,1996,38.0
234,1997,40.0
248,1965,78.0
248,1964,70.0
248,1963,64.0
248,1962,63.0
248,1961,64.0
249,2013,262.0
249,2012,266.0
249,2011,232.0
249,2010,249.0
249,2009,249.0
248,1966,88.0
249,2008,209.0
249,2006,192.0
249,2005,215.0
249,2004,201.0
249,2003,209.0
249,2002,164.0
249,2001,141.0
249,2000,127.0
249,1999,98.0
249,1998,93.0
249,1997,79.0
249,2007,225.0
249,1996,77.0
248,1967,93.0
248,1969,119.0
248,1991,228.0
248,1990,286.0
248,1989,270.0
248,1988,310.0
248,1987,319.0
248,1986,304.0
248,1985,256.0
248,1984,268.0
248,1983,242.0
248,1982,247.0
248,1968,105.0
248,1981,270.0
248,1979,261.0
248,1978,250.0
248,1977,225.0
248,1976,202.0
248,1975,184.0
248,1974,181.0
248,1973,167.0
248,1972,145.0
248,1971,148.0
248,1970,142.0
248,1980,263.0
249,1995,65.0
249,1994,80.0
249,1993,82.0
249,1965,2.0
249,1964,2.0
249,1963,1.0
249,1962,2.0
249,1961,1.0
237,2013,1133.0
237,2012,1126.0
237,2011,1401.0
237,2010,1038.0
237,2009,877.0
249,1966,2.0
237,2008,765.0
237,2006,457.0
237,2005,399.0
237,2004,424.0
237,2003,457.0
237,2002,430.0
237,2001,385.0
237,2000,365.0
237,1999,325.0
237,1998,300.0
237,1997,285.0
237,2007,589.0
249,1967,2.0
249,1968,1.0
249,1969,2.0
249,1992,55.0
249,1991,48.0
249,1990,48.0
249,1989,68.0
249,1988,89.0
249,1987,62.0
249,1986,79.0
249,1985,80.0
249,1984,77.0
249,1983,45.0
249,1982,58.0
249,1981,67.0
249,1980,41.0
249,1979,58.0
249,1978,40.0
249,1977,17.0
249,1976,2.0
249,1975,2.0
249,1974,2.0
249,1973,2.0
249,1972,2.0
249,1971,2.0
249,1970,2.0
251,1961,4.0
251,1962,4.0
251,1963,4.0
251,1964,5.0
181,1986,9.0
181,1985,9.0
181,1984,9.0
181,1983,10.0
181,1982,9.0
181,1981,8.0
181,1980,8.0
181,1979,7.0
181,1978,7.0
181,1977,7.0
181,1987,12.0
181,1976,6.0
181,1974,6.0
181,1973,6.0
181,1972,5.0
181,1971,5.0
181,1970,5.0
181,1969,5.0
181,1968,4.0
181,1967,4.0
181,1966,4.0
181,1965,4.0
181,1975,6.0
181,1988,14.0
181,1989,16.0
181,1990,17.0
181,2013,70.0
181,2012,92.0
181,2011,89.0
181,2010,79.0
181,2009,78.0
181,2008,62.0
181,2007,57.0
181,2006,54.0
181,2005,51.0
181,2004,46.0
181,2003,40.0
181,2002,33.0
181,2001,38.0
181,2000,24.0
181,1999,23.0
181,1998,23.0
181,1997,22.0
181,1996,21.0
181,1995,18.0
181,1994,16.0
181,1993,17.0
181,1992,17.0
181,1991,17.0
181,1964,4.0
237,1996,197.0
181,1963,4.0
181,1961,4.0
251,1986,16.0
251,1985,16.0
251,1984,14.0
251,1983,17.0
251,1982,19.0
251,1981,19.0
251,1980,24.0
251,1979,22.0
251,1978,22.0
251,1977,23.0
251,1987,16.0
251,1976,25.0
251,1974,16.0
251,1973,13.0
251,1972,14.0
251,1971,9.0
251,1970,10.0
251,1969,9.0
251,1968,7.0
251,1967,7.0
251,1966,7.0
251,1965,5.0
251,1975,21.0
251,1988,18.0
251,1989,18.0
251,1990,19.0
251,2013,48.0
251,2012,46.0
251,2011,44.0
251,2010,43.0
251,2009,40.0
251,2008,39.0
251,2007,37.0
251,2006,37.0
251,2005,39.0
251,2004,39.0
251,2003,39.0
251,2002,38.0
251,2001,37.0
251,2000,35.0
251,1999,34.0
251,1998,32.0
251,1997,30.0
251,1996,28.0
251,1995,25.0
251,1994,24.0
251,1993,25.0
251,1992,23.0
251,1991,21.0
181,1962,4.0
222,1991,53.0
237,1995,175.0
237,1993,168.0
155,1966,0.0
155,1965,0.0
155,1964,0.0
155,1963,0.0
155,1962,0.0
155,1961,0.0
235,2013,54.0
235,2012,45.0
235,2011,43.0
235,2010,32.0
155,1967,0.0
235,2009,28.0
235,2007,28.0
235,2006,32.0
235,2005,28.0
235,2004,24.0
235,2003,24.0
235,2002,17.0
235,2001,16.0
235,2000,25.0
235,1999,31.0
235,1998,32.0
235,2008,28.0
235,1997,33.0
155,1968,0.0
155,1970,0.0
155,1992,1.0
155,1991,1.0
155,1990,1.0
155,1989,1.0
155,1988,1.0
155,1987,1.0
155,1986,1.0
155,1985,1.0
155,1984,1.0
155,1983,0.0
155,1969,0.0
155,1982,1.0
155,1980,1.0
155,1979,0.0
155,1978,0.0
155,1977,0.0
155,1976,0.0
155,1975,0.0
155,1974,0.0
155,1973,0.0
155,1972,0.0
155,1971,0.0
155,1981,0.0
235,1996,33.0
235,1995,57.0
235,1994,50.0
228,1966,758.0
228,1965,713.0
228,1964,622.0
228,1963,808.0
228,1962,827.0
228,1961,817.0
234,2013,94.0
234,2012,75.0
234,2011,71.0
234,2010,59.0
228,1967,792.0
234,2009,63.0
234,2007,47.0
234,2006,57.0
234,2005,50.0
234,2004,40.0
234,2003,30.0
234,2002,43.0
234,2001,53.0
234,2000,55.0
234,1999,57.0
234,1998,49.0
234,2008,67.0
228,1968,844.0
228,1969,891.0
228,1970,1132.0
235,1993,38.0
235,1992,68.0
228,1991,3253.0
228,1990,3561.0
228,1989,3436.0
228,1988,3414.0
228,1987,3296.0
228,1986,3163.0
228,1985,2957.0
228,1984,2800.0
228,1983,2802.0
228,1982,2685.0
228,1981,2508.0
228,1980,2295.0
228,1979,2174.0
228,1978,1953.0
228,1977,1808.0
228,1976,1472.0
228,1975,1573.0
228,1974,1496.0
228,1973,1338.0
228,1972,1282.0
228,1971,1270.0
155,1993,1.0
155,1994,1.0
155,1995,1.0
155,1996,1.0
237,1965,71.0
237,1964,65.0
237,1963,73.0
237,1962,60.0
237,1961,56.0
236,2013,1194.0
236,2012,1154.0
236,2011,1333.0
236,2010,1279.0
236,2009,1155.0
237,1966,69.0
236,2008,1159.0
236,2006,859.0
236,2005,844.0
236,2004,780.0
236,2003,703.0
236,2002,893.0
236,2001,877.0
236,2000,694.0
236,1999,635.0
236,1998,521.0
236,1997,471.0
236,2007,940.0
237,1967,70.0
237,1968,72.0
237,1969,69.0
237,1992,176.0
237,1991,165.0
237,1990,170.0
237,1989,166.0
237,1988,161.0
237,1987,166.0
237,1986,133.0
237,1985,146.0
237,1984,157.0
237,1983,151.0
237,1982,124.0
237,1981,115.0
237,1980,96.0
237,1979,84.0
237,1978,77.0
237,1977,75.0
237,1976,77.0
237,1975,71.0
237,1974,88.0
237,1973,88.0
237,1972,87.0
237,1971,73.0
237,1970,70.0
236,1996,466.0
237,1994,170.0
236,1995,438.0
236,1993,385.0
236,1965,61.0
236,1964,60.0
236,1963,49.0
236,1962,44.0
236,1961,41.0
155,2013,3.0
155,2012,3.0
155,2011,3.0
155,2010,3.0
155,2009,2.0
236,1966,66.0
155,2008,2.0
155,2006,2.0
155,2005,1.0
155,2004,1.0
155,2003,1.0
155,2002,1.0
155,2001,1.0
155,2000,1.0
155,1999,1.0
155,1998,1.0
155,1997,1.0
155,2007,2.0
236,1967,74.0
236,1968,80.0
236,1969,85.0
236,1992,356.0
236,1991,315.0
236,1990,247.0
236,1989,273.0
236,1988,395.0
236,1987,358.0
236,1986,338.0
236,1985,352.0
236,1984,362.0
236,1983,320.0
236,1982,344.0
236,1981,313.0
236,1980,263.0
236,1979,234.0
236,1978,231.0
236,1977,196.0
236,1976,182.0
236,1975,164.0
236,1974,148.0
236,1973,132.0
236,1972,116.0
236,1971,100.0
236,1970,93.0
236,1994,388.0
222,1990,52.0
222,1989,54.0
222,1988,48.0
38,2006,80.0
38,2005,99.0
38,2004,97.0
38,2003,90.0
38,2002,87.0
38,2001,83.0
38,2000,65.0
38,1999,59.0
38,1998,60.0
38,1997,59.0
38,2007,104.0
38,1996,57.0
38,1994,50.0
38,1993,39.0
38,1992,29.0
38,1991,25.0
38,1990,23.0
38,1989,24.0
38,1988,22.0
38,1987,19.0
38,1986,16.0
38,1985,19.0
38,1995,55.0
38,1984,21.0
38,2008,105.0
38,2010,101.0
206,1977,14.0
206,1976,14.0
206,1975,14.0
206,1974,13.0
206,1973,13.0
206,1972,13.0
206,1971,13.0
206,1970,13.0
206,1969,12.0
206,1968,12.0
38,2009,100.0
206,1967,12.0
206,1965,13.0
206,1964,12.0
206,1963,10.0
206,1962,8.0
206,1961,8.0
276,2013,48.0
276,2012,47.0
38,2013,105.0
38,2012,103.0
38,2011,103.0
206,1966,12.0
38,1983,20.0
38,1982,20.0
38,1981,19.0
203,2006,1198.0
203,2005,1219.0
203,2004,1181.0
203,2003,1274.0
203,2002,1268.0
203,2001,1079.0
203,2000,1026.0
203,1999,1045.0
203,1998,1107.0
203,1997,955.0
203,2007,1291.0
203,1996,955.0
203,1994,963.0
203,1993,922.0
203,1992,936.0
203,1991,950.0
203,1990,909.0
203,1989,897.0
203,1988,885.0
203,1987,840.0
203,1986,791.0
203,1985,839.0
203,1995,990.0
203,2008,1230.0
203,2009,1356.0
203,2010,1281.0
38,1980,19.0
38,1979,18.0
38,1978,14.0
38,1977,16.0
38,1976,16.0
38,1975,16.0
38,1974,17.0
38,1973,17.0
38,1972,16.0
38,1971,16.0
38,1970,14.0
38,1969,13.0
38,1968,13.0
38,1967,12.0
38,1966,12.0
38,1965,11.0
38,1964,11.0
38,1963,11.0
38,1962,6.0
38,1961,6.0
203,2013,1343.0
203,2012,1403.0
203,2011,1378.0
206,1978,14.0
206,1979,15.0
206,1980,16.0
206,1981,19.0
207,2005,14.0
207,2004,14.0
207,2003,14.0
207,2002,14.0
207,2001,14.0
207,2000,13.0
207,1999,14.0
207,1998,12.0
207,1997,11.0
207,1996,10.0
207,2006,15.0
207,1995,9.0
207,1993,8.0
207,1992,9.0
207,1991,10.0
207,1990,12.0
207,1989,11.0
207,1988,10.0
207,1987,10.0
207,1986,10.0
207,1985,10.0
207,1984,9.0
207,1994,6.0
207,2007,16.0
207,2008,17.0
207,2009,17.0
209,1979,1.0
209,1978,1.0
209,1977,1.0
209,1976,1.0
209,1975,1.0
209,1974,1.0
209,1973,0.0
209,1972,0.0
209,1971,0.0
209,1970,0.0
209,1969,0.0
209,1968,0.0
209,1967,0.0
209,1966,0.0
209,1965,0.0
209,1964,0.0
209,1963,0.0
209,1962,0.0
209,1961,0.0
207,2013,19.0
207,2012,20.0
207,2011,19.0
207,2010,20.0
207,1983,9.0
203,1984,806.0
207,1982,9.0
207,1980,9.0
206,2003,29.0
206,2002,27.0
206,2001,27.0
206,2000,26.0
206,1999,26.0
206,1998,25.0
206,1997,25.0
206,1996,27.0
206,1995,25.0
206,1994,24.0
206,2004,37.0
206,1993,24.0
206,1991,22.0
206,1990,22.0
206,1989,21.0
206,1988,20.0
206,1987,21.0
206,1986,20.0
206,1985,20.0
206,1984,19.0
206,1983,19.0
206,1982,19.0
206,1992,23.0
206,2005,31.0
206,2006,25.0
206,2007,27.0
207,1979,9.0
207,1978,8.0
207,1977,7.0
207,1976,6.0
207,1975,7.0
207,1974,6.0
207,1973,6.0
207,1972,5.0
207,1971,5.0
207,1970,5.0
207,1969,5.0
207,1968,5.0
207,1967,4.0
207,1966,4.0
207,1965,4.0
207,1964,4.0
207,1963,4.0
207,1962,4.0
207,1961,4.0
206,2011,44.0
206,2010,40.0
206,2009,29.0
206,2008,28.0
207,1981,8.0
209,1980,1.0
203,1983,823.0
203,1981,890.0
198,2007,40.0
198,2006,41.0
198,2005,46.0
198,2004,41.0
198,2003,46.0
198,2002,45.0
198,2001,48.0
198,2000,57.0
198,1999,49.0
198,1998,50.0
198,2008,50.0
198,1997,57.0
198,1995,46.0
198,1994,33.0
198,1993,33.0
198,1992,14.0
199,2013,82.0
199,2012,66.0
199,2011,89.0
199,2010,87.0
199,2009,95.0
199,2008,98.0
198,1996,53.0
199,2007,98.0
198,2009,54.0
198,2011,49.0
25,1980,0.0
25,1979,0.0
25,1978,0.0
25,1977,0.0
25,1976,0.0
25,1975,0.0
25,1974,0.0
25,1973,0.0
25,1972,0.0
25,1971,0.0
198,2010,51.0
25,1970,0.0
25,1968,0.0
25,1967,0.0
25,1966,0.0
25,1965,0.0
25,1964,0.0
25,1963,0.0
25,1962,0.0
25,1961,0.0
198,2013,49.0
198,2012,51.0
25,1969,0.0
199,2006,107.0
199,2005,108.0
199,2004,98.0
197,1997,9.0
197,1996,9.0
197,1995,9.0
197,1994,9.0
197,1993,9.0
197,1992,9.0
197,1991,9.0
197,1990,9.0
197,1989,8.0
197,1988,8.0
197,1998,9.0
197,1987,8.0
197,1985,6.0
197,1984,6.0
197,1983,6.0
197,1982,6.0
197,1981,6.0
197,1980,6.0
197,1979,5.0
197,1978,5.0
197,1977,4.0
197,1976,4.0
197,1986,7.0
197,1999,9.0
197,2000,7.0
197,2001,2.0
199,2003,101.0
199,2002,98.0
199,2001,67.0
199,2000,68.0
199,1999,62.0
199,1998,43.0
199,1997,45.0
199,1996,52.0
199,1995,32.0
199,1994,36.0
199,1993,37.0
197,2013,30.0
197,2012,35.0
197,2011,24.0
197,2010,21.0
197,2009,17.0
197,2008,15.0
197,2007,12.0
197,2006,8.0
197,2005,7.0
197,2004,8.0
197,2003,9.0
197,2002,12.0
25,1981,0.0
25,1982,0.0
25,1983,0.0
25,1984,0.0
202,2006,1238.0
202,2005,1137.0
202,2004,1057.0
202,2003,1027.0
202,2002,997.0
202,2001,958.0
202,2000,904.0
202,1999,804.0
202,1998,731.0
202,1997,785.0
202,2007,1379.0
202,1996,715.0
202,1994,619.0
202,1993,547.0
202,1992,535.0
202,1991,525.0
202,1990,556.0
202,1989,385.0
202,1988,378.0
202,1987,365.0
202,1986,342.0
202,1985,320.0
202,1995,676.0
202,2008,1533.0
202,2009,1591.0
202,2010,1708.0
203,1980,772.0
203,1979,762.0
203,1978,764.0
203,1977,737.0
203,1976,700.0
203,1975,636.0
203,1974,615.0
203,1973,601.0
203,1972,562.0
203,1971,481.0
203,1970,498.0
203,1969,388.0
203,1968,356.0
203,1967,357.0
203,1966,311.0
203,1965,238.0
203,1964,214.0
203,1963,188.0
203,1962,110.0
203,1961,82.0
202,2013,1983.0
202,2012,1859.0
202,2011,1807.0
202,1984,298.0
203,1982,861.0
202,1983,286.0
202,1981,239.0
25,2006,1.0
25,2005,0.0
25,2004,0.0
25,2003,0.0
25,2002,0.0
25,2001,0.0
25,2000,0.0
25,1999,0.0
25,1998,0.0
25,1997,0.0
25,2007,1.0
25,1996,0.0
25,1994,0.0
25,1993,0.0
25,1992,0.0
25,1991,0.0
25,1990,0.0
25,1989,0.0
25,1988,0.0
25,1987,0.0
25,1986,0.0
25,1985,0.0
25,1995,0.0
25,2008,1.0
25,2009,1.0
25,2010,1.0
202,1980,226.0
202,1979,201.0
202,1978,202.0
202,1977,191.0
202,1976,197.0
202,1975,173.0
202,1974,150.0
202,1973,155.0
202,1972,129.0
202,1971,111.0
202,1970,107.0
202,1969,101.0
202,1968,91.0
202,1967,80.0
202,1966,69.0
202,1965,59.0
202,1964,52.0
202,1963,45.0
202,1962,40.0
202,1961,34.0
25,2013,2.0
25,2012,1.0
25,2011,3.0
202,1982,260.0
197,1974,3.0
209,1981,1.0
209,1983,1.0
217,1961,1.0
176,2013,6.0
176,2012,5.0
176,2011,5.0
176,2010,5.0
176,2009,5.0
176,2008,5.0
176,2007,5.0
176,2006,5.0
176,2005,5.0
217,1962,1.0
176,2004,5.0
176,2002,5.0
176,2001,5.0
176,2000,5.0
176,1999,5.0
176,1998,5.0
176,1997,5.0
176,1996,5.0
176,1995,5.0
176,1994,4.0
176,1993,5.0
176,2003,5.0
176,1992,4.0
217,1963,1.0
217,1965,1.0
217,1987,11.0
217,1986,9.0
217,1985,5.0
217,1984,7.0
217,1983,7.0
217,1982,8.0
217,1981,6.0
217,1980,5.0
217,1979,4.0
217,1978,4.0
217,1964,1.0
217,1977,4.0
217,1975,3.0
217,1974,2.0
217,1973,2.0
217,1972,2.0
217,1971,2.0
217,1970,2.0
217,1969,2.0
217,1968,2.0
217,1967,2.0
217,1966,2.0
217,1976,2.0
176,1991,4.0
176,1990,4.0
176,1989,4.0
176,1961,3.0
154,2013,40.0
154,2012,39.0
154,2011,36.0
154,2010,37.0
154,2009,36.0
154,2008,33.0
154,2007,40.0
154,2006,27.0
154,2005,29.0
176,1962,3.0
154,2004,33.0
154,2002,27.0
154,2001,25.0
154,2000,25.0
154,1999,26.0
154,1998,19.0
154,1997,16.0
154,1996,22.0
154,1995,21.0
154,1994,24.0
154,1993,16.0
154,2003,28.0
176,1963,3.0
176,1964,3.0
176,1965,3.0
176,1988,4.0
176,1987,4.0
176,1986,4.0
176,1985,4.0
176,1984,4.0
176,1983,4.0
176,1982,3.0
176,1981,3.0
176,1980,3.0
176,1979,3.0
176,1978,3.0
176,1977,3.0
176,1976,3.0
176,1975,3.0
176,1974,3.0
176,1973,3.0
176,1972,3.0
176,1971,3.0
176,1970,3.0
176,1969,3.0
176,1968,3.0
176,1967,3.0
176,1966,3.0
217,1988,14.0
217,1989,13.0
217,1990,8.0
217,1991,8.0
220,2013,78.0
220,2012,73.0
220,2011,72.0
220,2010,70.0
220,2009,62.0
220,2008,58.0
220,2007,56.0
220,2006,51.0
220,2005,54.0
220,2004,54.0
222,1961,8.0
220,2003,52.0
220,2001,42.0
220,2000,36.0
220,1999,31.0
220,1998,29.0
220,1997,29.0
220,1996,32.0
220,1995,32.0
220,1994,27.0
220,1993,31.0
220,1992,26.0
220,2002,50.0
222,1962,8.0
222,1963,8.0
222,1964,8.0
222,1987,44.0
222,1986,46.0
222,1985,42.0
222,1984,41.0
222,1983,38.0
222,1982,50.0
222,1981,41.0
222,1980,40.0
222,1979,38.0
222,1978,35.0
222,1977,30.0
222,1976,24.0
222,1975,20.0
222,1974,20.0
222,1973,20.0
222,1972,17.0
222,1971,15.0
222,1970,13.0
222,1969,12.0
222,1968,11.0
222,1967,10.0
222,1966,9.0
222,1965,9.0
220,1991,27.0
154,1992,11.0
220,1990,26.0
220,1988,22.0
217,2013,45.0
217,2012,45.0
217,2011,41.0
217,2010,38.0
217,2009,35.0
217,2008,33.0
217,2007,25.0
217,2006,23.0
217,2005,22.0
217,2004,22.0
220,1961,9.0
217,2003,24.0
217,2001,20.0
217,2000,20.0
217,1999,12.0
217,1998,13.0
217,1997,13.0
217,1996,12.0
217,1995,10.0
217,1994,10.0
217,1993,9.0
217,1992,9.0
217,2002,21.0
220,1962,10.0
220,1963,10.0
220,1964,11.0
220,1987,25.0
220,1986,25.0
220,1985,28.0
220,1984,28.0
220,1983,30.0
220,1982,31.0
220,1981,23.0
220,1980,23.0
220,1979,23.0
220,1978,26.0
220,1977,24.0
220,1976,20.0
220,1975,22.0
220,1974,16.0
220,1973,15.0
220,1972,15.0
220,1971,15.0
220,1970,16.0
220,1969,13.0
220,1968,14.0
220,1967,13.0
220,1966,12.0
220,1965,11.0
220,1989,25.0
209,1982,1.0
216,2013,917.0
216,2011,815.0
210,2006,127.0
210,2005,126.0
210,2004,116.0
210,2003,113.0
210,2002,118.0
210,2001,100.0
210,2000,90.0
210,1999,101.0
210,1998,75.0
210,1997,79.0
210,2007,135.0
210,1996,80.0
210,1994,75.0
210,1993,67.0
210,1992,63.0
210,1991,58.0
210,1990,52.0
210,1989,43.0
210,1988,44.0
210,1987,44.0
210,1986,44.0
210,1985,45.0
210,1995,72.0
210,1984,43.0
210,2008,149.0
210,2010,149.0
211,1979,48.0
211,1978,44.0
211,1977,44.0
211,1976,45.0
211,1975,41.0
211,1974,45.0
211,1973,49.0
211,1972,45.0
211,1971,41.0
211,1970,41.0
210,2009,143.0
211,1969,40.0
211,1967,36.0
211,1966,36.0
211,1965,33.0
211,1964,33.0
211,1963,31.0
211,1962,27.0
211,1961,24.0
210,2013,159.0
210,2012,148.0
210,2011,149.0
211,1968,37.0
210,1983,46.0
210,1982,44.0
210,1981,45.0
209,2005,10.0
209,2004,11.0
209,2003,13.0
209,2002,6.0
209,2001,7.0
209,2000,4.0
209,1999,7.0
209,1998,5.0
209,1997,6.0
209,1996,1.0
209,2006,6.0
209,1995,1.0
209,1993,1.0
209,1992,1.0
209,1991,1.0
209,1990,1.0
209,1989,1.0
209,1988,1.0
209,1987,1.0
209,1986,1.0
209,1985,1.0
209,1984,1.0
209,1994,1.0
209,2007,6.0
209,2008,6.0
209,2009,6.0
210,1980,43.0
210,1979,41.0
210,1978,41.0
210,1977,35.0
210,1976,40.0
210,1975,39.0
210,1974,39.0
210,1973,34.0
210,1972,32.0
210,1971,27.0
210,1970,26.0
210,1969,26.0
210,1968,30.0
210,1967,28.0
210,1966,22.0
210,1965,22.0
210,1964,21.0
210,1963,21.0
210,1962,18.0
209,2013,8.0
209,2012,6.0
209,2011,6.0
209,2010,6.0
211,1980,51.0
211,1981,52.0
211,1982,51.0
211,1983,53.0
216,1983,421.0
216,1982,371.0
216,1981,362.0
216,1980,327.0
216,1979,352.0
216,1978,349.0
216,1977,307.0
216,1976,276.0
216,1975,287.0
216,1974,258.0
216,1984,393.0
216,1973,277.0
216,1971,206.0
216,1970,211.0
216,1969,190.0
216,1968,173.0
216,1967,157.0
216,1966,143.0
216,1965,129.0
216,1964,118.0
216,1963,107.0
216,1962,96.0
216,1972,213.0
216,1985,420.0
216,1986,429.0
216,1987,444.0
216,2010,811.0
216,2009,789.0
216,2008,784.0
216,2007,818.0
216,2006,821.0
216,2005,789.0
216,2004,712.0
216,2003,788.0
216,2002,761.0
216,2001,765.0
216,2000,778.0
216,1999,851.0
216,1998,906.0
216,1997,840.0
216,1996,853.0
216,1995,806.0
216,1994,804.0
216,1993,864.0
216,1992,834.0
216,1991,686.0
216,1990,513.0
216,1989,501.0
216,1988,474.0
216,1961,92.0
216,2012,825.0
208,2013,21.0
208,2011,26.0
211,2005,105.0
211,2004,107.0
211,2003,104.0
211,2002,100.0
211,2001,97.0
211,2000,92.0
211,1999,87.0
211,1998,88.0
211,1997,87.0
211,1996,86.0
211,2006,97.0
211,1995,79.0
211,1993,75.0
211,1992,76.0
211,1991,78.0
211,1990,74.0
211,1989,77.0
211,1988,76.0
211,1987,68.0
211,1986,63.0
211,1985,59.0
211,1984,57.0
211,1994,80.0
211,2007,113.0
211,2008,121.0
211,2009,123.0
208,2010,25.0
208,2009,29.0
208,2008,26.0
208,2007,21.0
208,2006,4.0
208,2005,10.0
208,2004,6.0
208,2003,4.0
208,2002,1.0
208,2001,0.0
208,2000,1.0
208,1999,0.0
208,1998,0.0
208,1997,0.0
208,1996,0.0
208,1995,1.0
208,1994,1.0
208,1993,2.0
208,1992,5.0
211,2013,132.0
211,2012,130.0
211,2011,129.0
211,2010,124.0
208,2012,27.0
223,2003,861.0
2,1961,6.0
143,1962,25.0
41,2009,16311.0
41,2010,16610.0
41,2011,16956.0
41,2012,17999.0
41,2013,18284.0
214,1961,49.0
214,1962,49.0
41,2008,15793.0
214,1963,50.0
214,1965,60.0
214,1966,64.0
214,1967,70.0
214,1968,78.0
214,1969,82.0
214,1970,84.0
214,1971,91.0
214,1964,52.0
214,1972,113.0
41,2007,14813.0
41,2005,13312.0
41,1989,2827.0
41,1990,3180.0
41,1991,3928.0
41,1992,4480.0
41,1993,5721.0
41,1994,6439.0
41,1995,7962.0
41,2006,13739.0
41,1996,7992.0
41,1998,10263.0
41,1999,11343.0
41,2000,12209.0
41,2001,11902.0
41,2002,12013.0
41,2003,12556.0
41,2004,12393.0
41,1997,9243.0
214,1973,113.0
214,1974,122.0
214,1975,133.0
214,1997,738.0
214,1998,732.0
214,1999,757.0
214,2000,752.0
214,2001,712.0
214,2002,723.0
214,2003,730.0
214,1996,666.0
214,2004,757.0
214,2006,767.0
214,2007,758.0
214,2008,804.0
214,2009,887.0
214,2010,757.0
214,2011,788.0
214,2012,759.0
214,2005,737.0
214,1995,604.0
214,1994,598.0
214,1993,578.0
214,1976,146.0
214,1977,192.0
214,1978,222.0
214,1979,229.0
214,1980,249.0
214,1981,276.0
214,1982,293.0
214,1983,352.0
214,1984,350.0
214,1985,344.0
214,1986,349.0
214,1987,399.0
214,1988,420.0
214,1989,458.0
214,1990,470.0
214,1991,475.0
214,1992,524.0
41,1988,2734.0
214,2013,750.0
41,1987,2182.0
41,1985,1582.0
128,1981,6.0
128,1982,7.0
128,1983,7.0
128,1984,6.0
128,1985,10.0
128,1986,7.0
128,1987,7.0
128,1980,6.0
128,1988,7.0
128,1990,8.0
128,1991,9.0
128,1992,10.0
128,1993,10.0
128,1994,10.0
128,1995,10.0
128,1996,10.0
128,1989,8.0
128,1997,9.0
128,1979,5.0
128,1977,3.0
128,1961,2.0
128,1962,2.0
128,1963,2.0
128,1964,2.0
128,1965,3.0
128,1966,3.0
128,1967,2.0
128,1978,4.0
128,1968,2.0
128,1970,2.0
128,1971,3.0
128,1972,3.0
128,1973,3.0
128,1974,3.0
128,1975,2.0
128,1976,3.0
128,1969,2.0
128,1998,8.0
128,1999,9.0
128,2000,10.0
41,1969,824.0
41,1970,842.0
41,1971,879.0
41,1972,924.0
41,1973,961.0
41,1974,1018.0
41,1975,1039.0
41,1968,788.0
41,1976,1115.0
41,1978,1223.0
41,1979,1263.0
41,1980,1312.0
41,1981,1345.0
41,1982,1405.0
41,1983,1450.0
41,1984,1497.0
41,1977,1173.0
41,1967,769.0
41,1966,739.0
41,1965,719.0
128,2001,10.0
128,2002,11.0
128,2003,11.0
128,2004,11.0
128,2005,13.0
128,2006,14.0
128,2007,14.0
128,2008,17.0
128,2009,17.0
128,2010,19.0
128,2011,20.0
128,2012,20.0
128,2013,21.0
41,1961,619.0
41,1962,646.0
41,1963,670.0
41,1964,690.0
41,1986,1851.0
96,2013,395.0
44,1961,30.0
44,1963,39.0
46,2012,42.0
46,2013,58.0
48,1961,2.0
48,1962,2.0
48,1963,2.0
48,1964,2.0
48,1965,2.0
46,2011,94.0
48,1966,2.0
48,1968,3.0
48,1969,3.0
48,1970,3.0
48,1971,3.0
48,1972,3.0
48,1973,3.0
48,1974,3.0
48,1967,3.0
48,1975,3.0
46,2010,49.0
46,2008,34.0
46,1992,19.0
46,1993,19.0
46,1994,12.0
46,1995,14.0
46,1996,19.0
46,1997,12.0
46,1998,17.0
46,2009,39.0
46,1999,13.0
46,2001,14.0
46,2002,16.0
46,2003,42.0
46,2004,33.0
46,2005,18.0
46,2006,30.0
46,2007,35.0
46,2000,16.0
48,1976,5.0
48,1977,5.0
48,1978,6.0
48,2000,71.0
48,2001,75.0
48,2002,78.0
48,2003,74.0
48,2004,84.0
48,2005,88.0
48,2006,99.0
48,1999,72.0
48,2007,109.0
48,2009,111.0
48,2010,105.0
48,2011,100.0
48,2012,111.0
48,2013,119.0
107,1961,4.0
107,1962,5.0
48,2008,107.0
48,1998,64.0
48,1997,62.0
48,1996,65.0
48,1979,8.0
48,1980,10.0
48,1981,11.0
48,1982,12.0
48,1983,18.0
48,1984,17.0
48,1985,20.0
48,1986,19.0
48,1987,20.0
48,1988,28.0
48,1989,40.0
48,1990,43.0
48,1991,47.0
48,1992,50.0
48,1993,52.0
48,1994,53.0
48,1995,59.0
46,1991,15.0
44,1962,33.0
46,1990,11.0
46,1988,11.0
44,1984,138.0
44,1985,152.0
44,1986,187.0
44,1987,215.0
44,1988,278.0
44,1989,281.0
44,1990,299.0
44,1983,127.0
44,1991,388.0
44,1993,456.0
44,1994,509.0
44,1995,570.0
44,1996,489.0
44,1997,459.0
44,1998,531.0
44,1999,522.0
44,1992,416.0
44,2000,537.0
44,1982,125.0
44,1980,109.0
44,1964,40.0
44,1965,42.0
44,1966,40.0
44,1967,41.0
44,1968,43.0
44,1969,45.0
44,1970,46.0
44,1981,110.0
44,1971,44.0
44,1973,49.0
44,1974,62.0
44,1975,63.0
44,1976,70.0
44,1977,79.0
44,1978,89.0
44,1979,103.0
44,1972,46.0
44,2001,633.0
44,2002,684.0
44,2003,708.0
46,1972,1.0
46,1973,1.0
46,1974,1.0
46,1975,2.0
46,1976,3.0
46,1977,3.0
46,1978,3.0
46,1971,1.0
46,1979,3.0
46,1981,5.0
46,1982,5.0
46,1983,6.0
46,1984,5.0
46,1985,5.0
46,1986,5.0
46,1987,6.0
46,1980,4.0
46,1970,1.0
46,1969,1.0
46,1968,1.0
44,2004,728.0
44,2005,793.0
44,2006,885.0
44,2007,964.0
44,2008,1050.0
44,2009,1061.0
44,2010,1115.0
44,2011,1126.0
44,2012,1169.0
44,2013,1332.0
46,1961,1.0
46,1962,1.0
46,1963,1.0
46,1964,1.0
46,1965,1.0
46,1966,1.0
46,1967,1.0
46,1989,11.0
96,2012,425.0
96,2011,476.0
96,2010,454.0
33,2002,1148.0
33,2003,1145.0
33,2004,1168.0
33,2005,1183.0
33,2006,1199.0
33,2007,1236.0
33,2008,1254.0
33,2001,1137.0
33,2009,1233.0
33,2011,1278.0
33,2012,1279.0
33,2013,1290.0
37,1961,1.0
37,1962,1.0
37,1963,1.0
37,1964,1.0
33,2010,1253.0
37,1965,1.0
33,2000,1103.0
33,1998,1004.0
33,1982,549.0
33,1983,558.0
33,1984,583.0
33,1985,629.0
33,1986,645.0
33,1987,686.0
33,1988,724.0
33,1999,1059.0
33,1989,732.0
33,1991,777.0
33,1992,791.0
33,1993,830.0
33,1994,898.0
33,1995,891.0
33,1996,911.0
33,1997,952.0
33,1990,769.0
37,1966,1.0
37,1967,1.0
37,1968,1.0
37,1990,3.0
37,1991,3.0
37,1992,3.0
37,1993,3.0
37,1994,3.0
37,1995,3.0
37,1996,3.0
37,1989,2.0
37,1997,3.0
37,1999,3.0
37,2000,3.0
37,2001,3.0
37,2002,4.0
37,2003,4.0
37,2004,4.0
37,2005,4.0
37,1998,3.0
37,1988,2.0
37,1987,2.0
37,1986,2.0
37,1969,1.0
37,1970,1.0
37,1971,1.0
37,1972,1.0
37,1973,1.0
37,1974,1.0
37,1975,1.0
37,1976,1.0
37,1977,1.0
37,1978,1.0
37,1979,1.0
37,1980,2.0
37,1981,2.0
37,1982,2.0
37,1983,2.0
37,1984,2.0
37,1985,2.0
33,1981,542.0
37,2006,4.0
33,1980,541.0
33,1978,492.0
32,1974,9.0
32,1975,8.0
32,1976,9.0
32,1977,9.0
32,1978,9.0
32,1979,10.0
32,1980,8.0
32,1973,8.0
32,1981,7.0
32,1983,10.0
32,1984,15.0
32,1985,15.0
32,1986,19.0
32,1987,20.0
32,1988,16.0
32,1989,16.0
32,1982,7.0
32,1990,17.0
32,1972,8.0
32,1970,8.0
115,2007,26.0
115,2008,28.0
115,2009,33.0
115,2010,28.0
115,2011,28.0
115,2012,29.0
115,2013,28.0
32,1971,8.0
32,1961,3.0
32,1963,3.0
32,1964,5.0
32,1965,5.0
32,1966,6.0
32,1967,7.0
32,1968,7.0
32,1969,8.0
32,1962,3.0
32,1991,18.0
32,1992,19.0
32,1993,19.0
33,1962,259.0
33,1963,283.0
33,1964,304.0
33,1965,323.0
33,1966,355.0
33,1967,372.0
33,1968,370.0
33,1961,253.0
33,1969,410.0
33,1971,427.0
33,1972,439.0
33,1973,454.0
33,1974,451.0
33,1975,425.0
33,1976,456.0
33,1977,475.0
33,1970,438.0
32,2013,73.0
32,2012,71.0
32,2011,70.0
32,1994,21.0
32,1995,21.0
32,1996,25.0
32,1997,30.0
32,1998,36.0
32,1999,38.0
32,2000,35.0
32,2001,37.0
32,2002,47.0
32,2003,53.0
32,2004,82.0
32,2005,60.0
32,2006,64.0
32,2007,68.0
32,2008,68.0
32,2009,64.0
32,2010,68.0
33,1979,531.0
37,2007,5.0
37,2008,5.0
37,2009,6.0
40,2006,548.0
40,2007,571.0
40,2008,561.0
40,2009,529.0
40,2010,563.0
40,2011,622.0
40,2012,627.0
40,2005,476.0
40,2013,643.0
96,1962,27.0
96,1963,28.0
96,1964,33.0
96,1965,33.0
96,1966,35.0
96,1967,40.0
96,1968,46.0
96,1961,26.0
96,1969,49.0
40,2004,474.0
40,2002,419.0
40,1986,73.0
40,1987,99.0
40,1988,108.0
40,1989,107.0
40,1990,118.0
40,1991,132.0
40,1992,200.0
40,2003,428.0
40,1993,240.0
40,1995,305.0
40,1996,325.0
40,1997,328.0
40,1998,357.0
40,1999,366.0
40,2000,407.0
40,2001,438.0
40,1994,288.0
96,1970,56.0
96,1971,62.0
96,1972,68.0
96,1994,296.0
96,1995,343.0
96,1996,350.0
96,1997,338.0
96,1998,340.0
96,1999,359.0
96,2000,361.0
96,1993,267.0
96,2001,316.0
96,2003,314.0
96,2004,327.0
96,2005,368.0
96,2006,355.0
96,2007,378.0
96,2008,371.0
96,2009,382.0
96,2002,309.0
96,1992,266.0
96,1991,212.0
96,1990,196.0
96,1973,68.0
96,1974,69.0
96,1975,69.0
96,1976,79.0
96,1977,94.0
96,1978,98.0
96,1979,104.0
96,1980,119.0
96,1981,122.0
96,1982,132.0
96,1983,125.0
96,1984,124.0
96,1985,142.0
96,1986,149.0
96,1987,163.0
96,1988,153.0
96,1989,175.0
40,1985,73.0
40,1984,75.0
40,1983,88.0
40,1982,122.0
39,1978,3.0
39,1979,3.0
39,1980,3.0
39,1981,3.0
39,1982,3.0
39,1983,3.0
39,1984,3.0
39,1977,3.0
39,1985,3.0
39,1987,3.0
39,1988,3.0
39,1989,4.0
39,1990,4.0
39,1991,4.0
39,1992,4.0
39,1993,4.0
39,1986,3.0
39,1976,3.0
39,1975,2.0
39,1974,2.0
37,2010,6.0
37,2011,6.0
37,2012,7.0
37,2013,7.0
39,1961,1.0
39,1962,1.0
39,1963,1.0
39,1964,1.0
39,1965,1.0
39,1966,2.0
39,1967,2.0
39,1968,2.0
39,1969,2.0
39,1970,2.0
39,1971,2.0
39,1972,2.0
39,1973,2.0
39,1994,4.0
107,1963,5.0
39,1995,4.0
39,1997,4.0
40,1966,36.0
40,1967,42.0
40,1968,47.0
40,1969,54.0
40,1970,56.0
40,1971,47.0
40,1972,65.0
40,1965,26.0
40,1973,59.0
40,1975,44.0
40,1976,38.0
40,1977,45.0
40,1978,59.0
40,1979,80.0
40,1980,112.0
40,1981,132.0
40,1974,62.0
40,1964,24.0
40,1963,22.0
40,1962,20.0
39,1998,5.0
39,1999,5.0
39,2000,5.0
39,2001,5.0
39,2002,5.0
39,2003,5.0
39,2004,5.0
39,2005,5.0
39,2006,5.0
39,2007,5.0
39,2008,5.0
39,2009,5.0
39,2010,5.0
39,2011,5.0
39,2012,5.0
39,2013,5.0
40,1961,20.0
39,1996,4.0
107,1964,5.0
107,1965,5.0
107,1966,5.0
55,2000,3.0
55,2001,3.0
55,2002,3.0
55,2003,3.0
55,2004,3.0
55,2005,3.0
55,2006,2.0
55,1999,2.0
55,2007,2.0
55,2009,2.0
55,2010,2.0
55,2011,2.0
55,2012,2.0
55,2013,2.0
56,1961,19.0
56,1962,20.0
55,2008,2.0
56,1963,23.0
55,1998,2.0
55,1996,3.0
55,1980,1.0
55,1981,1.0
55,1982,1.0
55,1983,2.0
55,1984,2.0
55,1985,2.0
55,1986,2.0
55,1997,2.0
55,1987,2.0
55,1989,2.0
55,1990,2.0
55,1991,2.0
55,1992,3.0
55,1993,3.0
55,1994,3.0
55,1995,3.0
55,1988,2.0
56,1964,23.0
56,1965,23.0
56,1966,24.0
56,1988,106.0
56,1989,112.0
56,1990,112.0
56,1991,114.0
56,1992,122.0
56,1993,128.0
56,1994,131.0
56,1987,92.0
56,1995,138.0
56,1997,162.0
56,1998,191.0
56,1999,189.0
56,2000,213.0
56,2001,206.0
56,2002,185.0
56,2003,156.0
56,1996,149.0
56,1986,84.0
56,1985,81.0
56,1984,85.0
56,1967,25.0
56,1968,26.0
56,1969,27.0
56,1970,29.0
56,1971,30.0
56,1972,31.0
56,1973,32.0
56,1974,30.0
56,1975,36.0
56,1976,37.0
56,1977,39.0
56,1978,47.0
56,1979,55.0
56,1980,72.0
56,1981,65.0
56,1982,61.0
56,1983,75.0
55,1979,1.0
56,2004,240.0
55,1978,1.0
55,1976,1.0
72,1972,0.0
72,1973,0.0
72,1974,0.0
72,1975,0.0
72,1976,0.0
72,1977,0.0
72,1978,0.0
72,1971,0.0
72,1979,0.0
72,1981,0.0
72,1982,1.0
72,1983,0.0
72,1984,0.0
72,1985,0.0
72,1986,0.0
72,1987,0.0
72,1980,0.0
72,1988,0.0
72,1970,0.0
72,1968,0.0
54,2005,107.0
54,2006,104.0
54,2007,109.0
54,2008,125.0
54,2009,104.0
54,2010,122.0
54,2011,144.0
72,1969,0.0
54,2012,123.0
72,1961,0.0
72,1962,0.0
72,1963,0.0
72,1964,0.0
72,1965,0.0
72,1966,0.0
72,1967,0.0
54,2013,150.0
72,1989,0.0
72,1990,0.0
72,1991,0.0
72,2013,2.0
55,1961,0.0
55,1962,0.0
55,1963,0.0
55,1964,0.0
55,1965,0.0
55,1966,0.0
72,2012,5.0
55,1967,0.0
55,1969,1.0
55,1970,1.0
55,1971,1.0
55,1972,1.0
55,1973,0.0
55,1974,0.0
55,1975,1.0
55,1968,1.0
72,2011,1.0
72,2010,1.0
72,2009,4.0
72,1992,0.0
72,1993,0.0
72,1994,0.0
72,1995,0.0
72,1996,0.0
72,1997,0.0
72,1998,0.0
72,1999,0.0
72,2000,0.0
72,2001,0.0
72,2002,0.0
72,2003,1.0
72,2004,2.0
72,2005,4.0
72,2006,6.0
72,2007,6.0
72,2008,6.0
55,1977,1.0
56,2005,297.0
56,2006,317.0
56,2007,334.0
59,2004,637.0
59,2005,642.0
59,2006,714.0
59,2007,807.0
59,2008,746.0
59,2009,824.0
59,2010,962.0
59,2003,631.0
59,2011,921.0
59,2013,1184.0
60,1961,3.0
60,1962,3.0
60,1963,3.0
60,1964,3.0
60,1965,3.0
60,1966,3.0
59,2012,1033.0
60,1967,4.0
59,2002,618.0
59,2000,583.0
59,1984,311.0
59,1985,294.0
59,1986,285.0
59,1987,328.0
59,1988,276.0
59,1989,262.0
59,1990,252.0
59,2001,609.0
59,1991,284.0
59,1993,309.0
59,1994,337.0
59,1995,379.0
59,1996,389.0
59,1997,505.0
59,1998,499.0
59,1999,552.0
59,1992,297.0
60,1968,4.0
60,1969,4.0
60,1970,4.0
60,1992,40.0
60,1993,44.0
60,1994,38.0
60,1995,40.0
60,1996,41.0
60,1997,43.0
60,1998,49.0
60,1991,36.0
60,1999,46.0
60,2001,79.0
60,2002,85.0
60,2003,81.0
60,2004,95.0
60,2005,101.0
60,2006,105.0
60,2007,111.0
60,2000,63.0
60,1990,32.0
60,1989,38.0
60,1988,32.0
60,1971,4.0
60,1972,4.0
60,1973,4.0
60,1974,5.0
60,1975,6.0
60,1976,8.0
60,1977,12.0
60,1978,15.0
60,1979,16.0
60,1980,13.0
60,1981,16.0
60,1982,16.0
60,1983,18.0
60,1984,23.0
60,1985,25.0
60,1986,29.0
60,1987,29.0
59,1983,254.0
59,1982,204.0
59,1981,216.0
59,1980,171.0
58,1976,15.0
58,1977,18.0
58,1978,20.0
58,1979,21.0
58,1980,20.0
58,1981,25.0
58,1982,28.0
58,1975,13.0
58,1983,31.0
58,1985,44.0
58,1986,55.0
58,1987,53.0
58,1988,55.0
58,1989,60.0
58,1990,70.0
58,1991,76.0
58,1984,37.0
58,1974,13.0
58,1973,11.0
58,1972,11.0
56,2008,309.0
56,2009,336.0
56,2010,352.0
56,2011,287.0
56,2012,257.0
56,2013,287.0
58,1961,5.0
58,1962,5.0
58,1963,5.0
58,1964,6.0
58,1965,7.0
58,1966,7.0
58,1967,7.0
58,1968,7.0
58,1969,8.0
58,1970,9.0
58,1971,11.0
58,1992,81.0
54,2004,91.0
58,1993,81.0
58,1995,107.0
59,1964,72.0
59,1965,74.0
59,1966,73.0
59,1967,74.0
59,1968,75.0
59,1969,76.0
59,1970,82.0
59,1963,71.0
59,1971,86.0
59,1973,86.0
59,1974,90.0
59,1975,95.0
59,1976,97.0
59,1977,108.0
59,1978,112.0
59,1979,128.0
59,1972,91.0
59,1962,70.0
59,1961,69.0
58,2013,344.0
58,1996,150.0
58,1997,179.0
58,1998,109.0
58,1999,147.0
58,2000,190.0
58,2001,204.0
58,2002,207.0
58,2003,214.0
58,2004,210.0
58,2005,212.0
58,2006,302.0
58,2007,339.0
58,2008,333.0
58,2009,313.0
58,2010,344.0
58,2011,334.0
58,2012,333.0
58,1994,103.0
115,2006,26.0
54,2003,99.0
54,2001,109.0
49,1993,68.0
49,1994,66.0
49,1995,71.0
49,1996,74.0
49,1997,91.0
49,1998,111.0
49,1999,121.0
49,1992,72.0
49,2000,121.0
49,2002,156.0
49,2003,157.0
49,2004,181.0
49,2005,134.0
49,2006,198.0
49,2007,168.0
49,2008,179.0
49,2001,135.0
49,2009,223.0
49,1991,151.0
49,1989,136.0
49,1973,52.0
49,1974,50.0
49,1975,76.0
49,1976,50.0
49,1977,59.0
49,1978,72.0
49,1979,79.0
49,1990,129.0
49,1980,93.0
49,1982,86.0
49,1983,96.0
49,1984,108.0
49,1985,120.0
49,1986,114.0
49,1987,111.0
49,1988,119.0
49,1981,108.0
49,2010,181.0
49,2011,193.0
49,2012,212.0
50,1981,8.0
50,1982,9.0
50,1983,10.0
50,1984,10.0
50,1985,10.0
50,1986,12.0
50,1987,11.0
50,1980,8.0
50,1988,14.0
50,1990,17.0
50,1991,17.0
50,1992,21.0
50,1993,21.0
50,1994,22.0
50,1995,24.0
50,1996,25.0
50,1989,16.0
50,1979,8.0
50,1978,7.0
50,1977,7.0
49,2013,227.0
50,1961,3.0
50,1962,3.0
50,1963,3.0
50,1964,3.0
50,1965,4.0
50,1966,4.0
50,1967,5.0
50,1968,6.0
50,1969,8.0
50,1970,8.0
50,1971,8.0
50,1972,9.0
50,1973,8.0
50,1974,7.0
50,1975,6.0
50,1976,6.0
49,1972,47.0
50,1997,26.0
49,1971,42.0
49,1969,38.0
107,1987,26.0
107,1988,32.0
107,1989,31.0
107,1990,25.0
107,1991,24.0
107,1992,24.0
107,1993,25.0
107,1986,26.0
107,1994,25.0
107,1996,24.0
107,1997,25.0
107,1998,24.0
107,1999,23.0
107,2000,25.0
107,2001,24.0
107,2002,27.0
107,1995,25.0
107,2003,38.0
107,1985,22.0
107,1983,21.0
107,1967,5.0
107,1968,5.0
107,1969,5.0
107,1970,6.0
107,1971,6.0
107,1972,7.0
107,1973,7.0
107,1984,22.0
107,1974,8.0
107,1976,12.0
107,1977,13.0
107,1978,16.0
107,1979,19.0
107,1980,20.0
107,1981,22.0
107,1982,22.0
107,1975,10.0
107,2004,37.0
107,2005,29.0
107,2006,23.0
98,2006,40.0
98,2007,46.0
98,2008,46.0
98,2009,45.0
98,2010,35.0
98,2011,32.0
98,2012,39.0
98,2005,39.0
98,2013,37.0
49,1962,24.0
49,1963,25.0
49,1964,27.0
49,1965,30.0
49,1966,34.0
49,1967,35.0
49,1968,36.0
49,1961,22.0
98,2004,50.0
98,2003,48.0
98,2002,41.0
107,2007,24.0
107,2008,24.0
107,2009,24.0
107,2010,36.0
107,2011,35.0
107,2012,43.0
107,2013,49.0
98,1992,40.0
98,1993,31.0
98,1994,34.0
98,1995,37.0
98,1996,31.0
98,1997,34.0
98,1998,28.0
98,1999,30.0
98,2000,31.0
98,2001,32.0
49,1970,40.0
50,1998,26.0
50,1999,28.0
50,2000,28.0
116,1997,20.0
116,1998,23.0
116,1999,26.0
116,2000,31.0
116,2001,37.0
116,2002,41.0
116,2003,45.0
116,1996,24.0
116,2004,47.0
116,2006,45.0
116,2007,44.0
116,2008,43.0
116,2009,43.0
116,2010,43.0
116,2011,43.0
116,2012,44.0
116,2005,46.0
116,2013,44.0
116,1995,24.0
116,1993,34.0
116,1977,30.0
116,1978,31.0
116,1979,32.0
116,1980,36.0
116,1981,37.0
116,1982,37.0
116,1983,39.0
116,1994,26.0
116,1984,41.0
116,1986,44.0
116,1987,47.0
116,1988,49.0
116,1989,51.0
116,1990,53.0
116,1991,55.0
116,1992,42.0
116,1985,42.0
54,1961,33.0
54,1962,37.0
54,1963,28.0
54,1985,57.0
54,1986,64.0
54,1987,62.0
54,1988,61.0
54,1989,66.0
54,1990,62.0
54,1991,71.0
54,1984,54.0
54,1992,75.0
54,1994,80.0
54,1995,87.0
54,1996,84.0
54,1997,97.0
54,1998,88.0
54,1999,93.0
54,2000,93.0
54,1993,68.0
54,1983,51.0
54,1982,48.0
54,1981,46.0
54,1964,39.0
54,1965,32.0
54,1966,23.0
54,1967,18.0
54,1968,21.0
54,1969,20.0
54,1970,29.0
54,1971,24.0
54,1972,32.0
54,1973,39.0
54,1974,37.0
54,1975,34.0
54,1976,45.0
54,1977,42.0
54,1978,46.0
54,1979,42.0
54,1980,43.0
116,1976,28.0
116,1975,27.0
116,1974,25.0
116,1973,24.0
167,2001,230.0
167,2002,225.0
167,2003,231.0
167,2004,245.0
167,2005,257.0
167,2006,260.0
167,2007,242.0
167,2000,209.0
167,2008,246.0
167,2010,241.0
167,2011,232.0
167,2012,217.0
167,2013,204.0
51,1961,53.0
51,1962,53.0
51,1963,53.0
167,2009,253.0
167,1999,201.0
167,1998,196.0
167,1997,182.0
50,2001,28.0
50,2002,30.0
50,2003,29.0
50,2004,29.0
50,2005,31.0
50,2006,25.0
50,2007,28.0
50,2008,29.0
50,2009,29.0
50,2010,29.0
50,2011,30.0
50,2012,29.0
50,2013,28.0
167,1993,125.0
167,1994,121.0
167,1995,150.0
167,1996,151.0
51,1964,62.0
54,2002,108.0
51,1965,56.0
51,1967,64.0
51,1989,217.0
51,1990,228.0
51,1991,199.0
51,1992,184.0
116,1961,17.0
116,1962,17.0
116,1963,17.0
51,1988,184.0
116,1964,18.0
116,1966,17.0
116,1967,18.0
116,1968,19.0
116,1969,19.0
116,1970,20.0
116,1971,21.0
116,1972,22.0
116,1965,18.0
51,1987,177.0
51,1986,163.0
51,1985,154.0
51,1968,78.0
51,1969,83.0
51,1970,103.0
51,1971,111.0
51,1972,115.0
51,1973,119.0
51,1974,127.0
51,1975,131.0
51,1976,139.0
51,1977,141.0
51,1978,144.0
51,1979,150.0
51,1980,159.0
51,1981,155.0
51,1982,148.0
51,1983,154.0
51,1984,149.0
51,1966,63.0
60,2008,99.0
115,2005,26.0
115,2003,27.0
11,1995,122.0
11,1996,124.0
11,1997,128.0
11,1998,131.0
11,1999,134.0
11,2000,137.0
11,2001,144.0
11,1994,117.0
11,2002,140.0
11,2004,147.0
11,2005,152.0
11,2006,141.0
11,2007,147.0
11,2008,143.0
11,2009,148.0
11,2010,160.0
11,2003,137.0
11,2011,162.0
11,1993,118.0
11,1991,110.0
11,1975,67.0
11,1976,72.0
11,1977,75.0
11,1978,78.0
11,1979,81.0
11,1980,81.0
11,1981,83.0
11,1992,115.0
11,1982,77.0
11,1984,90.0
11,1985,87.0
11,1986,93.0
11,1987,100.0
11,1988,95.0
11,1989,102.0
11,1990,104.0
11,1983,85.0
11,2012,163.0
11,2013,158.0
52,1992,36.0
12,1961,1.0
12,1962,1.0
12,1963,1.0
12,1964,1.0
12,1965,2.0
12,1966,2.0
12,1967,2.0
52,2013,99.0
12,1968,3.0
12,1970,4.0
12,1971,4.0
12,1972,4.0
12,1973,4.0
12,1974,4.0
12,1975,4.0
12,1976,5.0
12,1969,4.0
52,2012,99.0
52,2011,90.0
52,2010,80.0
52,1993,26.0
52,1994,22.0
52,1995,28.0
52,1996,41.0
52,1997,40.0
52,1998,60.0
52,1999,45.0
52,2000,36.0
52,2001,29.0
52,2002,27.0
52,2003,30.0
52,2004,36.0
52,2005,40.0
52,2006,41.0
52,2007,60.0
52,2008,65.0
52,2009,80.0
11,1974,65.0
12,1977,5.0
11,1973,72.0
11,1971,64.0
10,1967,88.0
10,1968,102.0
10,1969,108.0
10,1970,122.0
10,1971,149.0
10,1972,160.0
10,1973,157.0
10,1966,69.0
10,1974,189.0
10,1976,199.0
10,1977,214.0
10,1978,240.0
10,1979,265.0
10,1980,305.0
10,1981,295.0
10,1982,282.0
10,1975,185.0
10,1983,311.0
10,1965,72.0
10,1963,51.0
1,2000,16.0
1,2001,19.0
1,2002,19.0
1,2003,18.0
1,2004,18.0
1,2005,22.0
1,2006,15.0
10,1964,59.0
1,2007,33.0
1,2009,33.0
1,2010,42.0
1,2011,43.0
1,2012,41.0
1,2013,40.0
10,1961,50.0
10,1962,50.0
1,2008,44.0
10,1984,297.0
10,1985,344.0
10,1986,355.0
10,2008,807.0
10,2009,843.0
10,2010,899.0
10,2011,1029.0
10,2012,1051.0
10,2013,1077.0
11,1961,29.0
10,2007,829.0
11,1962,42.0
11,1964,52.0
11,1965,46.0
11,1966,53.0
11,1967,53.0
11,1968,55.0
11,1969,56.0
11,1970,61.0
11,1963,46.0
10,2006,784.0
10,2005,758.0
10,2004,695.0
10,1987,377.0
10,1988,384.0
10,1989,393.0
10,1990,410.0
10,1991,413.0
10,1992,438.0
10,1993,456.0
10,1994,476.0
10,1995,474.0
10,1996,491.0
10,1997,573.0
10,1998,612.0
10,1999,586.0
10,2000,623.0
10,2001,616.0
10,2002,664.0
10,2003,691.0
11,1972,66.0
1,1999,22.0
12,1978,5.0
12,1980,7.0
14,1976,5.0
14,1977,5.0
14,1978,6.0
14,1979,7.0
14,1980,8.0
14,1981,8.0
14,1982,9.0
14,1975,5.0
14,1983,8.0
14,1985,8.0
14,1986,9.0
14,1987,10.0
14,1988,10.0
14,1989,14.0
14,1990,12.0
14,1991,11.0
14,1984,8.0
14,1992,10.0
14,1974,5.0
14,1972,5.0
16,2009,198.0
16,2010,203.0
16,2011,211.0
16,2012,217.0
16,2013,220.0
14,1961,1.0
14,1962,1.0
14,1973,4.0
14,1963,1.0
14,1965,1.0
14,1966,1.0
14,1967,2.0
14,1968,2.0
14,1969,3.0
14,1970,3.0
14,1971,4.0
14,1964,1.0
14,1993,10.0
14,1994,10.0
14,1995,11.0
57,1995,70.0
57,1996,64.0
57,1997,72.0
57,1998,60.0
57,1999,77.0
57,2000,91.0
57,2001,94.0
57,1994,94.0
57,2002,95.0
57,2004,110.0
57,2005,127.0
57,2006,158.0
57,2007,173.0
57,2008,200.0
57,2009,211.0
57,2010,233.0
57,2003,91.0
57,1993,131.0
57,1992,121.0
14,2013,12.0
14,1996,12.0
14,1997,12.0
14,1998,13.0
14,1999,13.0
14,2000,11.0
14,2001,12.0
14,2002,11.0
14,2003,12.0
14,2004,11.0
14,2005,14.0
14,2006,12.0
14,2007,13.0
14,2008,12.0
14,2009,12.0
14,2010,12.0
14,2011,13.0
14,2012,13.0
16,2008,191.0
12,1979,5.0
16,2007,189.0
16,2005,168.0
12,2001,16.0
12,2002,18.0
12,2003,17.0
12,2004,18.0
12,2005,17.0
12,2006,18.0
12,2007,19.0
12,2000,16.0
12,2008,19.0
12,2010,20.0
12,2011,21.0
12,2012,18.0
12,2013,17.0
16,1961,19.0
16,1962,23.0
16,1963,27.0
12,2009,19.0
16,1964,31.0
12,1999,15.0
12,1997,14.0
12,1981,7.0
12,1982,8.0
12,1983,7.0
12,1984,9.0
12,1985,8.0
12,1986,9.0
12,1987,9.0
12,1998,15.0
12,1988,10.0
12,1990,10.0
12,1991,10.0
12,1992,7.0
12,1993,7.0
12,1994,9.0
12,1995,9.0
12,1996,12.0
12,1989,8.0
16,1965,37.0
16,1966,44.0
16,1967,48.0
16,1989,84.0
16,1990,89.0
16,1991,93.0
16,1992,98.0
16,1993,106.0
16,1994,111.0
16,1995,117.0
16,1988,80.0
16,1996,105.0
16,1998,114.0
16,1999,121.0
16,2000,130.0
16,2001,137.0
16,2002,145.0
16,2003,153.0
16,2004,159.0
16,1997,111.0
16,1987,75.0
16,1986,71.0
16,1985,67.0
16,1968,52.0
16,1969,56.0
16,1970,61.0
16,1971,57.0
16,1972,52.0
16,1973,49.0
16,1974,49.0
16,1975,49.0
16,1976,49.0
16,1977,42.0
16,1978,66.0
16,1979,70.0
16,1980,53.0
16,1981,56.0
16,1982,60.0
16,1983,63.0
16,1984,59.0
16,2006,179.0
1,1998,20.0
1,1997,20.0
1,1996,19.0
3,2010,45.0
3,2011,42.0
3,2012,40.0
3,2013,42.0
4,1961,21.0
4,1962,20.0
4,1963,18.0
3,2009,43.0
4,1964,19.0
4,1966,22.0
4,1967,23.0
4,1968,25.0
4,1969,26.0
4,1970,27.0
4,1971,29.0
4,1972,30.0
4,1965,21.0
4,1973,32.0
3,2008,40.0
3,2006,23.0
3,1990,10.0
3,1991,10.0
3,1992,3.0
3,1993,13.0
3,1994,15.0
3,1995,17.0
3,1996,22.0
3,2007,31.0
3,1997,11.0
3,1999,29.0
3,2000,18.0
3,2001,25.0
3,2002,38.0
3,2003,32.0
3,2004,30.0
3,2005,30.0
3,1998,8.0
4,1974,34.0
4,1975,36.0
4,1976,38.0
4,1998,247.0
4,1999,235.0
4,2000,244.0
4,2001,242.0
4,2002,246.0
4,2003,259.0
4,2004,269.0
4,1997,220.0
4,2005,273.0
4,2007,267.0
4,2008,268.0
4,2009,271.0
4,2010,275.0
4,2011,280.0
4,2012,291.0
4,2013,291.0
4,2006,262.0
4,1996,215.0
4,1995,208.0
4,1994,210.0
4,1977,40.0
4,1978,42.0
4,1979,44.0
4,1980,60.0
4,1981,72.0
4,1982,88.0
4,1983,100.0
4,1984,150.0
4,1985,160.0
4,1986,170.0
4,1987,172.0
4,1988,182.0
4,1989,186.0
4,1990,194.0
4,1991,197.0
4,1992,199.0
4,1993,204.0
3,1989,10.0
7,1961,3.0
3,1988,9.0
3,1986,8.0
2,1982,12.0
2,1983,13.0
2,1984,14.0
2,1985,14.0
2,1986,15.0
2,1987,15.0
2,1988,13.0
2,1981,12.0
2,1989,13.0
2,1991,12.0
2,1992,13.0
2,1993,12.0
2,1994,12.0
2,1995,12.0
2,1996,13.0
2,1997,14.0
2,1990,12.0
2,1998,15.0
2,1980,12.0
2,1978,11.0
2,1962,6.0
2,1963,6.0
2,1964,6.0
2,1965,7.0
2,1966,7.0
2,1967,8.0
2,1968,8.0
2,1979,12.0
2,1969,10.0
2,1971,10.0
2,1972,10.0
2,1973,10.0
2,1974,10.0
2,1975,10.0
2,1976,10.0
2,1977,11.0
2,1970,10.0
2,1999,14.0
2,2000,13.0
2,2001,13.0
3,1970,3.0
3,1971,4.0
3,1972,4.0
3,1973,4.0
3,1974,5.0
3,1975,5.0
3,1976,6.0
3,1969,3.0
3,1977,6.0
3,1979,7.0
3,1980,8.0
3,1981,8.0
3,1982,9.0
3,1983,8.0
3,1984,8.0
3,1985,10.0
3,1978,7.0
3,1968,3.0
3,1967,3.0
3,1966,3.0
2,2002,25.0
2,2003,29.0
2,2004,36.0
2,2005,56.0
2,2006,36.0
2,2007,29.0
2,2008,53.0
2,2009,43.0
2,2010,67.0
2,2011,77.0
2,2012,47.0
2,2013,75.0
3,1961,2.0
3,1962,2.0
3,1963,2.0
3,1964,2.0
3,1965,2.0
3,1987,7.0
7,1962,3.0
7,1963,3.0
7,1964,3.0
9,1961,43.0
9,1962,51.0
9,1963,62.0
9,1964,85.0
9,1965,128.0
9,1966,122.0
9,1967,126.0
8,2013,5.0
9,1968,139.0
9,1970,187.0
9,1971,212.0
9,1972,205.0
9,1973,207.0
9,1974,282.0
9,1975,278.0
9,1976,258.0
9,1969,146.0
9,1977,246.0
8,2012,5.0
8,2010,5.0
8,1994,4.0
8,1995,3.0
8,1996,4.0
8,1997,4.0
8,1998,4.0
8,1999,4.0
8,2000,4.0
8,2011,5.0
8,2001,4.0
8,2003,4.0
8,2004,4.0
8,2005,4.0
8,2006,4.0
8,2007,5.0
8,2008,5.0
8,2009,5.0
8,2002,4.0
9,1978,263.0
9,1979,298.0
9,1980,315.0
9,2002,714.0
9,2003,746.0
9,2004,843.0
9,2005,941.0
9,2006,1083.0
9,2007,1139.0
9,2008,1253.0
9,2001,999.0
9,2009,1339.0
9,2011,1567.0
9,2012,1620.0
9,2013,1602.0
1,1992,12.0
1,1993,6.0
1,1994,5.0
1,1995,8.0
9,2010,1398.0
9,2000,1027.0
9,1999,1021.0
9,1998,976.0
9,1981,314.0
9,1982,342.0
9,1983,359.0
9,1984,354.0
9,1985,366.0
9,1986,396.0
9,1987,453.0
9,1988,391.0
9,1989,348.0
9,1990,370.0
9,1991,412.0
9,1992,539.0
9,1993,763.0
9,1994,808.0
9,1995,831.0
9,1996,812.0
9,1997,853.0
8,1993,3.0
8,1992,3.0
8,1991,4.0
8,1990,4.0
7,1986,17.0
7,1987,23.0
7,1988,19.0
7,1989,21.0
7,1990,23.0
7,1991,22.0
7,1992,31.0
7,1985,15.0
7,1993,20.0
7,1995,18.0
7,1996,16.0
7,1997,34.0
7,1998,41.0
7,1999,37.0
7,2000,55.0
7,2001,42.0
7,1994,14.0
7,1984,13.0
7,1983,18.0
7,1982,12.0
7,1965,3.0
7,1966,4.0
7,1967,4.0
7,1968,4.0
7,1969,5.0
7,1970,6.0
7,1971,6.0
7,1972,6.0
7,1973,6.0
7,1974,6.0
7,1975,6.0
7,1976,7.0
7,1977,7.0
7,1978,7.0
7,1979,7.0
7,1980,9.0
7,1981,10.0
7,2002,86.0
57,2011,239.0
7,2003,107.0
7,2005,111.0
8,1974,1.0
8,1975,1.0
8,1976,0.0
8,1977,0.0
8,1978,1.0
8,1979,1.0
8,1980,1.0
8,1973,0.0
8,1981,2.0
8,1983,2.0
8,1984,3.0
8,1985,3.0
8,1986,3.0
8,1987,3.0
8,1988,3.0
8,1989,4.0
8,1982,2.0
8,1972,1.0
8,1971,1.0
8,1970,1.0
7,2006,138.0
7,2007,148.0
7,2008,184.0
7,2009,176.0
7,2010,257.0
7,2011,309.0
7,2012,349.0
7,2013,372.0
8,1961,0.0
8,1962,0.0
8,1963,0.0
8,1964,0.0
8,1965,0.0
8,1966,1.0
8,1967,1.0
8,1968,1.0
8,1969,1.0
7,2004,94.0
57,2012,270.0
57,2013,293.0
255,2000,201.0
26,1995,10.0
26,1996,10.0
26,1997,8.0
26,1998,10.0
26,1999,13.0
26,2000,14.0
26,2001,16.0
26,1994,10.0
26,2002,18.0
26,2004,19.0
26,2005,17.0
26,2006,19.0
26,2007,21.0
26,2008,21.0
26,2009,22.0
26,2010,23.0
26,2003,20.0
26,2011,25.0
26,1993,9.0
26,1991,9.0
26,1975,3.0
26,1976,3.0
26,1977,3.0
26,1978,3.0
26,1979,3.0
26,1980,4.0
26,1981,6.0
26,1992,9.0
26,1982,6.0
26,1984,5.0
26,1985,5.0
26,1986,7.0
26,1987,7.0
26,1988,6.0
26,1989,8.0
26,1990,7.0
26,1983,6.0
26,2012,26.0
26,2013,26.0
27,1961,29.0
27,1983,131.0
27,1984,133.0
27,1985,127.0
27,1986,137.0
27,1987,143.0
27,1988,147.0
27,1989,152.0
27,1982,122.0
27,1990,163.0
27,1992,73.0
27,1993,86.0
27,1994,86.0
27,1995,92.0
27,1996,102.0
27,1997,110.0
27,1998,127.0
27,1991,86.0
27,1981,114.0
27,1980,117.0
27,1979,130.0
27,1962,28.0
27,1963,28.0
27,1964,32.0
27,1965,33.0
27,1966,38.0
27,1967,44.0
27,1968,44.0
27,1969,54.0
27,1970,66.0
27,1971,78.0
27,1972,81.0
27,1973,92.0
27,1974,108.0
27,1975,96.0
27,1976,103.0
27,1977,115.0
27,1978,124.0
26,1974,2.0
27,1999,122.0
26,1973,2.0
26,1971,2.0
21,1967,271.0
21,1968,292.0
21,1969,332.0
21,1970,379.0
21,1971,381.0
21,1972,437.0
21,1973,525.0
21,1966,240.0
21,1974,552.0
21,1976,601.0
21,1977,684.0
21,1978,826.0
21,1979,1037.0
21,1980,1226.0
21,1981,1224.0
21,1982,1328.0
21,1975,551.0
21,1983,1323.0
21,1965,224.0
21,1963,166.0
20,2000,9.0
20,2001,10.0
20,2002,9.0
20,2003,6.0
20,2004,7.0
20,2005,5.0
20,2006,6.0
21,1964,175.0
20,2007,7.0
20,2009,9.0
20,2010,11.0
20,2011,9.0
20,2012,9.0
20,2013,11.0
21,1961,130.0
21,1962,138.0
20,2008,9.0
21,1984,1121.0
21,1985,1255.0
21,1986,1430.0
21,2008,7012.0
21,2009,6779.0
21,2010,7367.0
21,2011,8001.0
21,2012,8113.0
21,2013,9016.0
26,1961,0.0
21,2007,6019.0
26,1962,0.0
26,1964,0.0
26,1965,1.0
26,1966,1.0
26,1967,1.0
26,1968,1.0
26,1969,1.0
26,1970,1.0
26,1963,0.0
21,2006,5568.0
21,2005,5126.0
21,2004,6284.0
21,1987,1636.0
21,1988,1751.0
21,1989,1897.0
21,1990,2117.0
21,1991,2378.0
21,1992,2567.0
21,1993,2704.0
21,1994,3006.0
21,1995,3707.0
21,1996,3569.0
21,1997,4173.0
21,1998,4334.0
21,1999,4844.0
21,2000,5164.0
21,2001,5043.0
21,2002,5522.0
21,2003,5892.0
26,1972,2.0
27,2000,131.0
27,2001,142.0
27,2002,163.0
35,1999,1.0
35,2000,2.0
35,2001,3.0
35,2002,3.0
35,2003,4.0
35,2004,5.0
35,2005,6.0
35,1998,1.0
35,2006,6.0
35,2008,8.0
35,2009,9.0
35,2010,9.0
35,2011,9.0
35,2012,8.0
35,2013,9.0
115,1961,4.0
35,2007,8.0
115,1962,4.0
35,1997,1.0
35,1995,1.0
35,1979,0.0
35,1980,0.0
35,1981,0.0
35,1982,0.0
35,1983,0.0
35,1984,0.0
35,1985,0.0
35,1996,1.0
35,1986,0.0
35,1988,0.0
35,1989,0.0
35,1990,0.0
35,1991,1.0
35,1992,1.0
35,1993,1.0
35,1994,1.0
35,1987,0.0
115,1963,4.0
115,1964,5.0
115,1965,6.0
115,1987,14.0
115,1988,18.0
115,1989,17.0
115,1990,16.0
115,1991,17.0
115,1992,19.0
115,1993,21.0
115,1986,14.0
115,1994,20.0
115,1996,22.0
115,1997,23.0
115,1998,24.0
115,1999,25.0
115,2000,26.0
115,2001,27.0
115,2002,27.0
115,1995,20.0
115,1985,13.0
115,1984,11.0
115,1983,9.0
115,1966,6.0
115,1967,7.0
115,1968,7.0
115,1969,8.0
115,1970,8.0
115,1971,8.0
115,1972,9.0
115,1973,9.0
115,1974,9.0
115,1975,8.0
115,1976,8.0
115,1977,9.0
115,1978,8.0
115,1979,7.0
115,1980,6.0
115,1981,7.0
115,1982,10.0
35,1978,0.0
35,1977,0.0
35,1976,0.0
35,1975,0.0
233,1971,7.0
233,1972,7.0
233,1973,8.0
233,1974,7.0
233,1975,8.0
233,1976,9.0
233,1977,8.0
233,1970,7.0
233,1978,8.0
233,1980,9.0
233,1981,9.0
233,1982,10.0
233,1983,12.0
233,1984,11.0
233,1985,13.0
233,1986,14.0
233,1979,8.0
233,1969,7.0
233,1968,7.0
233,1967,7.0
27,2003,111.0
27,2004,126.0
27,2005,133.0
27,2006,138.0
27,2007,145.0
27,2008,151.0
27,2009,163.0
27,2010,139.0
27,2011,155.0
27,2012,172.0
27,2013,149.0
233,1961,7.0
233,1962,6.0
233,1963,6.0
233,1964,6.0
233,1965,6.0
233,1966,6.0
233,1987,16.0
20,1999,8.0
233,1988,18.0
233,1990,19.0
233,2012,39.0
233,2013,38.0
35,1961,0.0
35,1962,0.0
35,1963,0.0
35,1964,0.0
35,1965,0.0
233,2011,38.0
35,1966,0.0
35,1968,0.0
35,1969,0.0
35,1970,0.0
35,1971,0.0
35,1972,0.0
35,1973,0.0
35,1974,0.0
35,1967,0.0
233,2010,37.0
233,2009,35.0
233,2008,34.0
233,1991,20.0
233,1992,20.0
233,1993,21.0
233,1994,22.0
233,1995,22.0
233,1996,23.0
233,1997,24.0
233,1998,25.0
233,1999,23.0
233,2000,26.0
233,2001,27.0
233,2002,28.0
233,2003,29.0
233,2004,30.0
233,2005,31.0
233,2006,32.0
233,2007,33.0
233,1989,18.0
115,2004,27.0
20,1998,8.0
20,1996,8.0
23,2010,8.0
23,2011,8.0
23,2012,9.0
23,2013,9.0
53,1961,4.0
53,1962,4.0
53,1963,4.0
23,2009,8.0
53,1964,4.0
53,1966,4.0
53,1967,4.0
53,1968,5.0
53,1969,5.0
53,1970,5.0
53,1971,6.0
53,1972,6.0
53,1965,4.0
53,1973,7.0
23,2008,7.0
23,2006,8.0
23,1990,4.0
23,1991,4.0
23,1992,4.0
23,1993,4.0
23,1994,4.0
23,1995,4.0
23,1996,4.0
23,2007,8.0
23,1997,5.0
23,1999,6.0
23,2000,6.0
23,2001,7.0
23,2002,9.0
23,2003,8.0
23,2004,8.0
23,2005,8.0
23,1998,6.0
53,1974,8.0
53,1975,8.0
53,1976,9.0
53,1998,32.0
53,1999,54.0
53,2000,68.0
53,2001,57.0
53,2002,82.0
53,2003,83.0
53,2004,71.0
53,1997,32.0
53,2005,64.0
53,2007,72.0
53,2008,113.0
53,2009,96.0
53,2010,82.0
53,2011,173.0
53,2012,201.0
53,2013,203.0
53,2006,65.0
53,1996,26.0
53,1995,28.0
53,1994,26.0
53,1977,10.0
53,1978,11.0
53,1979,12.0
53,1980,13.0
53,1981,14.0
53,1982,17.0
53,1983,27.0
53,1984,23.0
53,1985,25.0
53,1986,20.0
53,1987,19.0
53,1988,17.0
53,1989,13.0
53,1990,18.0
53,1991,14.0
53,1992,20.0
53,1993,29.0
23,1989,3.0
17,1961,1.0
23,1988,4.0
23,1986,3.0
15,1968,83.0
15,1969,87.0
15,1970,93.0
15,1971,94.0
15,1972,95.0
15,1973,103.0
15,1974,107.0
15,1967,74.0
15,1975,112.0
15,1977,121.0
15,1978,119.0
15,1979,128.0
15,1980,136.0
15,1981,142.0
15,1982,156.0
15,1983,151.0
15,1976,115.0
15,1984,148.0
15,1966,74.0
15,1964,76.0
255,2001,228.0
255,2002,262.0
255,2003,227.0
255,2004,228.0
255,2005,263.0
255,2006,241.0
255,2007,265.0
15,1965,75.0
255,2008,140.0
255,2010,130.0
255,2011,139.0
255,2012,140.0
255,2013,135.0
15,1961,69.0
15,1962,77.0
15,1963,74.0
255,2009,121.0
15,1985,130.0
15,1986,165.0
15,1987,167.0
23,1970,2.0
23,1971,2.0
23,1972,2.0
23,1973,1.0
23,1974,1.0
23,1975,1.0
23,1976,1.0
23,1969,1.0
23,1977,2.0
23,1979,2.0
23,1980,2.0
23,1981,3.0
23,1982,3.0
23,1983,3.0
23,1984,3.0
23,1985,3.0
23,1978,2.0
23,1968,1.0
23,1967,1.0
23,1966,1.0
15,1988,169.0
15,1989,163.0
15,1990,169.0
15,1991,173.0
15,1992,180.0
15,1993,182.0
15,1994,207.0
15,1995,229.0
15,1996,225.0
15,1997,198.0
15,1998,196.0
15,1999,203.0
23,1961,0.0
23,1962,0.0
23,1963,0.0
23,1964,1.0
23,1965,1.0
23,1987,4.0
17,1962,1.0
17,1963,1.0
17,1964,1.0
80,1992,15.0
80,1993,14.0
80,1994,19.0
80,1995,24.0
80,1996,38.0
80,1997,33.0
80,1998,26.0
19,2013,366.0
80,1999,20.0
80,2001,16.0
80,2002,25.0
80,2003,23.0
80,2004,27.0
80,2005,24.0
80,2006,22.0
80,2007,29.0
80,2000,15.0
80,2008,40.0
19,2012,361.0
19,2010,383.0
19,1994,88.0
19,1995,95.0
19,1996,103.0
19,1997,114.0
19,1998,133.0
19,1999,138.0
19,2000,136.0
19,2011,376.0
19,2001,129.0
19,2003,136.0
19,2004,149.0
19,2005,185.0
19,2006,252.0
19,2007,284.0
19,2008,304.0
19,2009,324.0
19,2002,136.0
80,2009,44.0
80,2010,46.0
80,2011,55.0
20,1980,1.0
20,1981,2.0
20,1982,1.0
20,1983,1.0
20,1984,1.0
20,1985,2.0
20,1986,2.0
20,1979,1.0
20,1987,2.0
20,1989,4.0
20,1990,6.0
20,1991,8.0
20,1992,7.0
20,1993,8.0
20,1994,7.0
20,1995,9.0
20,1988,3.0
20,1978,1.0
20,1977,1.0
20,1976,1.0
80,2012,62.0
80,2013,50.0
20,1961,0.0
20,1962,0.0
20,1963,0.0
20,1964,0.0
20,1965,0.0
20,1966,0.0
20,1967,0.0
20,1968,0.0
20,1969,0.0
20,1970,0.0
20,1971,0.0
20,1972,0.0
20,1973,0.0
20,1974,1.0
20,1975,1.0
19,1993,72.0
19,1992,54.0
19,1991,52.0
19,1990,43.0
17,1986,2.0
17,1987,2.0
17,1988,2.0
17,1989,2.0
17,1990,3.0
17,1991,3.0
17,1992,2.0
17,1985,2.0
17,1993,2.0
17,1995,3.0
17,1996,2.0
17,1997,3.0
17,1998,2.0
17,1999,3.0
17,2000,3.0
17,2001,3.0
17,1994,2.0
17,1984,2.0
17,1983,2.0
17,1982,1.0
17,1965,1.0
17,1966,1.0
17,1967,1.0
17,1968,1.0
17,1969,1.0
17,1970,1.0
17,1971,1.0
17,1972,1.0
17,1973,1.0
17,1974,1.0
17,1975,1.0
17,1976,1.0
17,1977,1.0
17,1978,1.0
17,1979,1.0
17,1980,1.0
17,1981,2.0
17,2002,2.0
20,1997,9.0
17,2003,2.0
17,2005,2.0
19,1974,21.0
19,1975,28.0
19,1976,30.0
19,1977,33.0
19,1978,31.0
19,1979,30.0
19,1980,30.0
19,1973,21.0
19,1981,29.0
19,1983,23.0
19,1984,22.0
19,1985,21.0
19,1986,21.0
19,1987,21.0
19,1988,31.0
19,1989,35.0
19,1982,24.0
19,1972,19.0
19,1971,18.0
19,1970,16.0
17,2006,2.0
17,2007,2.0
17,2008,4.0
17,2009,3.0
17,2010,3.0
17,2011,3.0
17,2012,2.0
17,2013,2.0
19,1961,7.0
19,1962,7.0
19,1963,7.0
19,1964,7.0
19,1965,8.0
19,1966,10.0
19,1967,12.0
19,1968,13.0
19,1969,14.0
17,2004,2.0
60,2009,102.0
60,2010,108.0
60,2011,114.0
118,1976,26.0
118,1977,34.0
118,1978,34.0
118,1979,34.0
118,1980,39.0
118,1981,37.0
118,1982,55.0
118,1975,17.0
118,1983,56.0
118,1985,51.0
118,1986,66.0
118,1987,69.0
118,1988,68.0
118,1989,73.0
118,1990,43.0
118,1991,18.0
118,1984,57.0
118,1992,44.0
118,1974,18.0
118,1972,14.0
83,2009,2.0
83,2010,1.0
83,2011,2.0
83,2012,1.0
83,2013,2.0
118,1961,3.0
118,1962,3.0
118,1973,14.0
118,1963,4.0
118,1965,5.0
118,1966,5.0
118,1967,7.0
118,1968,9.0
118,1969,9.0
118,1970,9.0
118,1971,9.0
118,1964,4.0
118,1993,47.0
118,1994,54.0
118,1995,60.0
113,1995,3.0
113,1996,4.0
113,1997,6.0
113,1998,10.0
113,1999,5.0
113,2000,7.0
113,2001,7.0
113,1994,7.0
113,2002,8.0
113,2004,13.0
113,2005,17.0
113,2006,17.0
113,2007,20.0
113,2008,28.0
113,2009,34.0
113,2010,44.0
113,2003,12.0
113,1993,9.0
113,1992,22.0
118,2013,181.0
118,1996,61.0
118,1997,64.0
118,1998,69.0
118,1999,74.0
118,2000,94.0
118,2001,114.0
118,2002,93.0
118,2003,116.0
118,2004,156.0
118,2005,194.0
118,2006,149.0
118,2007,181.0
118,2008,204.0
118,2009,250.0
118,2010,225.0
118,2011,206.0
118,2012,190.0
83,2008,2.0
113,2011,35.0
83,2007,2.0
83,2005,2.0
114,2001,29.0
114,2002,20.0
114,2003,21.0
114,2004,19.0
114,2005,20.0
114,2006,21.0
114,2007,23.0
114,2000,17.0
114,2008,24.0
114,2010,27.0
114,2011,25.0
114,2012,25.0
114,2013,21.0
83,1961,0.0
83,1962,0.0
83,1963,0.0
114,2009,25.0
83,1964,0.0
114,1999,15.0
114,1997,20.0
114,1981,34.0
114,1982,35.0
114,1983,39.0
114,1984,32.0
114,1985,41.0
114,1986,45.0
114,1987,44.0
114,1998,19.0
114,1988,40.0
114,1990,18.0
114,1991,18.0
114,1992,19.0
114,1993,14.0
114,1994,15.0
114,1995,20.0
114,1996,20.0
114,1989,43.0
83,1965,0.0
83,1966,0.0
83,1967,0.0
83,1989,0.0
83,1990,0.0
83,1991,0.0
83,1992,0.0
83,1993,1.0
83,1994,1.0
83,1995,1.0
83,1988,0.0
83,1996,1.0
83,1998,1.0
83,1999,1.0
83,2000,1.0
83,2001,1.0
83,2002,1.0
83,2003,2.0
83,2004,2.0
83,1997,1.0
83,1987,0.0
83,1986,0.0
83,1985,0.0
83,1968,0.0
83,1969,0.0
83,1970,0.0
83,1971,0.0
83,1972,0.0
83,1973,0.0
83,1974,0.0
83,1975,0.0
83,1976,0.0
83,1977,0.0
83,1978,0.0
83,1979,0.0
83,1980,0.0
83,1981,0.0
83,1982,0.0
83,1983,0.0
83,1984,0.0
83,2006,2.0
114,1980,32.0
113,2012,29.0
120,1961,4.0
121,1988,64.0
121,1989,62.0
121,1990,62.0
121,1991,60.0
121,1992,62.0
121,1993,66.0
121,1994,64.0
121,1987,59.0
121,1995,60.0
121,1997,82.0
121,1998,85.0
121,1999,86.0
121,2000,87.0
121,2001,87.0
121,2002,92.0
121,2003,92.0
121,1996,58.0
121,2004,101.0
121,1986,57.0
121,1984,52.0
121,1968,18.0
121,1969,18.0
121,1970,19.0
121,1971,19.0
121,1972,22.0
121,1973,22.0
121,1974,22.0
121,1985,53.0
121,1975,22.0
121,1977,27.0
121,1978,35.0
121,1979,47.0
121,1980,52.0
121,1981,52.0
121,1982,57.0
121,1983,53.0
121,1976,25.0
121,2005,97.0
121,2006,107.0
121,2007,110.0
122,1976,1.0
122,1977,1.0
122,1978,1.0
122,1979,1.0
122,1980,1.0
122,1981,1.0
122,1982,3.0
122,1975,1.0
122,1983,5.0
122,1985,4.0
122,1986,4.0
122,1987,5.0
122,1988,5.0
122,1989,5.0
122,1990,5.0
122,1991,5.0
122,1984,5.0
122,1974,1.0
122,1973,1.0
122,1972,1.0
121,2008,113.0
121,2009,108.0
121,2010,88.0
121,2011,97.0
121,2012,109.0
121,2013,98.0
122,1961,0.0
122,1962,0.0
122,1963,0.0
122,1964,1.0
122,1965,1.0
122,1966,0.0
122,1967,1.0
122,1968,1.0
122,1969,1.0
122,1970,1.0
122,1971,1.0
121,1967,16.0
113,2013,13.0
121,1966,18.0
121,1964,13.0
120,1982,5.0
120,1983,6.0
120,1984,6.0
120,1985,6.0
120,1986,6.0
120,1987,7.0
120,1988,6.0
120,1981,5.0
120,1989,7.0
120,1991,7.0
120,1992,8.0
120,1993,9.0
120,1994,10.0
120,1995,10.0
120,1996,11.0
120,1997,11.0
120,1990,7.0
120,1998,11.0
120,1980,4.0
120,1978,4.0
120,1962,5.0
120,1963,5.0
120,1964,6.0
120,1965,7.0
120,1966,8.0
120,1967,10.0
120,1968,10.0
120,1979,4.0
120,1969,10.0
120,1971,8.0
120,1972,7.0
120,1973,5.0
120,1974,5.0
120,1975,4.0
120,1976,4.0
120,1977,4.0
120,1970,9.0
120,1999,11.0
120,2000,12.0
120,2001,13.0
119,2001,28.0
119,2002,36.0
119,2003,38.0
119,2004,43.0
119,2005,44.0
119,2006,47.0
119,2007,47.0
119,2000,24.0
119,2008,48.0
119,2010,45.0
119,2011,43.0
119,2012,42.0
119,2013,42.0
121,1961,7.0
121,1962,10.0
121,1963,11.0
119,2009,44.0
119,1999,18.0
119,1998,21.0
119,1997,17.0
120,2002,13.0
120,2003,18.0
120,2004,19.0
120,2005,20.0
120,2006,21.0
120,2007,20.0
120,2008,21.0
120,2009,22.0
120,2010,24.0
120,2011,25.0
120,2012,27.0
120,2013,28.0
119,1992,22.0
119,1993,13.0
119,1994,13.0
119,1995,12.0
119,1996,13.0
121,1965,15.0
114,1979,31.0
114,1978,31.0
114,1977,29.0
106,1991,1109.0
106,1992,1122.0
106,1993,1109.0
106,1994,1083.0
106,1995,1049.0
106,1996,1063.0
106,1997,1062.0
106,1990,1114.0
106,1998,1054.0
106,2000,1079.0
106,2001,1045.0
106,2002,1036.0
106,2003,867.0
106,2004,917.0
106,2005,904.0
106,2006,795.0
106,1999,1047.0
106,2007,940.0
106,1989,1101.0
106,1987,1064.0
106,1971,653.0
106,1972,712.0
106,1973,799.0
106,1974,831.0
106,1975,862.0
106,1976,908.0
106,1977,924.0
106,1988,1091.0
106,1978,967.0
106,1980,1020.0
106,1981,1020.0
106,1982,1051.0
106,1983,1057.0
106,1984,1036.0
106,1985,1022.0
106,1986,1027.0
106,1979,991.0
106,2008,1020.0
106,2009,1045.0
106,2010,1063.0
109,1979,49.0
109,1980,54.0
109,1981,54.0
109,1982,56.0
109,1983,55.0
109,1984,60.0
109,1985,53.0
109,1978,50.0
109,1986,61.0
109,1988,61.0
109,1989,60.0
109,1990,73.0
109,1991,78.0
109,1992,80.0
109,1993,82.0
109,1994,70.0
109,1987,65.0
109,1977,49.0
109,1976,46.0
109,1975,40.0
106,2011,1101.0
106,2012,1158.0
106,2013,1135.0
109,1961,4.0
109,1962,5.0
109,1963,6.0
109,1964,7.0
109,1965,8.0
109,1966,10.0
109,1967,13.0
109,1968,14.0
109,1969,17.0
109,1970,21.0
109,1971,27.0
109,1972,23.0
109,1973,29.0
109,1974,33.0
106,1970,627.0
109,1995,62.0
106,1969,582.0
106,1967,542.0
105,1963,52.0
105,1964,57.0
105,1965,57.0
105,1966,63.0
105,1967,67.0
105,1968,67.0
105,1969,71.0
105,1962,51.0
105,1970,77.0
105,1972,105.0
105,1973,105.0
105,1974,119.0
105,1975,126.0
105,1976,131.0
105,1977,130.0
105,1978,137.0
105,1971,90.0
105,1979,140.0
105,1961,42.0
104,2012,116.0
104,1996,95.0
104,1997,91.0
104,1998,96.0
104,1999,123.0
104,2000,118.0
104,2001,109.0
104,2002,108.0
104,2013,121.0
104,2003,110.0
104,2005,134.0
104,2006,119.0
104,2007,112.0
104,2008,120.0
104,2009,115.0
104,2010,103.0
104,2011,97.0
104,2004,114.0
105,1980,132.0
105,1981,142.0
105,1982,160.0
105,2004,460.0
105,2005,480.0
105,2006,473.0
105,2007,471.0
105,2008,487.0
105,2009,484.0
105,2010,495.0
105,2003,444.0
105,2011,504.0
105,2013,483.0
106,1961,268.0
106,1962,312.0
106,1963,364.0
106,1964,432.0
106,1965,516.0
106,1966,556.0
105,2012,520.0
105,2002,438.0
105,2001,408.0
105,2000,350.0
105,1983,170.0
105,1984,168.0
105,1985,163.0
105,1986,141.0
105,1987,145.0
105,1988,165.0
105,1989,164.0
105,1990,175.0
105,1991,190.0
105,1992,209.0
105,1993,226.0
105,1994,248.0
105,1995,246.0
105,1996,255.0
105,1997,259.0
105,1998,264.0
105,1999,275.0
106,1968,565.0
109,1996,98.0
109,1997,103.0
109,1998,103.0
112,1995,106.0
112,1996,103.0
112,1997,101.0
112,1998,99.0
112,1999,113.0
112,2000,121.0
112,2001,119.0
112,1994,98.0
112,2002,113.0
112,2004,139.0
112,2005,146.0
112,2006,133.0
112,2007,159.0
112,2008,167.0
112,2009,172.0
112,2010,216.0
112,2003,127.0
112,2011,227.0
112,1993,87.0
112,1991,84.0
112,1975,22.0
112,1976,24.0
112,1977,24.0
112,1978,27.0
112,1979,27.0
112,1980,30.0
112,1981,30.0
112,1992,77.0
112,1982,38.0
112,1984,57.0
112,1985,57.0
112,1986,66.0
112,1987,65.0
112,1988,72.0
112,1989,59.0
112,1990,63.0
112,1983,48.0
112,2012,233.0
112,2013,243.0
108,1992,106.0
114,1961,7.0
114,1962,8.0
114,1963,8.0
114,1964,9.0
114,1965,9.0
114,1966,11.0
114,1967,12.0
108,2013,302.0
114,1968,12.0
114,1970,15.0
114,1971,18.0
114,1972,20.0
114,1973,22.0
114,1974,23.0
114,1975,26.0
114,1976,27.0
114,1969,15.0
108,2012,313.0
108,2011,258.0
108,2010,224.0
108,1993,80.0
108,1994,47.0
108,1995,40.0
108,1996,42.0
108,1997,56.0
108,1998,54.0
108,1999,43.0
108,2000,53.0
108,2001,66.0
108,2002,81.0
108,2003,93.0
108,2004,119.0
108,2005,154.0
108,2006,214.0
108,2007,207.0
108,2008,195.0
108,2009,187.0
112,1974,19.0
112,1973,16.0
112,1972,13.0
112,1971,11.0
110,1967,294.0
110,1968,338.0
110,1969,412.0
110,1970,491.0
110,1971,555.0
110,1972,638.0
110,1973,695.0
110,1966,243.0
110,1974,733.0
110,1976,843.0
110,1977,929.0
110,1978,1042.0
110,1979,1138.0
110,1980,1172.0
110,1981,1199.0
110,1982,1261.0
110,1975,743.0
110,1965,206.0
110,1964,178.0
110,1963,178.0
109,1999,106.0
109,2000,106.0
109,2001,114.0
109,2002,115.0
109,2003,130.0
109,2004,134.0
109,2005,130.0
109,2006,127.0
109,2007,143.0
109,2008,140.0
109,2009,133.0
109,2010,162.0
109,2011,141.0
109,2012,146.0
109,2013,146.0
110,1961,129.0
110,1962,152.0
110,1983,1314.0
122,1992,5.0
110,1984,1375.0
110,1986,1523.0
110,2008,2208.0
110,2009,2160.0
110,2010,2326.0
110,2011,2425.0
110,2012,2495.0
110,2013,2469.0
112,1961,1.0
110,2007,2184.0
112,1962,1.0
112,1964,2.0
112,1965,3.0
112,1966,4.0
112,1967,3.0
112,1968,4.0
112,1969,9.0
112,1970,9.0
112,1963,2.0
110,2006,2209.0
110,2005,2142.0
110,2004,1899.0
110,1987,1596.0
110,1988,1688.0
110,1989,1679.0
110,1990,1665.0
110,1991,1697.0
110,1992,1759.0
110,1993,1714.0
110,1994,1723.0
110,1995,1842.0
110,1996,1854.0
110,1997,1819.0
110,1998,1818.0
110,1999,1904.0
110,2000,1960.0
110,2001,1982.0
110,2002,2046.0
110,2003,2014.0
110,1985,1427.0
122,1993,5.0
122,1994,5.0
122,1995,6.0
136,1962,1.0
136,1963,2.0
136,1964,2.0
136,1965,2.0
136,1966,2.0
136,1967,2.0
136,1968,2.0
136,1961,1.0
136,1969,2.0
136,1971,2.0
136,1972,2.0
136,1973,2.0
136,1974,2.0
136,1975,2.0
136,1976,2.0
136,1977,3.0
136,1970,2.0
136,1978,3.0
134,2013,11.0
134,2011,11.0
134,1995,4.0
134,1996,6.0
134,1997,5.0
134,1998,5.0
134,1999,5.0
134,2000,6.0
134,2001,7.0
134,2012,10.0
134,2002,8.0
134,2004,10.0
134,2005,9.0
134,2006,9.0
134,2007,10.0
134,2008,10.0
134,2009,11.0
134,2010,11.0
134,2003,8.0
136,1979,3.0
136,1980,3.0
136,1981,3.0
136,2003,10.0
136,2004,9.0
136,2005,9.0
136,2006,7.0
136,2007,11.0
136,2008,10.0
136,2009,13.0
136,2002,10.0
136,2010,12.0
136,2012,17.0
136,2013,22.0
137,1961,0.0
137,1962,1.0
137,1963,1.0
137,1964,1.0
137,1965,1.0
136,2011,16.0
136,2001,8.0
136,2000,7.0
136,1999,5.0
136,1982,3.0
136,1983,3.0
136,1984,3.0
136,1985,3.0
136,1986,4.0
136,1987,4.0
136,1988,4.0
136,1989,4.0
136,1990,4.0
136,1991,4.0
136,1992,4.0
136,1993,4.0
136,1994,4.0
136,1995,4.0
136,1996,4.0
136,1997,4.0
136,1998,4.0
134,1994,4.0
137,1966,1.0
134,1993,4.0
134,1991,4.0
133,1987,23.0
133,1988,23.0
133,1989,23.0
133,1990,24.0
133,1991,24.0
133,1992,24.0
133,1993,25.0
133,1986,22.0
133,1994,24.0
133,1996,26.0
133,1997,26.0
133,1998,29.0
133,1999,29.0
133,2000,29.0
133,2001,27.0
133,2002,33.0
133,1995,26.0
133,2003,34.0
133,1985,20.0
133,1983,15.0
133,1967,9.0
133,1968,10.0
133,1969,11.0
133,1970,12.0
133,1971,12.0
133,1972,11.0
133,1973,10.0
133,1984,17.0
133,1974,11.0
133,1976,11.0
133,1977,10.0
133,1978,11.0
133,1979,11.0
133,1980,11.0
133,1981,12.0
133,1982,14.0
133,1975,11.0
133,2004,35.0
133,2005,35.0
133,2006,34.0
134,1975,3.0
134,1976,3.0
134,1977,3.0
134,1978,3.0
134,1979,4.0
134,1980,4.0
134,1981,4.0
134,1974,2.0
134,1982,4.0
134,1984,3.0
134,1985,3.0
134,1986,3.0
134,1987,3.0
134,1988,4.0
134,1989,4.0
134,1990,4.0
134,1983,3.0
134,1973,3.0
134,1972,3.0
134,1971,3.0
133,2007,34.0
133,2008,40.0
133,2009,41.0
133,2010,43.0
133,2011,42.0
133,2012,43.0
133,2013,47.0
134,1961,1.0
134,1962,1.0
134,1963,1.0
134,1964,1.0
134,1965,1.0
134,1966,1.0
134,1967,1.0
134,1968,2.0
134,1969,2.0
134,1970,2.0
134,1992,4.0
137,1967,1.0
137,1968,1.0
137,1969,1.0
141,1966,0.0
141,1967,0.0
141,1968,0.0
141,1969,0.0
141,1970,0.0
141,1971,0.0
141,1972,0.0
141,1965,0.0
141,1973,0.0
141,1975,0.0
141,1976,0.0
141,1977,0.0
141,1978,0.0
141,1979,0.0
141,1980,0.0
141,1981,0.0
141,1974,0.0
141,1982,0.0
141,1964,0.0
141,1962,0.0
138,1999,2083.0
138,2000,2219.0
138,2001,2351.0
138,2002,2513.0
138,2003,2645.0
138,2004,2779.0
138,2005,3027.0
141,1963,0.0
138,2006,3112.0
138,2008,3257.0
138,2009,3310.0
138,2010,3415.0
138,2011,3526.0
138,2012,3607.0
138,2013,3685.0
141,1961,0.0
138,2007,3165.0
141,1983,0.0
141,1984,0.0
141,1985,0.0
141,2007,1.0
141,2008,2.0
141,2009,2.0
141,2010,5.0
141,2011,6.0
141,2012,5.0
141,2013,9.0
141,2006,1.0
273,2006,6.0
273,2008,8.0
273,2009,8.0
273,2010,9.0
273,2011,9.0
273,2012,10.0
273,2013,10.0
143,1961,26.0
273,2007,7.0
141,2005,1.0
141,2004,0.0
141,2003,1.0
141,1986,0.0
141,1987,0.0
141,1988,0.0
141,1989,0.0
141,1990,0.0
141,1991,0.0
141,1992,0.0
141,1993,0.0
141,1994,0.0
141,1995,0.0
141,1996,0.0
141,1997,0.0
141,1998,0.0
141,1999,0.0
141,2000,0.0
141,2001,0.0
141,2002,0.0
138,1998,1934.0
138,1997,1747.0
138,1996,1501.0
138,1995,1512.0
137,1991,15.0
137,1992,17.0
137,1993,18.0
137,1994,19.0
137,1995,20.0
137,1996,21.0
137,1997,21.0
137,1990,15.0
137,1998,19.0
137,2000,22.0
137,2001,28.0
137,2002,30.0
137,2003,31.0
137,2004,34.0
137,2005,34.0
137,2006,36.0
137,1999,21.0
137,1989,12.0
137,1988,10.0
137,1987,8.0
137,1970,1.0
137,1971,1.0
137,1972,1.0
137,1973,1.0
137,1974,2.0
137,1975,3.0
137,1976,3.0
137,1977,3.0
137,1978,4.0
137,1979,7.0
137,1980,6.0
137,1981,6.0
137,1982,6.0
137,1983,6.0
137,1984,6.0
137,1985,6.0
137,1986,7.0
137,2007,40.0
133,1966,9.0
137,2008,42.0
137,2010,47.0
138,1979,413.0
138,1980,446.0
138,1981,485.0
138,1982,506.0
138,1983,523.0
138,1984,554.0
138,1985,626.0
138,1978,381.0
138,1986,741.0
138,1988,753.0
138,1989,703.0
138,1990,852.0
138,1991,995.0
138,1992,1072.0
138,1993,1261.0
138,1994,1367.0
138,1987,740.0
138,1977,354.0
138,1976,332.0
138,1975,311.0
137,2011,47.0
137,2012,48.0
137,2013,48.0
138,1961,135.0
138,1962,149.0
138,1963,156.0
138,1964,162.0
138,1965,176.0
138,1966,183.0
138,1967,191.0
138,1968,197.0
138,1969,205.0
138,1970,220.0
138,1971,234.0
138,1972,246.0
138,1973,272.0
138,1974,296.0
137,2009,44.0
104,1995,93.0
133,1965,10.0
133,1963,9.0
256,2008,10.0
256,2009,9.0
256,2010,10.0
256,2011,12.0
256,2012,11.0
256,2013,11.0
129,1961,25.0
256,2007,9.0
129,1962,26.0
129,1964,27.0
129,1965,28.0
129,1966,28.0
129,1967,29.0
129,1968,30.0
129,1969,32.0
129,1970,35.0
129,1963,26.0
129,1971,37.0
256,2006,8.0
256,2004,8.0
126,2002,46.0
126,2003,51.0
126,2004,69.0
126,2005,77.0
126,2006,83.0
126,2007,84.0
126,2008,84.0
256,2005,8.0
126,2009,76.0
126,2011,71.0
126,2012,75.0
126,2013,81.0
256,2000,6.0
256,2001,8.0
256,2002,7.0
256,2003,8.0
126,2010,71.0
129,1972,34.0
129,1973,38.0
129,1974,36.0
129,1996,50.0
129,1997,53.0
129,1998,56.0
129,1999,59.0
129,2000,64.0
129,2001,67.0
129,2002,67.0
129,1995,48.0
129,2003,67.0
129,2005,67.0
129,2006,68.0
129,2007,69.0
129,2008,70.0
129,2009,71.0
129,2010,72.0
129,2011,73.0
129,2004,67.0
129,1994,45.0
129,1993,44.0
129,1992,43.0
129,1975,38.0
129,1976,37.0
129,1977,38.0
129,1978,42.0
129,1979,42.0
129,1980,34.0
129,1981,35.0
129,1982,33.0
129,1983,31.0
129,1984,31.0
129,1985,40.0
129,1986,43.0
129,1987,35.0
129,1988,39.0
129,1989,37.0
129,1990,41.0
129,1991,42.0
126,2001,39.0
129,2012,73.0
126,2000,34.0
126,1998,33.0
123,1963,1.0
123,1964,1.0
123,1965,1.0
123,1966,1.0
123,1967,2.0
123,1968,2.0
123,1969,2.0
123,1962,1.0
123,1970,2.0
123,1972,2.0
123,1973,2.0
123,1974,2.0
123,1975,2.0
123,1976,2.0
123,1977,3.0
123,1978,3.0
123,1971,2.0
123,1979,3.0
123,1961,1.0
122,2012,11.0
122,1996,6.0
122,1997,6.0
122,1998,6.0
122,1999,6.0
122,2000,6.0
122,2001,7.0
122,2002,7.0
122,2013,21.0
122,2003,7.0
122,2005,7.0
122,2006,8.0
122,2007,8.0
122,2008,7.0
122,2009,7.0
122,2010,10.0
122,2011,11.0
122,2004,7.0
123,1980,3.0
123,1981,3.0
123,1982,3.0
123,2004,15.0
123,2005,14.0
123,2006,13.0
123,2007,16.0
123,2008,18.0
123,2009,17.0
123,2010,23.0
123,2003,10.0
123,2011,32.0
123,2013,38.0
126,1992,30.0
126,1993,21.0
126,1994,23.0
126,1995,25.0
126,1996,28.0
126,1997,31.0
123,2012,36.0
123,2002,10.0
123,2001,9.0
123,2000,9.0
123,1983,4.0
123,1984,4.0
123,1985,4.0
123,1986,4.0
123,1987,5.0
123,1988,7.0
123,1989,7.0
123,1990,5.0
123,1991,6.0
123,1992,6.0
123,1993,6.0
123,1994,6.0
123,1995,6.0
123,1996,6.0
123,1997,8.0
123,1998,8.0
123,1999,10.0
126,1999,30.0
129,2013,72.0
130,1961,2.0
130,1962,2.0
131,2012,1153.0
131,2013,1219.0
132,1961,0.0
132,1962,0.0
132,1963,0.0
132,1964,0.0
132,1965,0.0
131,2011,1118.0
132,1966,0.0
132,1968,0.0
132,1969,0.0
132,1970,0.0
132,1971,0.0
132,1972,0.0
132,1973,0.0
132,1974,0.0
132,1967,0.0
132,1975,0.0
131,2010,1090.0
131,2008,990.0
131,1992,535.0
131,1993,617.0
131,1994,653.0
131,1995,675.0
131,1996,695.0
131,1997,720.0
131,1998,733.0
131,2009,1072.0
131,1999,754.0
131,2001,774.0
131,2002,803.0
131,2003,834.0
131,2004,864.0
131,2005,909.0
131,2006,967.0
131,2007,993.0
131,2000,736.0
132,1976,0.0
132,1977,0.0
132,1978,0.0
132,2000,2.0
132,2001,2.0
132,2002,2.0
132,2003,3.0
132,2004,3.0
132,2005,4.0
132,2006,4.0
132,1999,1.0
132,2007,4.0
132,2009,4.0
132,2010,4.0
132,2011,4.0
132,2012,4.0
132,2013,6.0
133,1961,8.0
133,1962,8.0
132,2008,4.0
132,1998,1.0
132,1997,1.0
132,1996,1.0
132,1979,0.0
132,1980,0.0
132,1981,0.0
132,1982,0.0
132,1983,0.0
132,1984,0.0
132,1985,0.0
132,1986,0.0
132,1987,0.0
132,1988,0.0
132,1989,1.0
132,1990,0.0
132,1991,0.0
132,1992,0.0
132,1993,1.0
132,1994,1.0
132,1995,1.0
131,1991,451.0
131,1990,369.0
131,1989,325.0
131,1988,309.0
130,1984,10.0
130,1985,10.0
130,1986,10.0
130,1987,10.0
130,1988,11.0
130,1989,11.0
130,1990,11.0
130,1983,9.0
130,1991,13.0
130,1993,13.0
130,1994,13.0
130,1995,14.0
130,1996,14.0
130,1997,15.0
130,1998,15.0
130,1999,16.0
130,1992,12.0
130,1982,9.0
130,1981,9.0
130,1980,9.0
130,1963,3.0
130,1964,3.0
130,1965,3.0
130,1966,3.0
130,1967,3.0
130,1968,3.0
130,1969,6.0
130,1970,6.0
130,1971,6.0
130,1972,6.0
130,1973,6.0
130,1974,7.0
130,1975,7.0
130,1976,7.0
130,1977,8.0
130,1978,8.0
130,1979,9.0
130,2000,15.0
133,1964,9.0
130,2001,16.0
130,2003,11.0
131,1972,80.0
131,1973,87.0
131,1974,95.0
131,1975,114.0
131,1976,117.0
131,1977,115.0
131,1978,123.0
131,1971,77.0
131,1979,129.0
131,1981,146.0
131,1982,171.0
131,1983,187.0
131,1984,208.0
131,1985,243.0
131,1986,258.0
131,1987,297.0
131,1980,139.0
131,1970,75.0
131,1969,69.0
131,1968,63.0
130,2004,16.0
130,2005,16.0
130,2006,11.0
130,2007,14.0
130,2008,19.0
130,2009,21.0
130,2010,24.0
130,2011,22.0
130,2012,23.0
130,2013,23.0
131,1961,30.0
131,1962,32.0
131,1963,37.0
131,1964,42.0
131,1965,47.0
131,1966,52.0
131,1967,57.0
130,2002,10.0
104,1994,96.0
104,1993,86.0
104,1992,84.0
79,1970,590.0
79,1971,633.0
79,1972,656.0
79,1973,676.0
79,1974,643.0
79,1975,697.0
79,1976,676.0
79,1969,534.0
79,1977,708.0
79,1979,751.0
79,1980,764.0
79,1981,758.0
79,1982,767.0
79,1983,741.0
79,1984,750.0
79,1985,745.0
79,1978,752.0
79,1986,761.0
79,1968,514.0
79,1966,458.0
73,2003,32.0
73,2004,29.0
73,2005,33.0
73,2006,26.0
73,2007,39.0
73,2008,49.0
73,2009,51.0
79,1967,489.0
73,2010,51.0
73,2012,56.0
73,2013,53.0
79,1961,368.0
79,1962,406.0
79,1963,376.0
79,1964,412.0
79,1965,438.0
73,2011,56.0
79,1987,804.0
79,1988,846.0
79,1989,840.0
79,2011,1490.0
79,2012,1458.0
79,2013,1469.0
81,1961,6.0
81,1962,5.0
81,1963,6.0
81,1964,7.0
79,2010,1476.0
81,1965,8.0
81,1967,8.0
81,1968,8.0
81,1969,8.0
81,1970,9.0
81,1971,9.0
81,1972,10.0
81,1973,11.0
81,1966,7.0
79,2009,1397.0
79,2008,1388.0
79,2007,1266.0
79,1990,894.0
79,1991,926.0
79,1992,984.0
79,1993,915.0
79,1994,992.0
79,1995,966.0
79,1996,1111.0
79,1997,1081.0
79,1998,1141.0
79,1999,1043.0
79,2000,1060.0
79,2001,1176.0
79,2002,1100.0
79,2003,1131.0
79,2004,1218.0
79,2005,1208.0
79,2006,1166.0
73,2002,32.0
81,1974,10.0
73,2001,28.0
73,1999,29.0
75,1964,0.0
75,1965,0.0
75,1966,0.0
75,1967,0.0
75,1968,0.0
75,1969,0.0
75,1970,0.0
75,1963,0.0
75,1971,0.0
75,1973,0.0
75,1974,0.0
75,1975,0.0
75,1976,0.0
75,1977,0.0
75,1978,0.0
75,1979,0.0
75,1972,0.0
75,1980,0.0
75,1962,0.0
74,2013,55.0
74,1997,15.0
74,1998,14.0
74,1999,13.0
74,2000,15.0
74,2001,17.0
74,2002,19.0
74,2003,21.0
75,1961,0.0
74,2004,28.0
74,2006,36.0
74,2007,40.0
74,2008,45.0
74,2009,49.0
74,2010,48.0
74,2011,53.0
74,2012,53.0
74,2005,34.0
75,1981,0.0
75,1982,0.0
75,1983,0.0
75,2005,7.0
75,2006,7.0
75,2007,7.0
75,2008,4.0
75,2009,6.0
75,2010,5.0
75,2011,8.0
75,2004,6.0
75,2012,7.0
73,1992,12.0
73,1993,10.0
73,1994,12.0
73,1995,12.0
73,1996,27.0
73,1997,31.0
73,1998,31.0
75,2013,5.0
75,2003,1.0
75,2002,2.0
75,2001,2.0
75,1984,1.0
75,1985,1.0
75,1986,1.0
75,1987,1.0
75,1988,1.0
75,1989,1.0
75,1990,1.0
75,1991,1.0
75,1992,1.0
75,1993,1.0
75,1994,1.0
75,1995,1.0
75,1996,1.0
75,1997,1.0
75,1998,1.0
75,1999,2.0
75,2000,3.0
73,2000,30.0
81,1975,10.0
81,1976,10.0
81,1977,12.0
86,1974,1.0
86,1975,1.0
86,1976,1.0
86,1977,1.0
86,1978,2.0
86,1979,2.0
86,1980,2.0
86,1973,1.0
86,1981,2.0
86,1983,2.0
86,1984,2.0
86,1985,2.0
86,1986,2.0
86,1987,2.0
86,1988,2.0
86,1989,2.0
86,1982,2.0
86,1990,2.0
86,1972,1.0
86,1970,1.0
84,2007,153.0
84,2008,163.0
84,2009,166.0
84,2010,166.0
84,2011,148.0
84,2012,165.0
84,2013,175.0
86,1971,1.0
86,1961,0.0
86,1963,0.0
86,1964,0.0
86,1965,0.0
86,1966,1.0
86,1967,0.0
86,1968,1.0
86,1969,1.0
86,1962,0.0
86,1991,2.0
86,1992,2.0
86,1993,3.0
89,1962,5.0
89,1963,5.0
89,1964,5.0
89,1965,6.0
89,1966,6.0
89,1967,6.0
89,1968,7.0
89,1961,5.0
89,1969,7.0
89,1971,8.0
89,1972,10.0
89,1973,11.0
89,1974,12.0
89,1975,13.0
89,1976,14.0
89,1977,14.0
89,1970,8.0
86,2013,5.0
86,2012,4.0
86,2011,4.0
86,1994,3.0
86,1995,2.0
86,1996,3.0
86,1997,3.0
86,1998,3.0
86,1999,3.0
86,2000,3.0
86,2001,3.0
86,2002,4.0
86,2003,4.0
86,2004,3.0
86,2005,4.0
86,2006,4.0
86,2007,4.0
86,2008,4.0
86,2009,4.0
86,2010,4.0
84,2006,157.0
84,2005,201.0
84,2004,189.0
84,2003,228.0
81,1999,36.0
81,2000,35.0
81,2001,33.0
81,2002,50.0
81,2003,81.0
81,2004,75.0
81,2005,81.0
81,1998,25.0
81,2006,89.0
81,2008,121.0
81,2009,115.0
81,2010,149.0
81,2011,199.0
81,2012,204.0
81,2013,224.0
84,1961,12.0
81,2007,122.0
81,1997,23.0
81,1996,22.0
81,1995,20.0
81,1978,12.0
81,1979,11.0
81,1980,11.0
81,1981,9.0
81,1982,8.0
81,1983,7.0
81,1984,6.0
81,1985,6.0
81,1986,6.0
81,1987,8.0
81,1988,8.0
81,1989,11.0
81,1990,16.0
81,1991,19.0
81,1992,19.0
81,1993,17.0
81,1994,17.0
84,1962,18.0
74,1996,13.0
84,1963,24.0
84,1965,37.0
84,1987,146.0
84,1988,147.0
84,1989,153.0
84,1990,160.0
84,1991,161.0
84,1992,151.0
84,1993,154.0
84,1986,142.0
84,1994,161.0
84,1996,166.0
84,1997,132.0
84,1998,143.0
84,1999,136.0
84,2000,146.0
84,2001,178.0
84,2002,168.0
84,1995,179.0
84,1985,142.0
84,1984,148.0
84,1983,147.0
84,1966,44.0
84,1967,53.0
84,1968,47.0
84,1969,59.0
84,1970,66.0
84,1971,83.0
84,1972,91.0
84,1973,105.0
84,1974,100.0
84,1975,111.0
84,1976,116.0
84,1977,112.0
84,1978,112.0
84,1979,124.0
84,1980,130.0
84,1981,134.0
84,1982,147.0
84,1964,26.0
89,1978,13.0
74,1995,16.0
74,1993,7.0
66,1985,4.0
66,1986,4.0
66,1987,4.0
66,1988,4.0
66,1989,5.0
66,1990,5.0
66,1991,6.0
66,1984,4.0
66,1992,7.0
66,1994,8.0
66,1995,9.0
66,1996,9.0
66,1997,10.0
66,1998,8.0
66,1999,9.0
66,2000,10.0
66,1993,8.0
66,2001,10.0
66,1983,4.0
66,1981,3.0
66,1965,0.0
66,1966,0.0
66,1967,0.0
66,1968,1.0
66,1969,1.0
66,1970,1.0
66,1971,1.0
66,1982,3.0
66,1972,1.0
66,1974,2.0
66,1975,2.0
66,1976,2.0
66,1977,2.0
66,1978,2.0
66,1979,3.0
66,1980,3.0
66,1973,2.0
66,2002,11.0
66,2003,13.0
66,2004,15.0
67,1973,8.0
67,1974,9.0
67,1975,11.0
67,1976,12.0
67,1977,13.0
67,1978,12.0
67,1979,14.0
67,1972,10.0
67,1980,15.0
67,1982,16.0
67,1983,18.0
67,1984,19.0
67,1985,20.0
67,1986,22.0
67,1987,27.0
67,1988,28.0
67,1981,17.0
67,1971,8.0
67,1970,9.0
67,1969,8.0
66,2005,15.0
66,2006,16.0
66,2007,16.0
66,2008,16.0
66,2009,13.0
66,2010,16.0
66,2011,21.0
66,2012,27.0
66,2013,18.0
67,1961,7.0
67,1962,6.0
67,1963,7.0
67,1964,7.0
67,1965,7.0
67,1966,7.0
67,1967,7.0
67,1968,7.0
66,1964,0.0
67,1989,33.0
66,1963,0.0
66,1961,0.0
63,2010,27.0
63,2011,25.0
63,2012,26.0
63,2013,27.0
238,1993,36.0
238,1994,36.0
238,1995,36.0
63,2009,26.0
238,1996,36.0
238,1998,37.0
238,1999,37.0
238,2000,38.0
238,2001,50.0
238,2002,54.0
238,2003,50.0
238,2004,47.0
238,1997,36.0
238,2005,43.0
63,2008,24.0
63,2006,22.0
60,2012,120.0
60,2013,126.0
63,1992,10.0
63,1993,6.0
63,1994,10.0
63,1995,11.0
63,1996,17.0
63,2007,23.0
63,1997,23.0
63,1999,19.0
63,2000,24.0
63,2001,27.0
63,2002,29.0
63,2003,28.0
63,2004,21.0
63,2005,22.0
63,1998,29.0
238,2006,45.0
238,2007,46.0
238,2008,49.0
62,1977,62.0
62,1978,66.0
62,1979,67.0
62,1980,68.0
62,1981,68.0
62,1982,69.0
62,1983,70.0
62,1976,56.0
62,1984,70.0
62,1986,72.0
62,1987,72.0
62,1988,75.0
62,1989,75.0
62,1990,76.0
62,1991,77.0
62,1992,77.0
62,1985,71.0
62,1975,55.0
62,1974,55.0
62,1973,56.0
238,2009,50.0
238,2010,59.0
238,2011,54.0
238,2012,61.0
238,2013,62.0
62,1961,43.0
62,1962,44.0
62,1963,43.0
62,1964,45.0
62,1965,46.0
62,1966,47.0
62,1967,48.0
62,1968,49.0
62,1969,52.0
62,1970,54.0
62,1971,56.0
62,1972,57.0
66,1962,0.0
67,1990,36.0
67,1991,40.0
67,1992,39.0
70,1989,5.0
70,1990,7.0
70,1991,6.0
70,1992,8.0
70,1993,7.0
70,1994,7.0
70,1995,8.0
70,1988,5.0
70,1996,8.0
70,1998,9.0
70,1999,9.0
70,2000,10.0
70,2001,10.0
70,2002,11.0
70,2003,11.0
70,2004,12.0
70,1997,8.0
70,2005,11.0
70,1987,5.0
70,1985,4.0
70,1969,1.0
70,1970,2.0
70,1971,1.0
70,1972,1.0
70,1973,2.0
70,1974,2.0
70,1975,2.0
70,1986,5.0
70,1976,2.0
70,1978,2.0
70,1979,3.0
70,1980,3.0
70,1981,3.0
70,1982,3.0
70,1983,3.0
70,1984,4.0
70,1977,2.0
70,2006,12.0
70,2007,12.0
70,2008,12.0
74,1977,3.0
74,1978,5.0
74,1979,4.0
74,1980,5.0
74,1981,6.0
74,1982,8.0
74,1983,8.0
74,1976,2.0
74,1984,8.0
74,1986,8.0
74,1987,10.0
74,1988,11.0
74,1989,8.0
74,1990,7.0
74,1991,9.0
74,1992,9.0
74,1985,9.0
74,1975,2.0
74,1974,1.0
74,1973,1.0
70,2009,12.0
70,2010,13.0
70,2011,13.0
70,2012,13.0
70,2013,14.0
74,1961,0.0
74,1962,0.0
74,1963,0.0
74,1964,0.0
74,1965,0.0
74,1966,0.0
74,1967,0.0
74,1968,0.0
74,1969,0.0
74,1970,0.0
74,1971,0.0
74,1972,0.0
70,1968,1.0
70,1967,1.0
70,1966,1.0
70,1965,1.0
68,1961,511.0
68,1962,523.0
68,1963,555.0
68,1964,586.0
68,1965,610.0
68,1966,451.0
68,1967,470.0
67,2013,108.0
68,1968,475.0
68,1970,608.0
68,1971,619.0
68,1972,673.0
68,1973,739.0
68,1974,751.0
68,1975,741.0
68,1976,786.0
68,1969,585.0
67,2012,104.0
67,2011,98.0
67,2010,94.0
67,1993,38.0
67,1994,43.0
67,1995,48.0
67,1996,56.0
67,1997,56.0
67,1998,61.0
67,1999,65.0
67,2000,71.0
67,2001,81.0
67,2002,88.0
67,2003,93.0
67,2004,94.0
67,2005,94.0
67,2006,91.0
67,2007,99.0
67,2008,105.0
67,2009,98.0
68,1977,796.0
74,1994,11.0
68,1978,836.0
68,1980,865.0
68,2002,1543.0
68,2003,1482.0
68,2004,1477.0
68,2005,1277.0
68,2006,1242.0
68,2007,1305.0
68,2008,1513.0
68,2001,1643.0
68,2009,1488.0
68,2011,1508.0
68,2012,1535.0
68,2013,1474.0
70,1961,0.0
70,1962,0.0
70,1963,0.0
70,1964,0.0
68,2010,1457.0
68,2000,1567.0
68,1999,1492.0
68,1998,1566.0
68,1981,893.0
68,1982,983.0
68,1983,899.0
68,1984,925.0
68,1985,974.0
68,1986,995.0
68,1987,1080.0
68,1988,1095.0
68,1989,1164.0
68,1990,1183.0
68,1991,1235.0
68,1992,1245.0
68,1993,1213.0
68,1994,1336.0
68,1995,1378.0
68,1996,1492.0
68,1997,1540.0
68,1979,852.0
143,1963,25.0
89,1979,16.0
89,1981,37.0
100,1984,176.0
100,1985,189.0
100,1986,209.0
100,1987,308.0
100,1988,313.0
100,1989,345.0
100,1990,391.0
100,1983,161.0
100,1991,522.0
100,1993,608.0
100,1994,625.0
100,1995,642.0
100,1996,660.0
100,1997,665.0
100,1998,738.0
100,1999,810.0
100,1992,540.0
100,2000,904.0
100,1982,153.0
100,1980,132.0
100,1964,81.0
100,1965,83.0
100,1966,85.0
100,1967,87.0
100,1968,88.0
100,1969,91.0
100,1970,93.0
100,1981,141.0
100,1971,95.0
100,1973,97.0
100,1974,98.0
100,1975,101.0
100,1976,103.0
100,1977,103.0
100,1978,108.0
100,1979,118.0
100,1972,96.0
100,2001,963.0
100,2002,1127.0
100,2003,1243.0
101,1972,79.0
101,1973,81.0
101,1974,89.0
101,1975,94.0
101,1976,98.0
101,1977,103.0
101,1978,112.0
101,1971,71.0
101,1979,142.0
101,1981,189.0
101,1982,201.0
101,1983,265.0
101,1984,280.0
101,1985,318.0
101,1986,343.0
101,1987,382.0
101,1980,178.0
101,1970,60.0
101,1969,59.0
101,1968,58.0
100,2004,1341.0
100,2005,1440.0
100,2006,1554.0
100,2007,1790.0
100,2008,1918.0
100,2009,2119.0
100,2010,2222.0
100,2011,2257.0
100,2012,2304.0
100,2013,2352.0
101,1961,54.0
101,1962,55.0
101,1963,56.0
101,1964,57.0
101,1965,58.0
101,1966,59.0
101,1967,61.0
100,1963,79.0
101,1988,404.0
100,1962,79.0
99,2013,9.0
97,2009,275.0
97,2010,237.0
97,2011,252.0
97,2012,260.0
97,2013,237.0
99,1961,0.0
99,1962,0.0
97,2008,284.0
99,1963,0.0
99,1965,0.0
99,1966,0.0
99,1967,0.0
99,1968,0.0
99,1969,0.0
99,1970,0.0
99,1971,0.0
99,1964,0.0
99,1972,0.0
97,2007,278.0
97,2005,337.0
97,1989,230.0
97,1990,236.0
97,1991,210.0
97,1992,238.0
97,1993,228.0
97,1994,235.0
97,1995,244.0
97,2006,296.0
97,1996,241.0
97,1998,277.0
97,1999,286.0
97,2000,348.0
97,2001,346.0
97,2002,377.0
97,2003,345.0
97,2004,344.0
97,1997,254.0
99,1973,0.0
99,1974,0.0
99,1975,0.0
99,1997,2.0
99,1998,3.0
99,1999,3.0
99,2000,3.0
99,2001,4.0
99,2002,5.0
99,2003,6.0
99,1996,2.0
99,2004,6.0
99,2006,7.0
99,2007,8.0
99,2008,8.0
99,2009,8.0
99,2010,7.0
99,2011,8.0
99,2012,9.0
99,2005,6.0
99,1995,2.0
99,1994,1.0
99,1993,2.0
99,1976,0.0
99,1977,1.0
99,1978,1.0
99,1979,1.0
99,1980,1.0
99,1981,1.0
99,1982,1.0
99,1983,1.0
99,1984,1.0
99,1985,2.0
99,1986,2.0
99,1987,2.0
99,1988,1.0
99,1989,1.0
99,1990,2.0
99,1991,2.0
99,1992,2.0
100,1961,78.0
101,1989,443.0
101,1990,509.0
101,1991,584.0
103,1988,253.0
103,1989,268.0
103,1990,188.0
103,1991,19.0
103,1992,31.0
103,1993,38.0
103,1994,41.0
103,1987,248.0
103,1995,40.0
103,1997,33.0
103,1998,28.0
103,1999,49.0
103,2000,74.0
103,2001,83.0
103,2002,95.0
103,2003,30.0
103,1996,40.0
103,2004,74.0
103,1986,234.0
103,1984,217.0
103,1968,13.0
103,1969,15.0
103,1970,18.0
103,1971,21.0
103,1972,25.0
103,1973,27.0
103,1974,30.0
103,1985,223.0
103,1975,32.0
103,1977,45.0
103,1978,56.0
103,1979,73.0
103,1980,117.0
103,1981,144.0
103,1982,179.0
103,1983,183.0
103,1976,32.0
103,2005,116.0
103,2006,125.0
103,2007,207.0
104,1976,38.0
104,1977,40.0
104,1978,45.0
104,1979,49.0
104,1980,48.0
104,1981,52.0
104,1982,58.0
104,1975,33.0
104,1983,59.0
104,1985,66.0
104,1986,72.0
104,1987,79.0
104,1988,80.0
104,1989,77.0
104,1990,85.0
104,1991,88.0
104,1984,62.0
104,1974,34.0
104,1973,40.0
104,1972,35.0
103,2008,223.0
103,2009,354.0
103,2010,315.0
103,2011,459.0
103,2012,441.0
103,2013,501.0
104,1961,15.0
104,1962,15.0
104,1963,17.0
104,1964,19.0
104,1965,21.0
104,1966,24.0
104,1967,24.0
104,1968,28.0
104,1969,30.0
104,1970,30.0
104,1971,34.0
103,1967,10.0
103,1966,7.0
103,1965,6.0
103,1964,5.0
101,2013,1874.0
102,1961,43.0
102,1962,43.0
102,1963,45.0
102,1964,46.0
102,1965,47.0
102,1966,47.0
101,2012,1768.0
102,1967,65.0
102,1969,82.0
102,1970,92.0
102,1971,103.0
102,1972,115.0
102,1973,118.0
102,1974,125.0
102,1975,138.0
102,1968,73.0
101,2011,1694.0
101,2010,1566.0
101,2009,1434.0
101,1992,648.0
101,1993,699.0
101,1994,824.0
101,1995,877.0
101,1996,949.0
101,1997,899.0
101,1998,618.0
101,1999,626.0
101,2000,832.0
101,2001,923.0
101,2002,1103.0
101,2003,1136.0
101,2004,1215.0
101,2005,1151.0
101,2006,1289.0
101,2007,1346.0
101,2008,1387.0
102,1976,155.0
97,1988,214.0
102,1977,176.0
102,1979,229.0
102,2001,887.0
102,2002,944.0
102,2003,1107.0
102,2004,1165.0
102,2005,1234.0
102,2006,1352.0
102,2007,1482.0
102,2000,830.0
102,2008,1579.0
102,2010,1879.0
102,2011,1956.0
102,2012,1888.0
102,2013,1965.0
103,1961,4.0
103,1962,4.0
103,1963,5.0
102,2009,2011.0
102,1999,746.0
102,1998,738.0
102,1997,717.0
102,1980,224.0
102,1981,285.0
102,1982,261.0
102,1983,281.0
102,1984,270.0
102,1985,263.0
102,1986,314.0
102,1987,340.0
102,1988,340.0
102,1989,389.0
102,1990,390.0
102,1991,431.0
102,1992,559.0
102,1993,621.0
102,1994,627.0
102,1995,650.0
102,1996,672.0
102,1978,217.0
89,1980,34.0
97,1987,236.0
97,1985,221.0
175,1977,0.0
175,1978,0.0
175,1979,0.0
175,1980,0.0
175,1981,0.0
175,1982,0.0
175,1983,0.0
175,1976,0.0
175,1984,0.0
175,1986,1.0
175,1987,1.0
175,1988,1.0
175,1989,1.0
175,1990,1.0
175,1991,1.0
175,1992,1.0
175,1985,1.0
175,1993,1.0
175,1975,0.0
175,1973,1.0
90,2010,15.0
90,2011,19.0
90,2012,19.0
90,2013,21.0
175,1961,0.0
175,1962,0.0
175,1963,0.0
175,1974,0.0
175,1964,0.0
175,1966,0.0
175,1967,0.0
175,1968,0.0
175,1969,0.0
175,1970,0.0
175,1971,0.0
175,1972,0.0
175,1965,0.0
175,1994,1.0
175,1995,1.0
175,1996,1.0
91,1965,3.0
91,1966,3.0
91,1967,3.0
91,1968,4.0
91,1969,6.0
91,1970,6.0
91,1971,7.0
91,1964,3.0
91,1972,8.0
91,1974,9.0
91,1975,10.0
91,1976,10.0
91,1977,11.0
91,1978,10.0
91,1979,10.0
91,1980,10.0
91,1973,9.0
91,1963,2.0
91,1962,2.0
91,1961,2.0
175,1997,1.0
175,1998,1.0
175,1999,1.0
175,2000,2.0
175,2001,2.0
175,2002,2.0
175,2003,2.0
175,2004,2.0
175,2005,2.0
175,2006,2.0
175,2007,2.0
175,2008,3.0
175,2009,3.0
175,2010,3.0
175,2011,3.0
175,2012,3.0
175,2013,3.0
90,2009,12.0
91,1981,10.0
90,2008,12.0
90,2006,9.0
89,2002,177.0
89,2003,167.0
89,2004,188.0
89,2005,196.0
89,2006,186.0
89,2007,222.0
89,2008,222.0
89,2001,148.0
89,2009,230.0
89,2011,244.0
89,2012,242.0
89,2013,254.0
90,1961,1.0
90,1962,1.0
90,1963,1.0
90,1964,1.0
89,2010,234.0
90,1965,1.0
89,2000,140.0
89,1998,144.0
89,1982,40.0
89,1983,42.0
89,1984,45.0
89,1985,48.0
89,1986,51.0
89,1987,53.0
89,1988,57.0
89,1999,142.0
89,1989,59.0
89,1991,67.0
89,1992,89.0
89,1993,89.0
89,1994,96.0
89,1995,102.0
89,1996,107.0
89,1997,130.0
89,1990,62.0
90,1966,1.0
90,1967,1.0
90,1968,1.0
90,1990,3.0
90,1991,3.0
90,1992,3.0
90,1993,5.0
90,1994,4.0
90,1995,4.0
90,1996,4.0
90,1989,3.0
90,1997,4.0
90,1999,5.0
90,2000,5.0
90,2001,5.0
90,2002,6.0
90,2003,7.0
90,2004,8.0
90,2005,9.0
90,1998,4.0
90,1988,3.0
90,1987,2.0
90,1986,2.0
90,1969,1.0
90,1970,1.0
90,1971,1.0
90,1972,1.0
90,1973,1.0
90,1974,1.0
90,1975,1.0
90,1976,2.0
90,1977,2.0
90,1978,2.0
90,1979,2.0
90,1980,2.0
90,1981,2.0
90,1982,2.0
90,1983,2.0
90,1984,2.0
90,1985,2.0
90,2007,11.0
91,1982,7.0
91,1983,4.0
91,1984,4.0
95,1981,10.0
95,1982,12.0
95,1983,13.0
95,1984,13.0
95,1985,18.0
95,1986,17.0
95,1987,16.0
95,1980,9.0
95,1988,21.0
95,1990,28.0
95,1991,31.0
95,1992,36.0
95,1993,40.0
95,1994,47.0
95,1995,51.0
95,1996,55.0
95,1989,20.0
95,1997,62.0
95,1979,8.0
95,1977,7.0
95,1961,3.0
95,1962,3.0
95,1963,3.0
95,1964,4.0
95,1965,4.0
95,1966,5.0
95,1967,5.0
95,1978,8.0
95,1968,5.0
95,1970,5.0
95,1971,5.0
95,1972,5.0
95,1973,5.0
95,1974,5.0
95,1975,6.0
95,1976,6.0
95,1969,5.0
95,1998,62.0
95,1999,73.0
95,2000,85.0
97,1969,134.0
97,1970,147.0
97,1971,152.0
97,1972,150.0
97,1973,156.0
97,1974,162.0
97,1975,161.0
97,1968,124.0
97,1976,174.0
97,1978,181.0
97,1979,186.0
97,1980,193.0
97,1981,202.0
97,1982,215.0
97,1983,212.0
97,1984,223.0
97,1977,172.0
97,1967,125.0
97,1966,118.0
97,1965,112.0
95,2001,75.0
95,2002,111.0
95,2003,123.0
95,2004,137.0
95,2005,149.0
95,2006,136.0
95,2007,144.0
95,2008,152.0
95,2009,157.0
95,2010,147.0
95,2011,164.0
95,2012,166.0
95,2013,164.0
97,1961,94.0
97,1962,99.0
97,1963,105.0
97,1964,111.0
93,2013,78.0
93,2012,81.0
93,2011,76.0
93,2010,59.0
91,2006,22.0
91,2007,25.0
91,2008,24.0
91,2009,27.0
91,2010,26.0
91,2011,28.0
91,2012,29.0
91,2005,24.0
91,2013,29.0
93,1962,2.0
93,1963,2.0
93,1964,3.0
93,1965,3.0
93,1966,3.0
93,1967,3.0
93,1968,3.0
93,1961,2.0
91,2004,25.0
91,2003,25.0
91,2002,21.0
91,1985,3.0
91,1986,3.0
91,1987,4.0
91,1988,4.0
91,1989,2.0
91,1990,3.0
91,1991,5.0
91,1992,11.0
91,1993,13.0
91,1994,13.0
91,1995,14.0
91,1996,15.0
91,1997,17.0
91,1998,18.0
91,1999,20.0
91,2000,23.0
91,2001,19.0
93,1969,3.0
97,1986,237.0
93,1970,3.0
93,1972,4.0
93,1994,9.0
93,1995,13.0
93,1996,15.0
93,1997,20.0
93,1998,27.0
93,1999,41.0
93,2000,24.0
93,1993,6.0
93,2001,25.0
93,2003,37.0
93,2004,26.0
93,2005,30.0
93,2006,30.0
93,2007,32.0
93,2008,32.0
93,2009,40.0
93,2002,33.0
93,1992,6.0
93,1991,6.0
93,1990,7.0
93,1973,4.0
93,1974,4.0
93,1975,4.0
93,1976,4.0
93,1977,5.0
93,1978,5.0
93,1979,5.0
93,1980,6.0
93,1981,6.0
93,1982,7.0
93,1983,8.0
93,1984,9.0
93,1985,8.0
93,1986,8.0
93,1987,9.0
93,1988,8.0
93,1989,7.0
93,1971,4.0
143,1964,27.0
