geo,year,juice_orange_concentrated_export_value_tcl
3,1961,
3,1962,
3,1963,
3,1964,
3,1965,
3,1966,
3,1967,
3,1968,
3,1969,
3,1970,
3,1971,
3,1972,
3,1973,
3,1974,
3,1975,
3,1976,
3,1977,
3,1978,
3,1979,
3,1980,
3,1981,
3,1982,
3,1983,
3,1984,
3,1985,
3,1986,
3,1987,
3,1988,
3,1989,
3,1990,
3,1991,
3,1992,
3,1993,
3,1994,
3,1995,
3,1996,
3,1997,
3,1998,
3,1999,0.0
3,2000,16.0
3,2001,17.0
3,2002,0.0
3,2003,19.0
3,2004,3.0
3,2005,40.0
3,2006,20.0
3,2007,0.0
3,2008,0.0
3,2009,0.0
3,2010,0.0
3,2011,0.0
3,2012,0.0
3,2013,4.0
8,1961,
8,1962,
8,1963,
8,1964,
8,1965,
8,1966,
8,1967,
8,1968,
8,1969,
8,1970,
8,1971,
8,1972,
8,1973,
8,1974,
8,1975,
8,1976,
8,1977,
8,1978,
8,1979,
8,1980,
8,1981,
8,1982,
8,1983,
8,1984,
8,1985,
8,1986,
8,1987,
8,1988,
8,1989,
8,1990,
8,1991,
8,1992,
8,1993,
8,1994,
8,1995,
8,1996,
8,1997,
8,1998,
8,1999,
8,2000,
8,2001,
8,2002,
8,2003,
8,2004,
8,2005,0.0
8,2006,0.0
8,2007,0.0
8,2008,0.0
8,2009,0.0
8,2010,0.0
8,2011,1.0
8,2012,0.0
8,2013,0.0
9,1961,0.0
9,1962,0.0
9,1963,0.0
9,1964,0.0
9,1965,0.0
9,1966,0.0
9,1967,0.0
9,1968,0.0
9,1969,0.0
9,1970,0.0
9,1971,0.0
9,1972,0.0
9,1973,0.0
9,1974,0.0
9,1975,712.0
9,1976,1547.0
9,1977,3072.0
9,1978,1940.0
9,1979,1615.0
9,1980,1537.0
9,1981,3092.0
9,1982,1579.0
9,1983,1488.0
9,1984,2649.0
9,1985,1956.0
9,1986,2386.0
9,1987,5216.0
9,1988,10716.0
9,1989,7868.0
9,1990,14357.0
9,1991,7854.0
9,1992,6155.0
9,1993,4682.0
9,1994,978.0
9,1995,7228.0
9,1996,1858.0
9,1997,2074.0
9,1998,5785.0
9,1999,5871.0
9,2000,1332.0
9,2001,1863.0
9,2002,4804.0
9,2003,3018.0
9,2004,3688.0
9,2005,7798.0
9,2006,11128.0
9,2007,10546.0
9,2008,12031.0
9,2009,9467.0
9,2010,10621.0
9,2011,12822.0
9,2012,11542.0
9,2013,5219.0
1,1992,
1,1993,
1,1994,
1,1995,
1,1996,4.0
1,1997,4.0
1,1998,6.0
1,1999,0.0
1,2000,0.0
1,2001,0.0
1,2002,0.0
1,2003,9.0
1,2004,7.0
1,2005,0.0
1,2006,0.0
1,2007,3.0
1,2008,0.0
1,2009,7.0
1,2010,0.0
1,2011,3.0
1,2012,0.0
1,2013,0.0
22,1961,
22,1962,
22,1963,
22,1964,
22,1965,
22,1966,
22,1967,
22,1968,
22,1969,
22,1970,
22,1971,
22,1972,
22,1973,
22,1974,
22,1975,
22,1976,
22,1977,
22,1978,
22,1979,
22,1980,
22,1981,
22,1982,
22,1983,
22,1984,
22,1985,
22,1986,
22,1987,
22,1988,
22,1989,
22,1990,
22,1991,
22,1992,
22,1993,
22,1994,
22,1995,
22,1996,
22,1997,
22,1998,
22,1999,
22,2000,
22,2001,
22,2002,
22,2003,
22,2004,
22,2005,
22,2006,
22,2007,
22,2008,
22,2009,59.0
22,2010,32.0
22,2011,28.0
22,2012,28.0
22,2013,28.0
10,1961,0.0
10,1962,0.0
10,1963,0.0
10,1964,0.0
10,1965,0.0
10,1966,0.0
10,1967,0.0
10,1968,0.0
10,1969,0.0
10,1970,0.0
10,1971,0.0
10,1972,0.0
10,1973,0.0
10,1974,0.0
10,1975,0.0
10,1976,0.0
10,1977,0.0
10,1978,0.0
10,1979,0.0
10,1980,0.0
10,1981,0.0
10,1982,0.0
10,1983,0.0
10,1984,0.0
10,1985,0.0
10,1986,0.0
10,1987,0.0
10,1988,1245.0
10,1989,310.0
10,1990,506.0
10,1991,746.0
10,1992,542.0
10,1993,681.0
10,1994,1310.0
10,1995,0.0
10,1996,874.0
10,1997,0.0
10,1998,0.0
10,1999,0.0
10,2000,0.0
10,2001,0.0
10,2002,0.0
10,2003,0.0
10,2004,0.0
10,2005,0.0
10,2006,0.0
10,2007,0.0
10,2008,0.0
10,2009,0.0
10,2010,0.0
10,2011,0.0
10,2012,2269.0
10,2013,4272.0
11,1961,0.0
11,1962,0.0
11,1963,0.0
11,1964,0.0
11,1965,0.0
11,1966,0.0
11,1967,2.0
11,1968,2.0
11,1969,1.0
11,1970,2.0
11,1971,2.0
11,1972,0.0
11,1973,0.0
11,1974,0.0
11,1975,0.0
11,1976,43.0
11,1977,29.0
11,1978,0.0
11,1979,3.0
11,1980,106.0
11,1981,53.0
11,1982,45.0
11,1983,29.0
11,1984,157.0
11,1985,260.0
11,1986,16.0
11,1987,1756.0
11,1988,476.0
11,1989,63.0
11,1990,443.0
11,1991,313.0
11,1992,197.0
11,1993,238.0
11,1994,421.0
11,1995,72.0
11,1996,44.0
11,1997,60.0
11,1998,189.0
11,1999,607.0
11,2000,361.0
11,2001,232.0
11,2002,862.0
11,2003,1000.0
11,2004,1103.0
11,2005,1095.0
11,2006,159.0
11,2007,245.0
11,2008,494.0
11,2009,324.0
11,2010,273.0
11,2011,1572.0
11,2012,1561.0
11,2013,2701.0
52,1992,
52,1993,
52,1994,59.0
52,1995,
52,1996,2420.0
52,1997,2420.0
52,1998,0.0
52,1999,0.0
52,2000,0.0
52,2001,0.0
52,2002,0.0
52,2003,0.0
52,2004,15.0
52,2005,45.0
52,2006,0.0
52,2007,0.0
52,2008,0.0
52,2009,26.0
52,2010,98.0
52,2011,0.0
52,2012,5.0
52,2013,0.0
13,1961,
13,1962,
13,1963,
13,1964,
13,1965,
13,1966,
13,1967,
13,1968,
13,1969,
13,1970,
13,1971,
13,1972,
13,1973,
13,1974,
13,1975,
13,1976,
13,1977,
13,1978,
13,1979,
13,1980,
13,1981,
13,1982,
13,1983,
13,1984,
13,1985,
13,1986,
13,1987,
13,1988,
13,1989,
13,1990,
13,1991,
13,1992,
13,1993,
13,1994,
13,1995,
13,1996,
13,1997,
13,1998,
13,1999,
13,2000,
13,2001,260.0
13,2002,867.0
13,2003,49.0
13,2004,7.0
13,2005,128.0
13,2006,81.0
13,2007,96.0
13,2008,232.0
13,2009,45.0
13,2010,96.0
13,2011,5.0
13,2012,6.0
13,2013,200.0
16,1961,
16,1962,
16,1963,
16,1964,
16,1965,
16,1966,
16,1967,
16,1968,
16,1969,
16,1970,
16,1971,
16,1972,
16,1973,
16,1974,
16,1975,
16,1976,
16,1977,
16,1978,
16,1979,
16,1980,
16,1981,
16,1982,
16,1983,
16,1984,
16,1985,
16,1986,
16,1987,
16,1988,
16,1989,
16,1990,
16,1991,
16,1992,
16,1993,
16,1994,
16,1995,
16,1996,
16,1997,
16,1998,
16,1999,
16,2000,
16,2001,
16,2002,
16,2003,
16,2004,
16,2005,44.0
16,2006,27.0
16,2007,5.0
16,2008,49.0
16,2009,17.0
16,2010,46.0
16,2011,32.0
16,2012,88.0
16,2013,146.0
14,1961,0.0
14,1962,0.0
14,1963,0.0
14,1964,0.0
14,1965,0.0
14,1966,0.0
14,1967,0.0
14,1968,0.0
14,1969,0.0
14,1970,0.0
14,1971,0.0
14,1972,0.0
14,1973,0.0
14,1974,0.0
14,1975,0.0
14,1976,0.0
14,1977,0.0
14,1978,0.0
14,1979,0.0
14,1980,0.0
14,1981,0.0
14,1982,0.0
14,1983,0.0
14,1984,0.0
14,1985,0.0
14,1986,1.0
14,1987,0.0
14,1988,13.0
14,1989,204.0
14,1990,2.0
14,1991,0.0
14,1992,0.0
14,1993,1.0
14,1994,0.0
14,1995,0.0
14,1996,1.0
14,1997,0.0
14,1998,49.0
14,1999,81.0
14,2000,81.0
14,2001,0.0
14,2002,6.0
14,2003,7.0
14,2004,0.0
14,2005,69.0
14,2006,0.0
14,2007,17.0
14,2008,3.0
14,2009,32.0
14,2010,2.0
14,2011,48.0
14,2012,13.0
14,2013,0.0
57,1992,
57,1993,
57,1994,
57,1995,
57,1996,
57,1997,
57,1998,
57,1999,
57,2000,
57,2001,
57,2002,42.0
57,2003,0.0
57,2004,1.0
57,2005,25.0
57,2006,0.0
57,2007,0.0
57,2008,0.0
57,2009,0.0
57,2010,0.0
57,2011,0.0
57,2012,15.0
57,2013,61.0
255,2000,2670.0
255,2001,6492.0
255,2002,17364.0
255,2003,16490.0
255,2004,13861.0
255,2005,15616.0
255,2006,8487.0
255,2007,6948.0
255,2008,8986.0
255,2009,3105.0
255,2010,1745.0
255,2011,763463.0
255,2012,673326.0
255,2013,492860.0
15,1961,0.0
15,1962,0.0
15,1963,0.0
15,1964,0.0
15,1965,0.0
15,1966,0.0
15,1967,0.0
15,1968,0.0
15,1969,0.0
15,1970,0.0
15,1971,0.0
15,1972,0.0
15,1973,0.0
15,1974,0.0
15,1975,0.0
15,1976,78.0
15,1977,28.0
15,1978,159.0
15,1979,239.0
15,1980,205.0
15,1981,81.0
15,1982,88.0
15,1983,65.0
15,1984,97.0
15,1985,34.0
15,1986,211.0
15,1987,152.0
15,1988,629.0
15,1989,672.0
15,1990,545.0
15,1991,1045.0
15,1992,886.0
15,1993,238.0
15,1994,695.0
15,1995,995.0
15,1996,1159.0
15,1997,556.0
15,1998,242.0
15,1999,736.0
23,1961,1071.0
23,1962,32.0
23,1963,1323.0
23,1964,1833.0
23,1965,1164.0
23,1966,1172.0
23,1967,858.0
23,1968,914.0
23,1969,1143.0
23,1970,927.0
23,1971,830.0
23,1972,1320.0
23,1973,1388.0
23,1974,1746.0
23,1975,1413.0
23,1976,1286.0
23,1977,721.0
23,1978,1280.0
23,1979,4030.0
23,1980,3961.0
23,1981,5100.0
23,1982,4899.0
23,1983,4897.0
23,1984,8373.0
23,1985,8540.0
23,1986,6905.0
23,1987,12802.0
23,1988,12320.0
23,1989,14217.0
23,1990,16771.0
23,1991,8009.0
23,1992,20582.0
23,1993,8797.0
23,1994,11585.0
23,1995,22441.0
23,1996,23766.0
23,1997,21165.0
23,1998,18056.0
23,1999,22785.0
23,2000,58990.0
23,2001,35557.0
23,2002,25050.0
23,2003,13000.0
23,2004,11515.0
23,2005,43908.0
23,2006,43678.0
23,2007,52177.0
23,2008,46465.0
23,2009,21555.0
23,2010,32488.0
23,2011,46347.0
23,2012,65040.0
23,2013,47800.0
17,1961,
17,1962,
17,1963,
17,1964,
17,1965,
17,1966,
17,1967,
17,1968,
17,1969,
17,1970,
17,1971,
17,1972,
17,1973,
17,1974,
17,1975,
17,1976,
17,1977,
17,1978,
17,1979,
17,1980,
17,1981,
17,1982,
17,1983,
17,1984,
17,1985,
17,1986,
17,1987,
17,1988,
17,1989,
17,1990,
17,1991,
17,1992,
17,1993,
17,1994,
17,1995,
17,1996,
17,1997,
17,1998,
17,1999,
17,2000,
17,2001,
17,2002,
17,2003,
17,2004,
17,2005,
17,2006,
17,2007,
17,2008,
17,2009,
17,2010,
17,2011,
17,2012,
17,2013,5.0
18,1961,
18,1962,
18,1963,
18,1964,
18,1965,
18,1966,
18,1967,
18,1968,
18,1969,
18,1970,
18,1971,
18,1972,
18,1973,
18,1974,
18,1975,
18,1976,
18,1977,
18,1978,
18,1979,
18,1980,
18,1981,
18,1982,
18,1983,
18,1984,
18,1985,
18,1986,
18,1987,
18,1988,
18,1989,
18,1990,
18,1991,
18,1992,
18,1993,
18,1994,
18,1995,
18,1996,
18,1997,
18,1998,
18,1999,
18,2000,
18,2001,
18,2002,
18,2003,
18,2004,
18,2005,
18,2006,
18,2007,
18,2008,
18,2009,
18,2010,
18,2011,
18,2012,354.0
18,2013,354.0
19,1961,
19,1962,
19,1963,
19,1964,
19,1965,
19,1966,
19,1967,
19,1968,
19,1969,
19,1970,
19,1971,
19,1972,
19,1973,
19,1974,
19,1975,
19,1976,
19,1977,
19,1978,
19,1979,
19,1980,
19,1981,
19,1982,
19,1983,
19,1984,
19,1985,
19,1986,
19,1987,
19,1988,
19,1989,
19,1990,
19,1991,
19,1992,
19,1993,
19,1994,12.0
19,1995,17.0
19,1996,17.0
19,1997,0.0
19,1998,0.0
19,1999,0.0
19,2000,0.0
19,2001,0.0
19,2002,0.0
19,2003,0.0
19,2004,0.0
19,2005,0.0
19,2006,0.0
19,2007,0.0
19,2008,0.0
19,2009,0.0
19,2010,0.0
19,2011,0.0
19,2012,0.0
19,2013,0.0
80,1992,
80,1993,
80,1994,
80,1995,
80,1996,
80,1997,
80,1998,
80,1999,
80,2000,
80,2001,
80,2002,
80,2003,
80,2004,1.0
80,2005,57.0
80,2006,21.0
80,2007,34.0
80,2008,13.0
80,2009,2.0
80,2010,3.0
80,2011,2.0
80,2012,5.0
80,2013,3.0
20,1961,
20,1962,
20,1963,
20,1964,
20,1965,
20,1966,
20,1967,
20,1968,
20,1969,
20,1970,
20,1971,
20,1972,
20,1973,
20,1974,
20,1975,
20,1976,
20,1977,
20,1978,
20,1979,
20,1980,
20,1981,
20,1982,
20,1983,
20,1984,
20,1985,
20,1986,
20,1987,
20,1988,
20,1989,
20,1990,
20,1991,
20,1992,
20,1993,
20,1994,
20,1995,
20,1996,
20,1997,
20,1998,
20,1999,
20,2000,
20,2001,
20,2002,
20,2003,
20,2004,
20,2005,
20,2006,
20,2007,
20,2008,
20,2009,
20,2010,
20,2011,
20,2012,31.0
20,2013,0.0
21,1961,0.0
21,1962,84.0
21,1963,2167.0
21,1964,1437.0
21,1965,1884.0
21,1966,4737.0
21,1967,6693.0
21,1968,11631.0
21,1969,10910.0
21,1970,14736.0
21,1971,35859.0
21,1972,41499.0
21,1973,63622.0
21,1974,59170.0
21,1975,82204.0
21,1976,100882.0
21,1977,177026.0
21,1978,332621.0
21,1979,281414.0
21,1980,338653.0
21,1981,659156.0
21,1982,573388.0
21,1983,607931.0
21,1984,1414500.0
21,1985,748925.0
21,1986,682186.0
21,1987,830502.0
21,1988,114332.0
21,1989,1018950.0
21,1990,1468440.0
21,1991,900290.0
21,1992,1052960.0
21,1993,826352.0
21,1994,985563.0
21,1995,1105390.0
21,1996,1393780.0
21,1997,1003020.0
21,1998,1262340.0
21,1999,1235060.0
21,2000,1019260.0
21,2001,812554.0
21,2002,869308.0
21,2003,910227.0
21,2004,789683.0
21,2005,796132.0
21,2006,1043141.0
21,2007,1542603.0
21,2008,1144612.0
21,2009,706131.0
21,2010,685512.0
21,2011,887673.0
21,2012,1878766.0
21,2013,1860848.0
26,1961,
26,1962,
26,1963,
26,1964,
26,1965,
26,1966,
26,1967,
26,1968,
26,1969,
26,1970,
26,1971,
26,1972,
26,1973,
26,1974,
26,1975,
26,1976,
26,1977,
26,1978,
26,1979,
26,1980,
26,1981,
26,1982,
26,1983,
26,1984,
26,1985,
26,1986,
26,1987,
26,1988,
26,1989,
26,1990,
26,1991,
26,1992,
26,1993,
26,1994,
26,1995,
26,1996,
26,1997,
26,1998,
26,1999,
26,2000,
26,2001,
26,2002,
26,2003,
26,2004,
26,2005,
26,2006,
26,2007,
26,2008,
26,2009,
26,2010,
26,2011,
26,2012,
26,2013,3.0
27,1961,
27,1962,
27,1963,
27,1964,
27,1965,
27,1966,
27,1967,
27,1968,
27,1969,
27,1970,
27,1971,
27,1972,
27,1973,
27,1974,
27,1975,
27,1976,
27,1977,
27,1978,
27,1979,
27,1980,
27,1981,
27,1982,
27,1983,
27,1984,
27,1985,
27,1986,
27,1987,
27,1988,
27,1989,
27,1990,
27,1991,
27,1992,
27,1993,
27,1994,
27,1995,
27,1996,
27,1997,
27,1998,
27,1999,
27,2000,
27,2001,
27,2002,
27,2003,
27,2004,
27,2005,
27,2006,120.0
27,2007,36.0
27,2008,64.0
27,2009,56.0
27,2010,50.0
27,2011,19.0
27,2012,584.0
27,2013,483.0
233,1961,
233,1962,
233,1963,
233,1964,
233,1965,
233,1966,
233,1967,
233,1968,
233,1969,
233,1970,
233,1971,
233,1972,
233,1973,
233,1974,
233,1975,
233,1976,
233,1977,
233,1978,
233,1979,
233,1980,
233,1981,
233,1982,
233,1983,
233,1984,
233,1985,
233,1986,
233,1987,
233,1988,
233,1989,
233,1990,
233,1991,
233,1992,
233,1993,
233,1994,
233,1995,
233,1996,
233,1997,
233,1998,
233,1999,
233,2000,
233,2001,
233,2002,
233,2003,
233,2004,1.0
233,2005,1.0
233,2006,1.0
233,2007,1.0
233,2008,1.0
233,2009,0.0
233,2010,0.0
233,2011,0.0
233,2012,65.0
233,2013,408.0
35,1961,
35,1962,
35,1963,
35,1964,
35,1965,
35,1966,
35,1967,
35,1968,
35,1969,
35,1970,
35,1971,
35,1972,
35,1973,
35,1974,
35,1975,
35,1976,
35,1977,
35,1978,
35,1979,
35,1980,
35,1981,
35,1982,
35,1983,
35,1984,
35,1985,
35,1986,
35,1987,
35,1988,
35,1989,
35,1990,
35,1991,
35,1992,
35,1993,
35,1994,
35,1995,
35,1996,
35,1997,
35,1998,4.0
35,1999,5.0
35,2000,4.0
35,2001,0.0
35,2002,0.0
35,2003,0.0
35,2004,0.0
35,2005,16.0
35,2006,7.0
35,2007,0.0
35,2008,0.0
35,2009,0.0
35,2010,0.0
35,2011,0.0
35,2012,0.0
35,2013,0.0
32,1961,
32,1962,
32,1963,
32,1964,
32,1965,
32,1966,
32,1967,
32,1968,
32,1969,
32,1970,
32,1971,
32,1972,
32,1973,
32,1974,
32,1975,
32,1976,
32,1977,
32,1978,
32,1979,
32,1980,
32,1981,
32,1982,
32,1983,
32,1984,
32,1985,
32,1986,
32,1987,
32,1988,
32,1989,
32,1990,
32,1991,
32,1992,
32,1993,
32,1994,
32,1995,
32,1996,
32,1997,
32,1998,
32,1999,
32,2000,1.0
32,2001,0.0
32,2002,0.0
32,2003,0.0
32,2004,0.0
32,2005,0.0
32,2006,2.0
32,2007,0.0
32,2008,0.0
32,2009,0.0
32,2010,219.0
32,2011,118.0
32,2012,85.0
32,2013,85.0
33,1961,0.0
33,1962,0.0
33,1963,0.0
33,1964,0.0
33,1965,0.0
33,1966,0.0
33,1967,0.0
33,1968,0.0
33,1969,0.0
33,1970,0.0
33,1971,0.0
33,1972,0.0
33,1973,0.0
33,1974,0.0
33,1975,0.0
33,1976,0.0
33,1977,0.0
33,1978,0.0
33,1979,0.0
33,1980,0.0
33,1981,0.0
33,1982,0.0
33,1983,0.0
33,1984,0.0
33,1985,0.0
33,1986,0.0
33,1987,0.0
33,1988,1515.0
33,1989,646.0
33,1990,708.0
33,1991,663.0
33,1992,1009.0
33,1993,841.0
33,1994,791.0
33,1995,603.0
33,1996,464.0
33,1997,671.0
33,1998,462.0
33,1999,606.0
33,2000,381.0
33,2001,834.0
33,2002,1233.0
33,2003,5762.0
33,2004,6288.0
33,2005,7658.0
33,2006,6729.0
33,2007,6793.0
33,2008,6337.0
33,2009,4923.0
33,2010,3884.0
33,2011,18952.0
33,2012,23172.0
33,2013,17887.0
37,1961,0.0
37,1962,0.0
37,1963,0.0
37,1964,0.0
37,1965,0.0
37,1966,0.0
37,1967,0.0
37,1968,0.0
37,1969,0.0
37,1970,0.0
37,1971,0.0
37,1972,0.0
37,1973,0.0
37,1974,0.0
37,1975,0.0
37,1976,0.0
37,1977,0.0
37,1978,0.0
37,1979,0.0
37,1980,0.0
37,1981,0.0
37,1982,0.0
37,1983,0.0
37,1984,0.0
37,1985,0.0
37,1986,0.0
37,1987,0.0
37,1988,0.0
37,1989,0.0
37,1990,0.0
37,1991,0.0
37,1992,4.0
37,1993,0.0
37,1994,0.0
37,1995,0.0
37,1996,0.0
37,1997,0.0
37,1998,0.0
37,1999,0.0
37,2000,0.0
37,2001,0.0
37,2002,0.0
37,2003,0.0
37,2004,0.0
37,2005,0.0
37,2006,0.0
37,2007,0.0
37,2008,0.0
37,2009,0.0
37,2010,0.0
37,2011,0.0
37,2012,0.0
37,2013,0.0
40,1961,
40,1962,
40,1963,
40,1964,
40,1965,
40,1966,
40,1967,
40,1968,
40,1969,
40,1970,
40,1971,
40,1972,
40,1973,
40,1974,
40,1975,
40,1976,
40,1977,
40,1978,
40,1979,
40,1980,
40,1981,
40,1982,
40,1983,
40,1984,
40,1985,
40,1986,
40,1987,
40,1988,
40,1989,
40,1990,
40,1991,
40,1992,
40,1993,
40,1994,
40,1995,
40,1996,
40,1997,
40,1998,
40,1999,
40,2000,
40,2001,
40,2002,
40,2003,
40,2004,
40,2005,
40,2006,
40,2007,
40,2008,
40,2009,
40,2010,
40,2011,
40,2012,2.0
40,2013,29.0
96,1961,
96,1962,
96,1963,
96,1964,
96,1965,
96,1966,
96,1967,
96,1968,
96,1969,
96,1970,
96,1971,
96,1972,
96,1973,
96,1974,
96,1975,
96,1976,
96,1977,
96,1978,
96,1979,
96,1980,
96,1981,
96,1982,
96,1983,
96,1984,
96,1985,
96,1986,
96,1987,
96,1988,
96,1989,
96,1990,
96,1991,
96,1992,
96,1993,
96,1994,
96,1995,
96,1996,
96,1997,
96,1998,
96,1999,
96,2000,
96,2001,
96,2002,
96,2003,
96,2004,
96,2005,
96,2006,
96,2007,
96,2008,
96,2009,
96,2010,
96,2011,
96,2012,
96,2013,172.0
41,1961,
41,1962,
41,1963,
41,1964,
41,1965,
41,1966,
41,1967,
41,1968,
41,1969,
41,1970,
41,1971,
41,1972,
41,1973,
41,1974,
41,1975,
41,1976,
41,1977,
41,1978,
41,1979,
41,1980,
41,1981,
41,1982,
41,1983,
41,1984,
41,1985,
41,1986,
41,1987,
41,1988,
41,1989,
41,1990,
41,1991,
41,1992,
41,1993,
41,1994,
41,1995,
41,1996,
41,1997,
41,1998,
41,1999,
41,2000,752.0
41,2001,844.0
41,2002,455.0
41,2003,470.0
41,2004,433.0
41,2005,1300.0
41,2006,2406.0
41,2007,3161.0
41,2008,6545.0
41,2009,5159.0
41,2010,0.0
41,2011,0.0
41,2012,2977.0
41,2013,1483.0
214,1961,0.0
214,1962,0.0
214,1963,0.0
214,1964,0.0
214,1965,0.0
214,1966,0.0
214,1967,0.0
214,1968,0.0
214,1969,0.0
214,1970,0.0
214,1971,0.0
214,1972,0.0
214,1973,0.0
214,1974,0.0
214,1975,0.0
214,1976,0.0
214,1977,0.0
214,1978,0.0
214,1979,0.0
214,1980,0.0
214,1981,0.0
214,1982,0.0
214,1983,0.0
214,1984,0.0
214,1985,0.0
214,1986,0.0
214,1987,0.0
214,1988,0.0
214,1989,47.0
214,1990,0.0
214,1991,53.0
214,1992,1449.0
214,1993,923.0
214,1994,191.0
214,1995,195.0
214,1996,76.0
214,1997,1015.0
214,1998,50.0
214,1999,68.0
214,2000,0.0
214,2001,214.0
214,2002,401.0
214,2003,1296.0
214,2004,3951.0
214,2005,2553.0
214,2006,2141.0
214,2007,206.0
214,2008,1196.0
214,2009,3012.0
214,2010,2938.0
214,2011,4347.0
214,2012,3760.0
214,2013,3183.0
46,1961,
46,1962,
46,1963,
46,1964,
46,1965,
46,1966,
46,1967,
46,1968,
46,1969,
46,1970,
46,1971,
46,1972,
46,1973,
46,1974,
46,1975,
46,1976,
46,1977,
46,1978,
46,1979,
46,1980,
46,1981,
46,1982,
46,1983,
46,1984,
46,1985,
46,1986,
46,1987,
46,1988,
46,1989,
46,1990,
46,1991,
46,1992,
46,1993,
46,1994,
46,1995,
46,1996,
46,1997,
46,1998,
46,1999,
46,2000,
46,2001,
46,2002,
46,2003,
46,2004,
46,2005,1.0
46,2006,0.0
46,2007,2.0
46,2008,0.0
46,2009,0.0
46,2010,0.0
46,2011,0.0
46,2012,8.0
46,2013,11.0
48,1961,0.0
48,1962,0.0
48,1963,0.0
48,1964,0.0
48,1965,0.0
48,1966,0.0
48,1967,0.0
48,1968,0.0
48,1969,0.0
48,1970,0.0
48,1971,0.0
48,1972,0.0
48,1973,0.0
48,1974,0.0
48,1975,0.0
48,1976,0.0
48,1977,0.0
48,1978,0.0
48,1979,0.0
48,1980,0.0
48,1981,0.0
48,1982,0.0
48,1983,1.0
48,1984,0.0
48,1985,2.0
48,1986,29.0
48,1987,17.0
48,1988,0.0
48,1989,1949.0
48,1990,7203.0
48,1991,10283.0
48,1992,8625.0
48,1993,7841.0
48,1994,6431.0
48,1995,12872.0
48,1996,13244.0
48,1997,17309.0
48,1998,27447.0
48,1999,15301.0
48,2000,38375.0
48,2001,31300.0
48,2002,24235.0
48,2003,34675.0
48,2004,40461.0
48,2005,26684.0
48,2006,39933.0
48,2007,72223.0
48,2008,41069.0
48,2009,44863.0
48,2010,23577.0
48,2011,20097.0
48,2012,21828.0
48,2013,44648.0
107,1961,
107,1962,
107,1963,
107,1964,
107,1965,
107,1966,
107,1967,
107,1968,
107,1969,
107,1970,
107,1971,
107,1972,
107,1973,
107,1974,
107,1975,
107,1976,
107,1977,
107,1978,
107,1979,
107,1980,
107,1981,
107,1982,
107,1983,
107,1984,
107,1985,
107,1986,
107,1987,
107,1988,
107,1989,
107,1990,
107,1991,
107,1992,
107,1993,
107,1994,
107,1995,
107,1996,
107,1997,
107,1998,
107,1999,
107,2000,
107,2001,
107,2002,
107,2003,
107,2004,
107,2005,
107,2006,
107,2007,
107,2008,
107,2009,
107,2010,
107,2011,9.0
107,2012,26.0
107,2013,20.0
98,1992,
98,1993,
98,1994,123.0
98,1995,103.0
98,1996,109.0
98,1997,216.0
98,1998,127.0
98,1999,33.0
98,2000,66.0
98,2001,85.0
98,2002,0.0
98,2003,23.0
98,2004,153.0
98,2005,440.0
98,2006,21.0
98,2007,80.0
98,2008,274.0
98,2009,75.0
98,2010,96.0
98,2011,84.0
98,2012,75.0
98,2013,53.0
49,1961,
49,1962,
49,1963,
49,1964,
49,1965,
49,1966,
49,1967,
49,1968,
49,1969,
49,1970,
49,1971,
49,1972,
49,1973,
49,1974,
49,1975,
49,1976,
49,1977,
49,1978,
49,1979,
49,1980,
49,1981,
49,1982,
49,1983,
49,1984,
49,1985,
49,1986,
49,1987,
49,1988,
49,1989,
49,1990,
49,1991,
49,1992,
49,1993,
49,1994,
49,1995,
49,1996,
49,1997,
49,1998,
49,1999,43118.0
49,2000,37644.0
49,2001,26086.0
49,2002,11300.0
49,2003,20682.0
49,2004,30287.0
49,2005,24309.0
49,2006,286.0
49,2007,17651.0
49,2008,99.0
49,2009,413.0
49,2010,255.0
49,2011,1500.0
49,2012,8387.0
49,2013,3777.0
50,1961,0.0
50,1962,0.0
50,1963,0.0
50,1964,0.0
50,1965,0.0
50,1966,0.0
50,1967,0.0
50,1968,0.0
50,1969,0.0
50,1970,0.0
50,1971,0.0
50,1972,0.0
50,1973,0.0
50,1974,0.0
50,1975,0.0
50,1976,0.0
50,1977,0.0
50,1978,0.0
50,1979,0.0
50,1980,0.0
50,1981,0.0
50,1982,0.0
50,1983,0.0
50,1984,0.0
50,1985,0.0
50,1986,0.0
50,1987,0.0
50,1988,344.0
50,1989,352.0
50,1990,436.0
50,1991,670.0
50,1992,447.0
50,1993,932.0
50,1994,1839.0
50,1995,2132.0
50,1996,2424.0
50,1997,933.0
50,1998,405.0
50,1999,369.0
50,2000,447.0
50,2001,367.0
50,2002,1287.0
50,2003,1311.0
50,2004,377.0
50,2005,1515.0
50,2006,3638.0
50,2007,5442.0
50,2008,3179.0
50,2009,1896.0
50,2010,5860.0
50,2011,8823.0
50,2012,4173.0
50,2013,2991.0
167,1993,0.0
167,1994,0.0
167,1995,0.0
167,1996,330.0
167,1997,310.0
167,1998,102.0
167,1999,44.0
167,2000,70.0
167,2001,74.0
167,2002,376.0
167,2003,374.0
167,2004,52.0
167,2005,3.0
167,2006,12.0
167,2007,16.0
167,2008,14.0
167,2009,11.0
167,2010,15.0
167,2011,62.0
167,2012,2344.0
167,2013,2566.0
54,1961,0.0
54,1962,0.0
54,1963,0.0
54,1964,0.0
54,1965,0.0
54,1966,0.0
54,1967,0.0
54,1968,0.0
54,1969,0.0
54,1970,0.0
54,1971,0.0
54,1972,0.0
54,1973,0.0
54,1974,0.0
54,1975,0.0
54,1976,0.0
54,1977,0.0
54,1978,0.0
54,1979,0.0
54,1980,0.0
54,1981,0.0
54,1982,0.0
54,1983,36.0
54,1984,65.0
54,1985,23.0
54,1986,25.0
54,1987,89.0
54,1988,47.0
54,1989,12.0
54,1990,42.0
54,1991,93.0
54,1992,117.0
54,1993,74.0
54,1994,4.0
54,1995,141.0
54,1996,468.0
54,1997,448.0
54,1998,146.0
54,1999,178.0
54,2000,173.0
54,2001,56.0
54,2002,5370.0
54,2003,34.0
54,2004,29.0
54,2005,125.0
54,2006,170.0
54,2007,681.0
54,2008,417.0
54,2009,332.0
54,2010,251.0
54,2011,357.0
54,2012,4513.0
54,2013,4038.0
55,1961,
55,1962,
55,1963,
55,1964,
55,1965,
55,1966,
55,1967,
55,1968,
55,1969,
55,1970,
55,1971,
55,1972,
55,1973,
55,1974,
55,1975,
55,1976,
55,1977,
55,1978,
55,1979,
55,1980,
55,1981,
55,1982,
55,1983,
55,1984,
55,1985,
55,1986,
55,1987,
55,1988,
55,1989,
55,1990,
55,1991,
55,1992,
55,1993,
55,1994,
55,1995,
55,1996,
55,1997,
55,1998,
55,1999,
55,2000,
55,2001,
55,2002,
55,2003,
55,2004,
55,2005,
55,2006,
55,2007,
55,2008,
55,2009,
55,2010,
55,2011,
55,2012,1.0
55,2013,1.0
56,1961,
56,1962,
56,1963,
56,1964,
56,1965,
56,1966,
56,1967,
56,1968,
56,1969,
56,1970,
56,1971,
56,1972,
56,1973,
56,1974,
56,1975,
56,1976,
56,1977,
56,1978,
56,1979,
56,1980,
56,1981,
56,1982,
56,1983,
56,1984,
56,1985,
56,1986,
56,1987,
56,1988,
56,1989,
56,1990,
56,1991,
56,1992,
56,1993,
56,1994,
56,1995,
56,1996,
56,1997,
56,1998,
56,1999,
56,2000,
56,2001,
56,2002,
56,2003,
56,2004,
56,2005,
56,2006,
56,2007,
56,2008,
56,2009,
56,2010,
56,2011,
56,2012,3923.0
56,2013,3277.0
58,1961,
58,1962,
58,1963,
58,1964,
58,1965,
58,1966,
58,1967,
58,1968,
58,1969,
58,1970,
58,1971,
58,1972,
58,1973,
58,1974,
58,1975,
58,1976,
58,1977,
58,1978,
58,1979,
58,1980,
58,1981,
58,1982,
58,1983,
58,1984,
58,1985,
58,1986,
58,1987,
58,1988,
58,1989,
58,1990,
58,1991,
58,1992,
58,1993,
58,1994,
58,1995,
58,1996,
58,1997,
58,1998,
58,1999,
58,2000,
58,2001,
58,2002,
58,2003,
58,2004,
58,2005,
58,2006,
58,2007,
58,2008,
58,2009,
58,2010,
58,2011,
58,2012,142.0
58,2013,177.0
59,1961,
59,1962,
59,1963,
59,1964,
59,1965,
59,1966,
59,1967,
59,1968,
59,1969,
59,1970,
59,1971,
59,1972,
59,1973,
59,1974,
59,1975,
59,1976,
59,1977,
59,1978,
59,1979,
59,1980,
59,1981,
59,1982,
59,1983,
59,1984,
59,1985,
59,1986,
59,1987,
59,1988,
59,1989,
59,1990,
59,1991,
59,1992,
59,1993,
59,1994,
59,1995,
59,1996,
59,1997,
59,1998,
59,1999,
59,2000,
59,2001,
59,2002,
59,2003,
59,2004,
59,2005,
59,2006,
59,2007,
59,2008,
59,2009,
59,2010,
59,2011,
59,2012,
59,2013,791.0
60,1961,
60,1962,
60,1963,
60,1964,
60,1965,
60,1966,
60,1967,
60,1968,
60,1969,
60,1970,
60,1971,
60,1972,
60,1973,
60,1974,
60,1975,
60,1976,
60,1977,
60,1978,
60,1979,
60,1980,
60,1981,
60,1982,
60,1983,
60,1984,
60,1985,
60,1986,
60,1987,
60,1988,
60,1989,
60,1990,
60,1991,
60,1992,
60,1993,
60,1994,
60,1995,
60,1996,
60,1997,
60,1998,
60,1999,
60,2000,
60,2001,578.0
60,2002,579.0
60,2003,394.0
60,2004,23.0
60,2005,2.0
60,2006,93.0
60,2007,185.0
60,2008,231.0
60,2009,230.0
60,2010,168.0
60,2011,140.0
60,2012,1.0
60,2013,4.0
63,1992,164.0
63,1993,843.0
63,1994,2438.0
63,1995,496.0
63,1996,788.0
63,1997,336.0
63,1998,502.0
63,1999,0.0
63,2000,0.0
63,2001,0.0
63,2002,0.0
63,2003,0.0
63,2004,2.0
63,2005,0.0
63,2006,0.0
63,2007,0.0
63,2008,1.0
63,2009,0.0
63,2010,1.0
63,2011,0.0
63,2012,3.0
63,2013,6.0
238,1993,
238,1994,
238,1995,
238,1996,
238,1997,
238,1998,
238,1999,
238,2000,
238,2001,
238,2002,
238,2003,
238,2004,
238,2005,
238,2006,
238,2007,
238,2008,
238,2009,
238,2010,
238,2011,10.0
238,2012,0.0
238,2013,0.0
66,1961,
66,1962,
66,1963,
66,1964,
66,1965,
66,1966,
66,1967,
66,1968,
66,1969,
66,1970,
66,1971,
66,1972,
66,1973,
66,1974,
66,1975,
66,1976,
66,1977,
66,1978,
66,1979,
66,1980,
66,1981,
66,1982,
66,1983,
66,1984,
66,1985,
66,1986,
66,1987,
66,1988,
66,1989,
66,1990,
66,1991,
66,1992,
66,1993,
66,1994,
66,1995,
66,1996,
66,1997,
66,1998,
66,1999,
66,2000,
66,2001,
66,2002,
66,2003,35.0
66,2004,79.0
66,2005,180.0
66,2006,82.0
66,2007,88.0
66,2008,49.0
66,2009,8.0
66,2010,58.0
66,2011,53.0
66,2012,71.0
66,2013,53.0
67,1961,
67,1962,
67,1963,
67,1964,
67,1965,
67,1966,
67,1967,
67,1968,
67,1969,
67,1970,
67,1971,
67,1972,
67,1973,
67,1974,
67,1975,
67,1976,
67,1977,
67,1978,
67,1979,
67,1980,
67,1981,
67,1982,
67,1983,
67,1984,
67,1985,
67,1986,
67,1987,
67,1988,
67,1989,
67,1990,
67,1991,
67,1992,
67,1993,
67,1994,
67,1995,405.0
67,1996,128.0
67,1997,71.0
67,1998,12.0
67,1999,0.0
67,2000,8.0
67,2001,12.0
67,2002,12.0
67,2003,2.0
67,2004,3.0
67,2005,6.0
67,2006,7.0
67,2007,7.0
67,2008,2.0
67,2009,3.0
67,2010,9.0
67,2011,10.0
67,2012,144.0
67,2013,164.0
68,1961,0.0
68,1962,0.0
68,1963,0.0
68,1964,0.0
68,1965,0.0
68,1966,0.0
68,1967,0.0
68,1968,0.0
68,1969,0.0
68,1970,0.0
68,1971,0.0
68,1972,0.0
68,1973,0.0
68,1974,0.0
68,1975,0.0
68,1976,46.0
68,1977,834.0
68,1978,738.0
68,1979,104.0
68,1980,301.0
68,1981,277.0
68,1982,464.0
68,1983,241.0
68,1984,335.0
68,1985,398.0
68,1986,581.0
68,1987,582.0
68,1988,1333.0
68,1989,137.0
68,1990,121.0
68,1991,740.0
68,1992,1485.0
68,1993,800.0
68,1994,855.0
68,1995,1220.0
68,1996,2720.0
68,1997,2406.0
68,1998,2028.0
68,1999,4562.0
68,2000,5127.0
68,2001,6242.0
68,2002,9652.0
68,2003,13734.0
68,2004,3057.0
68,2005,5119.0
68,2006,5687.0
68,2007,6859.0
68,2008,5378.0
68,2009,2570.0
68,2010,1656.0
68,2011,29078.0
68,2012,22409.0
68,2013,21128.0
70,1961,
70,1962,
70,1963,
70,1964,
70,1965,
70,1966,
70,1967,
70,1968,
70,1969,
70,1970,
70,1971,
70,1972,
70,1973,
70,1974,
70,1975,
70,1976,
70,1977,
70,1978,
70,1979,
70,1980,
70,1981,
70,1982,
70,1983,
70,1984,
70,1985,
70,1986,
70,1987,
70,1988,
70,1989,
70,1990,
70,1991,
70,1992,
70,1993,
70,1994,
70,1995,
70,1996,
70,1997,
70,1998,
70,1999,
70,2000,
70,2001,
70,2002,
70,2003,
70,2004,
70,2005,
70,2006,
70,2007,
70,2008,
70,2009,
70,2010,
70,2011,
70,2012,14.0
70,2013,25.0
74,1961,
74,1962,
74,1963,
74,1964,
74,1965,
74,1966,
74,1967,
74,1968,
74,1969,
74,1970,
74,1971,
74,1972,
74,1973,
74,1974,
74,1975,
74,1976,
74,1977,
74,1978,
74,1979,
74,1980,
74,1981,
74,1982,
74,1983,
74,1984,
74,1985,
74,1986,
74,1987,
74,1988,
74,1989,
74,1990,
74,1991,
74,1992,
74,1993,
74,1994,
74,1995,
74,1996,
74,1997,
74,1998,
74,1999,
74,2000,
74,2001,
74,2002,
74,2003,
74,2004,9.0
74,2005,0.0
74,2006,0.0
74,2007,0.0
74,2008,0.0
74,2009,0.0
74,2010,0.0
74,2011,0.0
74,2012,0.0
74,2013,0.0
75,1961,
75,1962,
75,1963,
75,1964,
75,1965,
75,1966,
75,1967,
75,1968,
75,1969,
75,1970,
75,1971,
75,1972,
75,1973,
75,1974,
75,1975,
75,1976,
75,1977,
75,1978,
75,1979,
75,1980,
75,1981,
75,1982,
75,1983,
75,1984,
75,1985,
75,1986,
75,1987,
75,1988,
75,1989,
75,1990,
75,1991,
75,1992,
75,1993,
75,1994,
75,1995,
75,1996,
75,1997,
75,1998,
75,1999,
75,2000,
75,2001,
75,2002,
75,2003,
75,2004,
75,2005,
75,2006,
75,2007,
75,2008,
75,2009,
75,2010,
75,2011,10.0
75,2012,0.0
75,2013,0.0
73,1992,
73,1993,5000.0
73,1994,260.0
73,1995,500.0
73,1996,75.0
73,1997,125.0
73,1998,12.0
73,1999,5.0
73,2000,0.0
73,2001,0.0
73,2002,0.0
73,2003,0.0
73,2004,0.0
73,2005,0.0
73,2006,0.0
73,2007,0.0
73,2008,0.0
73,2009,0.0
73,2010,0.0
73,2011,0.0
73,2012,0.0
73,2013,0.0
79,1961,0.0
79,1962,0.0
79,1963,0.0
79,1964,0.0
79,1965,0.0
79,1966,119.0
79,1967,2.0
79,1968,9.0
79,1969,17.0
79,1970,43.0
79,1971,73.0
79,1972,84.0
79,1973,72.0
79,1974,118.0
79,1975,425.0
79,1976,424.0
79,1977,654.0
79,1978,2112.0
79,1979,6469.0
79,1980,8003.0
79,1981,4505.0
79,1982,813.0
79,1983,576.0
79,1984,583.0
79,1985,375.0
79,1986,289.0
79,1987,544.0
79,1988,779.0
79,1989,940.0
79,1990,6551.0
79,1991,5372.0
79,1992,4772.0
79,1993,37553.0
79,1994,55136.0
79,1995,32360.0
79,1996,1558.0
79,1997,1964.0
79,1998,1267.0
79,1999,1110.0
79,2000,950.0
79,2001,561.0
79,2002,1708.0
79,2003,1761.0
79,2004,1833.0
79,2005,269.0
79,2006,359.0
79,2007,366.0
79,2008,592.0
79,2009,1162.0
79,2010,2008.0
79,2011,16908.0
79,2012,14928.0
79,2013,18279.0
81,1961,
81,1962,
81,1963,
81,1964,
81,1965,
81,1966,
81,1967,
81,1968,
81,1969,
81,1970,
81,1971,
81,1972,
81,1973,
81,1974,
81,1975,
81,1976,
81,1977,
81,1978,
81,1979,
81,1980,
81,1981,
81,1982,
81,1983,
81,1984,
81,1985,
81,1986,
81,1987,
81,1988,
81,1989,
81,1990,
81,1991,
81,1992,
81,1993,
81,1994,
81,1995,
81,1996,
81,1997,
81,1998,
81,1999,
81,2000,
81,2001,
81,2002,
81,2003,
81,2004,
81,2005,34.0
81,2006,0.0
81,2007,0.0
81,2008,486.0
81,2009,0.0
81,2010,11.0
81,2011,851.0
81,2012,3936.0
81,2013,2095.0
84,1961,0.0
84,1962,0.0
84,1963,0.0
84,1964,0.0
84,1965,0.0
84,1966,0.0
84,1967,0.0
84,1968,0.0
84,1969,0.0
84,1970,0.0
84,1971,0.0
84,1972,0.0
84,1973,0.0
84,1974,0.0
84,1975,0.0
84,1976,0.0
84,1977,0.0
84,1978,0.0
84,1979,0.0
84,1980,0.0
84,1981,287.0
84,1982,372.0
84,1983,269.0
84,1984,0.0
84,1985,317.0
84,1986,395.0
84,1987,244.0
84,1988,228.0
84,1989,244.0
84,1990,912.0
84,1991,901.0
84,1992,1000.0
84,1993,1025.0
84,1994,1979.0
84,1995,1698.0
84,1996,507.0
84,1997,448.0
84,1998,3834.0
84,1999,885.0
84,2000,2804.0
84,2001,724.0
84,2002,2034.0
84,2003,678.0
84,2004,417.0
84,2005,98.0
84,2006,3010.0
84,2007,4781.0
84,2008,471.0
84,2009,1030.0
84,2010,1468.0
84,2011,3880.0
84,2012,7951.0
84,2013,8988.0
86,1961,
86,1962,
86,1963,
86,1964,
86,1965,
86,1966,
86,1967,
86,1968,
86,1969,
86,1970,
86,1971,
86,1972,
86,1973,
86,1974,
86,1975,
86,1976,
86,1977,
86,1978,
86,1979,
86,1980,
86,1981,
86,1982,
86,1983,
86,1984,
86,1985,
86,1986,
86,1987,
86,1988,
86,1989,
86,1990,
86,1991,
86,1992,
86,1993,
86,1994,
86,1995,
86,1996,
86,1997,
86,1998,
86,1999,
86,2000,
86,2001,
86,2002,
86,2003,
86,2004,
86,2005,
86,2006,0.0
86,2007,0.0
86,2008,0.0
86,2009,0.0
86,2010,0.0
86,2011,0.0
86,2012,0.0
86,2013,0.0
89,1961,
89,1962,
89,1963,
89,1964,
89,1965,
89,1966,
89,1967,
89,1968,
89,1969,
89,1970,
89,1971,
89,1972,
89,1973,
89,1974,
89,1975,
89,1976,
89,1977,
89,1978,
89,1979,
89,1980,
89,1981,
89,1982,
89,1983,
89,1984,
89,1985,
89,1986,
89,1987,
89,1988,
89,1989,204.0
89,1990,
89,1991,
89,1992,
89,1993,1011.0
89,1994,574.0
89,1995,498.0
89,1996,317.0
89,1997,209.0
89,1998,204.0
89,1999,729.0
89,2000,1345.0
89,2001,1739.0
89,2002,1506.0
89,2003,1446.0
89,2004,1422.0
89,2005,1035.0
89,2006,445.0
89,2007,483.0
89,2008,1268.0
89,2009,570.0
89,2010,872.0
89,2011,1337.0
89,2012,342.0
89,2013,277.0
91,1961,
91,1962,
91,1963,
91,1964,
91,1965,
91,1966,
91,1967,
91,1968,
91,1969,
91,1970,
91,1971,
91,1972,
91,1973,
91,1974,
91,1975,
91,1976,
91,1977,
91,1978,
91,1979,
91,1980,
91,1981,
91,1982,
91,1983,
91,1984,
91,1985,
91,1986,
91,1987,
91,1988,
91,1989,
91,1990,
91,1991,
91,1992,
91,1993,
91,1994,
91,1995,
91,1996,
91,1997,
91,1998,
91,1999,
91,2000,
91,2001,
91,2002,
91,2003,53.0
91,2004,7.0
91,2005,1.0
91,2006,0.0
91,2007,0.0
91,2008,0.0
91,2009,0.0
91,2010,0.0
91,2011,0.0
91,2012,0.0
91,2013,0.0
95,1961,
95,1962,
95,1963,
95,1964,
95,1965,
95,1966,
95,1967,
95,1968,
95,1969,
95,1970,
95,1971,
95,1972,
95,1973,
95,1974,
95,1975,
95,1976,
95,1977,
95,1978,
95,1979,
95,1980,
95,1981,
95,1982,
95,1983,
95,1984,
95,1985,
95,1986,
95,1987,
95,1988,
95,1989,
95,1990,
95,1991,
95,1992,
95,1993,1551.0
95,1994,1337.0
95,1995,1927.0
95,1996,6130.0
95,1997,770.0
95,1998,2300.0
95,1999,1000.0
95,2000,3763.0
95,2001,3116.0
95,2002,3733.0
95,2003,2274.0
95,2004,3857.0
95,2005,5420.0
95,2006,4660.0
95,2007,5107.0
95,2008,2199.0
95,2009,1980.0
95,2010,4478.0
95,2011,3806.0
95,2012,2534.0
95,2013,2225.0
97,1961,
97,1962,
97,1963,
97,1964,
97,1965,
97,1966,
97,1967,
97,1968,
97,1969,
97,1970,
97,1971,
97,1972,
97,1973,
97,1974,
97,1975,
97,1976,
97,1977,
97,1978,
97,1979,
97,1980,
97,1981,
97,1982,
97,1983,
97,1984,
97,1985,
97,1986,
97,1987,
97,1988,
97,1989,
97,1990,
97,1991,
97,1992,
97,1993,
97,1994,
97,1995,
97,1996,
97,1997,
97,1998,
97,1999,
97,2000,
97,2001,
97,2002,363.0
97,2003,112.0
97,2004,6.0
97,2005,27.0
97,2006,15.0
97,2007,6332.0
97,2008,7432.0
97,2009,5464.0
97,2010,6147.0
97,2011,10097.0
97,2012,13.0
97,2013,8.0
99,1961,
99,1962,
99,1963,
99,1964,
99,1965,
99,1966,
99,1967,
99,1968,
99,1969,
99,1970,
99,1971,
99,1972,
99,1973,
99,1974,
99,1975,
99,1976,
99,1977,
99,1978,
99,1979,
99,1980,
99,1981,
99,1982,
99,1983,
99,1984,
99,1985,
99,1986,
99,1987,
99,1988,
99,1989,
99,1990,
99,1991,
99,1992,
99,1993,
99,1994,
99,1995,
99,1996,
99,1997,
99,1998,
99,1999,
99,2000,
99,2001,
99,2002,
99,2003,
99,2004,
99,2005,
99,2006,
99,2007,
99,2008,
99,2009,
99,2010,
99,2011,
99,2012,1.0
99,2013,0.0
100,1961,
100,1962,
100,1963,
100,1964,
100,1965,
100,1966,
100,1967,
100,1968,
100,1969,
100,1970,
100,1971,
100,1972,
100,1973,
100,1974,
100,1975,
100,1976,
100,1977,
100,1978,
100,1979,
100,1980,
100,1981,
100,1982,
100,1983,
100,1984,
100,1985,
100,1986,
100,1987,
100,1988,
100,1989,
100,1990,
100,1991,
100,1992,
100,1993,
100,1994,
100,1995,
100,1996,
100,1997,
100,1998,
100,1999,
100,2000,
100,2001,
100,2002,
100,2003,
100,2004,
100,2005,
100,2006,141.0
100,2007,229.0
100,2008,188.0
100,2009,118.0
100,2010,0.0
100,2011,101.0
100,2012,36.0
100,2013,273.0
101,1961,0.0
101,1962,0.0
101,1963,0.0
101,1964,0.0
101,1965,0.0
101,1966,0.0
101,1967,0.0
101,1968,0.0
101,1969,0.0
101,1970,0.0
101,1971,0.0
101,1972,0.0
101,1973,0.0
101,1974,0.0
101,1975,0.0
101,1976,0.0
101,1977,0.0
101,1978,0.0
101,1979,0.0
101,1980,0.0
101,1981,0.0
101,1982,0.0
101,1983,0.0
101,1984,0.0
101,1985,0.0
101,1986,0.0
101,1987,36.0
101,1988,35.0
101,1989,0.0
101,1990,0.0
101,1991,0.0
101,1992,0.0
101,1993,0.0
101,1994,2.0
101,1995,0.0
101,1996,11.0
101,1997,77.0
101,1998,121.0
101,1999,290.0
101,2000,61.0
101,2001,129.0
101,2002,77.0
101,2003,181.0
101,2004,677.0
101,2005,203.0
101,2006,156.0
101,2007,145.0
101,2008,848.0
101,2009,1668.0
101,2010,1643.0
101,2011,884.0
101,2012,499.0
101,2013,614.0
102,1961,
102,1962,
102,1963,
102,1964,
102,1965,
102,1966,
102,1967,
102,1968,
102,1969,
102,1970,
102,1971,
102,1972,
102,1973,
102,1974,
102,1975,
102,1976,
102,1977,
102,1978,
102,1979,
102,1980,
102,1981,
102,1982,
102,1983,
102,1984,
102,1985,
102,1986,
102,1987,
102,1988,
102,1989,
102,1990,
102,1991,
102,1992,
102,1993,
102,1994,
102,1995,
102,1996,
102,1997,
102,1998,
102,1999,
102,2000,
102,2001,
102,2002,
102,2003,
102,2004,58.0
102,2005,98.0
102,2006,482.0
102,2007,488.0
102,2008,3039.0
102,2009,12.0
102,2010,814.0
102,2011,580.0
102,2012,92.0
102,2013,106.0
104,1961,0.0
104,1962,0.0
104,1963,0.0
104,1964,0.0
104,1965,0.0
104,1966,0.0
104,1967,0.0
104,1968,0.0
104,1969,0.0
104,1970,0.0
104,1971,0.0
104,1972,0.0
104,1973,0.0
104,1974,0.0
104,1975,0.0
104,1976,0.0
104,1977,0.0
104,1978,0.0
104,1979,0.0
104,1980,155.0
104,1981,56.0
104,1982,35.0
104,1983,30.0
104,1984,24.0
104,1985,93.0
104,1986,157.0
104,1987,174.0
104,1988,142.0
104,1989,251.0
104,1990,1180.0
104,1991,236.0
104,1992,537.0
104,1993,398.0
104,1994,1216.0
104,1995,1997.0
104,1996,1132.0
104,1997,583.0
104,1998,601.0
104,1999,510.0
104,2000,301.0
104,2001,948.0
104,2002,4885.0
104,2003,1442.0
104,2004,637.0
104,2005,596.0
104,2006,1523.0
104,2007,662.0
104,2008,462.0
104,2009,399.0
104,2010,526.0
104,2011,411.0
104,2012,5806.0
104,2013,4995.0
105,1961,0.0
105,1962,0.0
105,1963,0.0
105,1964,0.0
105,1965,0.0
105,1966,0.0
105,1967,0.0
105,1968,0.0
105,1969,0.0
105,1970,0.0
105,1971,0.0
105,1972,0.0
105,1973,0.0
105,1974,0.0
105,1975,0.0
105,1976,0.0
105,1977,0.0
105,1978,34376.0
105,1979,38632.0
105,1980,36912.0
105,1981,42348.0
105,1982,65238.0
105,1983,73449.0
105,1984,117337.0
105,1985,134151.0
105,1986,75363.0
105,1987,124482.0
105,1988,127229.0
105,1989,107053.0
105,1990,139068.0
105,1991,71877.0
105,1992,53621.0
105,1993,29614.0
105,1994,28264.0
105,1995,47473.0
105,1996,19410.0
105,1997,14380.0
105,1998,16869.0
105,1999,8114.0
105,2000,6064.0
105,2001,4976.0
105,2002,7774.0
105,2003,8586.0
105,2004,8572.0
105,2005,3806.0
105,2006,27693.0
105,2007,42858.0
105,2008,22638.0
105,2009,23214.0
105,2010,32275.0
105,2011,48940.0
105,2012,47403.0
105,2013,48069.0
106,1961,2951.0
106,1962,2995.0
106,1963,3056.0
106,1964,3261.0
106,1965,2653.0
106,1966,2654.0
106,1967,2487.0
106,1968,2227.0
106,1969,1708.0
106,1970,572.0
106,1971,1431.0
106,1972,2113.0
106,1973,5.0
106,1974,50.0
106,1975,25.0
106,1976,674.0
106,1977,1396.0
106,1978,2064.0
106,1979,1716.0
106,1980,1722.0
106,1981,2873.0
106,1982,2610.0
106,1983,3066.0
106,1984,6500.0
106,1985,7611.0
106,1986,6003.0
106,1987,6807.0
106,1988,7906.0
106,1989,8916.0
106,1990,12867.0
106,1991,6447.0
106,1992,8107.0
106,1993,3634.0
106,1994,2624.0
106,1995,4711.0
106,1996,2356.0
106,1997,1913.0
106,1998,4868.0
106,1999,3261.0
106,2000,5678.0
106,2001,3742.0
106,2002,5628.0
106,2003,7636.0
106,2004,5639.0
106,2005,5923.0
106,2006,6844.0
106,2007,9723.0
106,2008,11740.0
106,2009,16835.0
106,2010,8018.0
106,2011,8524.0
106,2012,21258.0
106,2013,27543.0
109,1961,958.0
109,1962,899.0
109,1963,1574.0
109,1964,1607.0
109,1965,1865.0
109,1966,1940.0
109,1967,1403.0
109,1968,960.0
109,1969,1102.0
109,1970,398.0
109,1971,371.0
109,1972,97.0
109,1973,239.0
109,1974,30.0
109,1975,44.0
109,1976,788.0
109,1977,365.0
109,1978,321.0
109,1979,269.0
109,1980,611.0
109,1981,1316.0
109,1982,650.0
109,1983,279.0
109,1984,2780.0
109,1985,2041.0
109,1986,1259.0
109,1987,484.0
109,1988,988.0
109,1989,20.0
109,1990,1995.0
109,1991,268.0
109,1992,2489.0
109,1993,1408.0
109,1994,472.0
109,1995,1800.0
109,1996,85.0
109,1997,13.0
109,1998,450.0
109,1999,162.0
109,2000,300.0
109,2001,158.0
109,2002,34.0
109,2003,31.0
109,2004,105.0
109,2005,9.0
109,2006,1121.0
109,2007,3.0
109,2008,12.0
109,2009,0.0
109,2010,165.0
109,2011,50.0
109,2012,0.0
109,2013,0.0
110,1961,
110,1962,
110,1963,
110,1964,
110,1965,
110,1966,
110,1967,
110,1968,
110,1969,
110,1970,
110,1971,
110,1972,
110,1973,
110,1974,
110,1975,
110,1976,
110,1977,
110,1978,
110,1979,
110,1980,
110,1981,
110,1982,
110,1983,
110,1984,
110,1985,
110,1986,
110,1987,
110,1988,
110,1989,
110,1990,
110,1991,
110,1992,
110,1993,
110,1994,
110,1995,
110,1996,
110,1997,
110,1998,
110,1999,
110,2000,
110,2001,
110,2002,
110,2003,
110,2004,
110,2005,
110,2006,
110,2007,
110,2008,
110,2009,
110,2010,
110,2011,
110,2012,723.0
110,2013,268.0
112,1961,
112,1962,
112,1963,
112,1964,
112,1965,
112,1966,
112,1967,
112,1968,
112,1969,
112,1970,
112,1971,
112,1972,
112,1973,
112,1974,
112,1975,
112,1976,
112,1977,
112,1978,
112,1979,
112,1980,
112,1981,
112,1982,
112,1983,
112,1984,
112,1985,
112,1986,
112,1987,
112,1988,
112,1989,
112,1990,
112,1991,
112,1992,
112,1993,
112,1994,
112,1995,
112,1996,
112,1997,106.0
112,1998,272.0
112,1999,267.0
112,2000,316.0
112,2001,37.0
112,2002,29.0
112,2003,116.0
112,2004,40.0
112,2005,71.0
112,2006,15.0
112,2007,94.0
112,2008,360.0
112,2009,60.0
112,2010,19.0
112,2011,146.0
112,2012,64.0
112,2013,3.0
108,1992,
108,1993,
108,1994,
108,1995,
108,1996,
108,1997,
108,1998,
108,1999,
108,2000,
108,2001,
108,2002,
108,2003,
108,2004,47.0
108,2005,95.0
108,2006,0.0
108,2007,42.0
108,2008,227.0
108,2009,50.0
108,2010,50.0
108,2011,0.0
108,2012,0.0
108,2013,2.0
114,1961,
114,1962,
114,1963,
114,1964,
114,1965,
114,1966,
114,1967,
114,1968,
114,1969,
114,1970,
114,1971,
114,1972,
114,1973,
114,1974,
114,1975,
114,1976,
114,1977,
114,1978,
114,1979,
114,1980,
114,1981,
114,1982,
114,1983,
114,1984,
114,1985,
114,1986,
114,1987,
114,1988,
114,1989,
114,1990,
114,1991,
114,1992,
114,1993,
114,1994,
114,1995,
114,1996,
114,1997,
114,1998,
114,1999,
114,2000,
114,2001,
114,2002,
114,2003,
114,2004,102.0
114,2005,6.0
114,2006,7.0
114,2007,0.0
114,2008,66.0
114,2009,0.0
114,2010,0.0
114,2011,13.0
114,2012,44.0
114,2013,298.0
118,1961,
118,1962,
118,1963,
118,1964,
118,1965,
118,1966,
118,1967,
118,1968,
118,1969,
118,1970,
118,1971,
118,1972,
118,1973,
118,1974,
118,1975,
118,1976,
118,1977,
118,1978,
118,1979,
118,1980,
118,1981,
118,1982,
118,1983,
118,1984,
118,1985,
118,1986,
118,1987,
118,1988,
118,1989,
118,1990,
118,1991,
118,1992,
118,1993,
118,1994,
118,1995,
118,1996,
118,1997,
118,1998,
118,1999,
118,2000,
118,2001,
118,2002,
118,2003,
118,2004,
118,2005,
118,2006,
118,2007,
118,2008,
118,2009,151.0
118,2010,1603.0
118,2011,1462.0
118,2012,843.0
118,2013,682.0
113,1992,
113,1993,
113,1994,
113,1995,
113,1996,
113,1997,
113,1998,
113,1999,
113,2000,
113,2001,
113,2002,
113,2003,
113,2004,
113,2005,
113,2006,
113,2007,
113,2008,
113,2009,
113,2010,19.0
113,2011,0.0
113,2012,0.0
113,2013,0.0
119,1992,0.0
119,1993,0.0
119,1994,0.0
119,1995,0.0
119,1996,0.0
119,1997,0.0
119,1998,0.0
119,1999,0.0
119,2000,0.0
119,2001,0.0
119,2002,1134.0
119,2003,1294.0
119,2004,39.0
119,2005,0.0
119,2006,0.0
119,2007,2.0
119,2008,0.0
119,2009,36.0
119,2010,62.0
119,2011,54.0
119,2012,401.0
119,2013,270.0
121,1961,
121,1962,
121,1963,
121,1964,
121,1965,
121,1966,
121,1967,
121,1968,
121,1969,
121,1970,
121,1971,
121,1972,
121,1973,
121,1974,
121,1975,
121,1976,
121,1977,
121,1978,
121,1979,
121,1980,
121,1981,
121,1982,
121,1983,
121,1984,
121,1985,
121,1986,
121,1987,
121,1988,
121,1989,
121,1990,
121,1991,
121,1992,
121,1993,
121,1994,
121,1995,
121,1996,
121,1997,
121,1998,
121,1999,
121,2000,
121,2001,
121,2002,
121,2003,
121,2004,
121,2005,
121,2006,
121,2007,
121,2008,
121,2009,
121,2010,
121,2011,
121,2012,359.0
121,2013,459.0
126,1992,
126,1993,
126,1994,
126,1995,
126,1996,
126,1997,
126,1998,
126,1999,
126,2000,0.0
126,2001,0.0
126,2002,18.0
126,2003,246.0
126,2004,0.0
126,2005,0.0
126,2006,2.0
126,2007,2.0
126,2008,8.0
126,2009,62.0
126,2010,35.0
126,2011,1.0
126,2012,114.0
126,2013,128.0
256,2000,18.0
256,2001,20.0
256,2002,84.0
256,2003,292.0
256,2004,376.0
256,2005,190.0
256,2006,67.0
256,2007,178.0
256,2008,317.0
256,2009,173.0
256,2010,162.0
256,2011,286.0
256,2012,619.0
256,2013,718.0
129,1961,
129,1962,
129,1963,
129,1964,
129,1965,
129,1966,
129,1967,
129,1968,
129,1969,
129,1970,
129,1971,
129,1972,
129,1973,
129,1974,
129,1975,
129,1976,
129,1977,
129,1978,
129,1979,
129,1980,
129,1981,
129,1982,
129,1983,
129,1984,
129,1985,
129,1986,
129,1987,
129,1988,
129,1989,
129,1990,
129,1991,
129,1992,
129,1993,
129,1994,
129,1995,
129,1996,
129,1997,
129,1998,
129,1999,
129,2000,
129,2001,
129,2002,
129,2003,
129,2004,
129,2005,
129,2006,11.0
129,2007,6.0
129,2008,8.0
129,2009,0.0
129,2010,20.0
129,2011,10.0
129,2012,18.0
129,2013,19.0
130,1961,
130,1962,
130,1963,
130,1964,
130,1965,
130,1966,
130,1967,
130,1968,
130,1969,
130,1970,
130,1971,
130,1972,
130,1973,
130,1974,
130,1975,
130,1976,
130,1977,
130,1978,
130,1979,
130,1980,
130,1981,
130,1982,
130,1983,
130,1984,
130,1985,
130,1986,
130,1987,
130,1988,
130,1989,
130,1990,
130,1991,
130,1992,
130,1993,
130,1994,
130,1995,
130,1996,
130,1997,
130,1998,
130,1999,
130,2000,
130,2001,
130,2002,
130,2003,
130,2004,
130,2005,
130,2006,
130,2007,
130,2008,
130,2009,
130,2010,
130,2011,
130,2012,
130,2013,3.0
131,1961,0.0
131,1962,0.0
131,1963,0.0
131,1964,0.0
131,1965,0.0
131,1966,0.0
131,1967,0.0
131,1968,0.0
131,1969,0.0
131,1970,0.0
131,1971,0.0
131,1972,0.0
131,1973,0.0
131,1974,0.0
131,1975,0.0
131,1976,0.0
131,1977,0.0
131,1978,0.0
131,1979,0.0
131,1980,41.0
131,1981,91.0
131,1982,0.0
131,1983,38.0
131,1984,111.0
131,1985,31.0
131,1986,136.0
131,1987,222.0
131,1988,680.0
131,1989,704.0
131,1990,1049.0
131,1991,1066.0
131,1992,1165.0
131,1993,934.0
131,1994,1234.0
131,1995,1065.0
131,1996,1070.0
131,1997,1070.0
131,1998,1406.0
131,1999,1258.0
131,2000,2520.0
131,2001,1725.0
131,2002,1627.0
131,2003,2135.0
131,2004,1464.0
131,2005,1653.0
131,2006,1959.0
131,2007,2459.0
131,2008,3997.0
131,2009,2767.0
131,2010,4621.0
131,2011,5876.0
131,2012,4139.0
131,2013,3375.0
133,1961,
133,1962,
133,1963,
133,1964,
133,1965,
133,1966,
133,1967,
133,1968,
133,1969,
133,1970,
133,1971,
133,1972,
133,1973,
133,1974,
133,1975,
133,1976,
133,1977,
133,1978,
133,1979,
133,1980,
133,1981,
133,1982,
133,1983,
133,1984,
133,1985,
133,1986,
133,1987,
133,1988,
133,1989,
133,1990,
133,1991,
133,1992,
133,1993,
133,1994,
133,1995,
133,1996,
133,1997,
133,1998,
133,1999,
133,2000,
133,2001,
133,2002,
133,2003,
133,2004,
133,2005,
133,2006,
133,2007,
133,2008,
133,2009,
133,2010,
133,2011,
133,2012,2.0
133,2013,8.0
134,1961,
134,1962,
134,1963,
134,1964,
134,1965,
134,1966,
134,1967,
134,1968,
134,1969,
134,1970,
134,1971,
134,1972,
134,1973,
134,1974,
134,1975,
134,1976,
134,1977,
134,1978,
134,1979,
134,1980,
134,1981,
134,1982,
134,1983,
134,1984,
134,1985,
134,1986,
134,1987,
134,1988,
134,1989,
134,1990,
134,1991,
134,1992,
134,1993,
134,1994,
134,1995,
134,1996,
134,1997,
134,1998,3.0
134,1999,0.0
134,2000,0.0
134,2001,45.0
134,2002,4.0
134,2003,20.0
134,2004,0.0
134,2005,3.0
134,2006,0.0
134,2007,0.0
134,2008,0.0
134,2009,0.0
134,2010,6.0
134,2011,3.0
134,2012,486.0
134,2013,38.0
137,1961,
137,1962,
137,1963,
137,1964,
137,1965,
137,1966,
137,1967,
137,1968,
137,1969,
137,1970,
137,1971,
137,1972,
137,1973,
137,1974,
137,1975,
137,1976,
137,1977,
137,1978,
137,1979,
137,1980,
137,1981,
137,1982,
137,1983,
137,1984,
137,1985,
137,1986,
137,1987,
137,1988,
137,1989,
137,1990,
137,1991,
137,1992,
137,1993,
137,1994,
137,1995,
137,1996,
137,1997,
137,1998,
137,1999,
137,2000,
137,2001,
137,2002,
137,2003,
137,2004,
137,2005,
137,2006,
137,2007,
137,2008,
137,2009,
137,2010,
137,2011,
137,2012,65.0
137,2013,15.0
138,1961,
138,1962,
138,1963,
138,1964,
138,1965,
138,1966,
138,1967,
138,1968,
138,1969,
138,1970,
138,1971,
138,1972,
138,1973,
138,1974,
138,1975,
138,1976,
138,1977,
138,1978,
138,1979,
138,1980,
138,1981,
138,1982,
138,1983,
138,1984,
138,1985,
138,1986,
138,1987,
138,1988,
138,1989,
138,1990,
138,1991,
138,1992,
138,1993,
138,1994,
138,1995,
138,1996,
138,1997,
138,1998,
138,1999,
138,2000,
138,2001,
138,2002,3025.0
138,2003,2754.0
138,2004,2180.0
138,2005,69968.0
138,2006,76318.0
138,2007,155236.0
138,2008,5152.0
138,2009,1010.0
138,2010,149254.0
138,2011,281786.0
138,2012,3595.0
138,2013,8351.0
273,2006,50.0
273,2007,94.0
273,2008,148.0
273,2009,79.0
273,2010,61.0
273,2011,54.0
273,2012,48.0
273,2013,22.0
143,1961,46.0
143,1962,103.0
143,1963,312.0
143,1964,150.0
143,1965,70.0
143,1966,820.0
143,1967,754.0
143,1968,1357.0
143,1969,1454.0
143,1970,2459.0
143,1971,1030.0
143,1972,252.0
143,1973,750.0
143,1974,901.0
143,1975,600.0
143,1976,608.0
143,1977,181.0
143,1978,1115.0
143,1979,1460.0
143,1980,1340.0
143,1981,1364.0
143,1982,4177.0
143,1983,978.0
143,1984,2626.0
143,1985,0.0
143,1986,0.0
143,1987,0.0
143,1988,0.0
143,1989,0.0
143,1990,0.0
143,1991,0.0
143,1992,0.0
143,1993,175.0
143,1994,105.0
143,1995,0.0
143,1996,34.0
143,1997,436.0
143,1998,629.0
143,1999,150.0
143,2000,47.0
143,2001,25.0
143,2002,831.0
143,2003,3861.0
143,2004,1103.0
143,2005,177.0
143,2006,164.0
143,2007,255.0
143,2008,1282.0
143,2009,931.0
143,2010,346.0
143,2011,346.0
143,2012,3528.0
143,2013,1380.0
147,1961,
147,1962,
147,1963,
147,1964,
147,1965,
147,1966,
147,1967,
147,1968,
147,1969,
147,1970,
147,1971,
147,1972,
147,1973,
147,1974,
147,1975,
147,1976,
147,1977,
147,1978,
147,1979,
147,1980,
147,1981,
147,1982,
147,1983,
147,1984,
147,1985,
147,1986,
147,1987,
147,1988,
147,1989,
147,1990,
147,1991,
147,1992,
147,1993,
147,1994,
147,1995,
147,1996,
147,1997,
147,1998,
147,1999,
147,2000,
147,2001,
147,2002,
147,2003,
147,2004,
147,2005,
147,2006,
147,2007,
147,2008,
147,2009,
147,2010,
147,2011,
147,2012,50.0
147,2013,96.0
149,1961,
149,1962,
149,1963,
149,1964,
149,1965,
149,1966,
149,1967,
149,1968,
149,1969,
149,1970,
149,1971,
149,1972,
149,1973,
149,1974,
149,1975,
149,1976,
149,1977,
149,1978,
149,1979,
149,1980,
149,1981,
149,1982,
149,1983,
149,1984,
149,1985,
149,1986,
149,1987,
149,1988,
149,1989,
149,1990,
149,1991,
149,1992,
149,1993,
149,1994,
149,1995,
149,1996,
149,1997,
149,1998,
149,1999,2373.0
149,2000,
149,2001,
149,2002,
149,2003,2215.0
149,2004,756.0
149,2005,0.0
149,2006,0.0
149,2007,0.0
149,2008,0.0
149,2009,0.0
149,2010,14.0
149,2011,0.0
149,2012,16.0
149,2013,7.0
150,1961,0.0
150,1962,0.0
150,1963,0.0
150,1964,0.0
150,1965,0.0
150,1966,0.0
150,1967,0.0
150,1968,0.0
150,1969,0.0
150,1970,0.0
150,1971,0.0
150,1972,0.0
150,1973,0.0
150,1974,0.0
150,1975,0.0
150,1976,0.0
150,1977,0.0
150,1978,0.0
150,1979,0.0
150,1980,0.0
150,1981,0.0
150,1982,0.0
150,1983,316.0
150,1984,172.0
150,1985,57.0
150,1986,219.0
150,1987,241.0
150,1988,568.0
150,1989,534.0
150,1990,926.0
150,1991,805.0
150,1992,772.0
150,1993,5216.0
150,1994,16665.0
150,1995,20322.0
150,1996,27126.0
150,1997,6110.0
150,1998,3997.0
150,1999,3642.0
150,2000,11484.0
150,2001,6627.0
150,2002,2865.0
150,2003,1859.0
150,2004,2030.0
150,2005,16264.0
150,2006,12774.0
150,2007,22913.0
150,2008,13499.0
150,2009,15868.0
150,2010,1629.0
150,2011,403908.0
150,2012,394792.0
150,2013,397155.0
156,1961,
156,1962,
156,1963,
156,1964,
156,1965,
156,1966,
156,1967,
156,1968,
156,1969,
156,1970,
156,1971,
156,1972,
156,1973,
156,1974,
156,1975,
156,1976,
156,1977,
156,1978,
156,1979,
156,1980,
156,1981,
156,1982,
156,1983,
156,1984,
156,1985,
156,1986,
156,1987,
156,1988,
156,1989,
156,1990,
156,1991,
156,1992,
156,1993,
156,1994,
156,1995,
156,1996,
156,1997,
156,1998,
156,1999,
156,2000,
156,2001,
156,2002,149.0
156,2003,57.0
156,2004,80.0
156,2005,115.0
156,2006,255.0
156,2007,361.0
156,2008,298.0
156,2009,277.0
156,2010,585.0
156,2011,318.0
156,2012,416.0
156,2013,522.0
157,1961,
157,1962,
157,1963,
157,1964,
157,1965,
157,1966,
157,1967,
157,1968,
157,1969,
157,1970,
157,1971,
157,1972,
157,1973,
157,1974,
157,1975,
157,1976,
157,1977,
157,1978,
157,1979,
157,1980,
157,1981,
157,1982,
157,1983,
157,1984,
157,1985,
157,1986,
157,1987,
157,1988,
157,1989,
157,1990,
157,1991,
157,1992,
157,1993,
157,1994,
157,1995,
157,1996,
157,1997,
157,1998,
157,1999,
157,2000,
157,2001,
157,2002,
157,2003,
157,2004,
157,2005,
157,2006,
157,2007,0.0
157,2008,98.0
157,2009,0.0
157,2010,0.0
157,2011,0.0
157,2012,0.0
157,2013,0.0
158,1961,
158,1962,
158,1963,
158,1964,
158,1965,
158,1966,
158,1967,
158,1968,
158,1969,
158,1970,
158,1971,
158,1972,
158,1973,
158,1974,
158,1975,
158,1976,
158,1977,
158,1978,
158,1979,
158,1980,
158,1981,
158,1982,
158,1983,
158,1984,
158,1985,
158,1986,
158,1987,
158,1988,
158,1989,
158,1990,
158,1991,
158,1992,
158,1993,
158,1994,
158,1995,
158,1996,
158,1997,
158,1998,
158,1999,
158,2000,
158,2001,
158,2002,
158,2003,
158,2004,
158,2005,0.0
158,2006,0.0
158,2007,2.0
158,2008,0.0
158,2009,0.0
158,2010,0.0
158,2011,0.0
158,2012,114.0
158,2013,161.0
162,1961,0.0
162,1962,0.0
162,1963,0.0
162,1964,0.0
162,1965,0.0
162,1966,0.0
162,1967,0.0
162,1968,0.0
162,1969,0.0
162,1970,0.0
162,1971,0.0
162,1972,0.0
162,1973,0.0
162,1974,0.0
162,1975,0.0
162,1976,0.0
162,1977,0.0
162,1978,0.0
162,1979,0.0
162,1980,0.0
162,1981,8.0
162,1982,0.0
162,1983,4.0
162,1984,53.0
162,1985,0.0
162,1986,70.0
162,1987,5.0
162,1988,15.0
162,1989,16.0
162,1990,10.0
162,1991,193.0
162,1992,235.0
162,1993,38.0
162,1994,15.0
162,1995,12.0
162,1996,55.0
162,1997,77.0
162,1998,101.0
162,1999,7.0
162,2000,1.0
162,2001,61.0
162,2002,228.0
162,2003,227.0
162,2004,209.0
162,2005,330.0
162,2006,325.0
162,2007,385.0
162,2008,476.0
162,2009,494.0
162,2010,406.0
162,2011,495.0
162,2012,432.0
162,2013,395.0
221,1961,
221,1962,
221,1963,
221,1964,
221,1965,
221,1966,
221,1967,
221,1968,
221,1969,
221,1970,
221,1971,
221,1972,
221,1973,
221,1974,
221,1975,
221,1976,
221,1977,
221,1978,
221,1979,
221,1980,
221,1981,
221,1982,
221,1983,
221,1984,
221,1985,
221,1986,
221,1987,
221,1988,
221,1989,
221,1990,
221,1991,
221,1992,
221,1993,
221,1994,
221,1995,
221,1996,
221,1997,
221,1998,
221,1999,
221,2000,
221,2001,
221,2002,137.0
221,2003,0.0
221,2004,262.0
221,2005,0.0
221,2006,575.0
221,2007,0.0
221,2008,79.0
221,2009,124.0
221,2010,41.0
221,2011,214.0
221,2012,193.0
221,2013,190.0
165,1961,
165,1962,
165,1963,
165,1964,
165,1965,
165,1966,
165,1967,
165,1968,
165,1969,
165,1970,
165,1971,
165,1972,
165,1973,
165,1974,
165,1975,
165,1976,
165,1977,
165,1978,
165,1979,
165,1980,
165,1981,
165,1982,
165,1983,
165,1984,
165,1985,
165,1986,
165,1987,
165,1988,
165,1989,
165,1990,
165,1991,
165,1992,
165,1993,
165,1994,
165,1995,
165,1996,
165,1997,
165,1998,
165,1999,
165,2000,
165,2001,
165,2002,
165,2003,1609.0
165,2004,1543.0
165,2005,6043.0
165,2006,2702.0
165,2007,8122.0
165,2008,3087.0
165,2009,6154.0
165,2010,6656.0
165,2011,9667.0
165,2012,12855.0
165,2013,14377.0
166,1961,
166,1962,
166,1963,
166,1964,
166,1965,
166,1966,
166,1967,
166,1968,
166,1969,
166,1970,
166,1971,
166,1972,
166,1973,
166,1974,
166,1975,
166,1976,
166,1977,
166,1978,
166,1979,
166,1980,
166,1981,
166,1982,
166,1983,
166,1984,
166,1985,
166,1986,
166,1987,
166,1988,
166,1989,
166,1990,
166,1991,
166,1992,
166,1993,
166,1994,
166,1995,
166,1996,
166,1997,
166,1998,
166,1999,
166,2000,
166,2001,
166,2002,
166,2003,
166,2004,
166,2005,
166,2006,
166,2007,
166,2008,
166,2009,
166,2010,
166,2011,
166,2012,340.0
166,2013,392.0
169,1961,
169,1962,
169,1963,
169,1964,
169,1965,
169,1966,
169,1967,
169,1968,
169,1969,
169,1970,
169,1971,
169,1972,
169,1973,
169,1974,
169,1975,
169,1976,
169,1977,
169,1978,
169,1979,
169,1980,
169,1981,
169,1982,
169,1983,
169,1984,
169,1985,
169,1986,
169,1987,
169,1988,
169,1989,
169,1990,
169,1991,
169,1992,
169,1993,
169,1994,
169,1995,
169,1996,
169,1997,
169,1998,
169,1999,
169,2000,
169,2001,
169,2002,
169,2003,
169,2004,
169,2005,
169,2006,
169,2007,
169,2008,
169,2009,
169,2010,
169,2011,
169,2012,4.0
169,2013,5.0
170,1961,
170,1962,
170,1963,
170,1964,
170,1965,
170,1966,
170,1967,
170,1968,
170,1969,
170,1970,
170,1971,
170,1972,
170,1973,
170,1974,
170,1975,
170,1976,
170,1977,
170,1978,
170,1979,
170,1980,
170,1981,
170,1982,
170,1983,
170,1984,
170,1985,
170,1986,
170,1987,
170,1988,
170,1989,
170,1990,
170,1991,
170,1992,
170,1993,
170,1994,
170,1995,
170,1996,
170,1997,
170,1998,
170,1999,
170,2000,
170,2001,
170,2002,
170,2003,
170,2004,
170,2005,
170,2006,
170,2007,
170,2008,
170,2009,
170,2010,
170,2011,
170,2012,118.0
170,2013,169.0
171,1961,0.0
171,1962,0.0
171,1963,0.0
171,1964,0.0
171,1965,0.0
171,1966,0.0
171,1967,0.0
171,1968,0.0
171,1969,0.0
171,1970,0.0
171,1971,0.0
171,1972,0.0
171,1973,0.0
171,1974,0.0
171,1975,0.0
171,1976,0.0
171,1977,0.0
171,1978,0.0
171,1979,0.0
171,1980,0.0
171,1981,0.0
171,1982,0.0
171,1983,0.0
171,1984,0.0
171,1985,0.0
171,1986,0.0
171,1987,0.0
171,1988,0.0
171,1989,0.0
171,1990,0.0
171,1991,78.0
171,1992,1.0
171,1993,5.0
171,1994,11.0
171,1995,23.0
171,1996,33.0
171,1997,0.0
171,1998,0.0
171,1999,5.0
171,2000,23.0
171,2001,0.0
171,2002,0.0
171,2003,0.0
171,2004,1.0
171,2005,11.0
171,2006,158.0
171,2007,2.0
171,2008,625.0
171,2009,55.0
171,2010,0.0
171,2011,0.0
171,2012,434.0
171,2013,578.0
173,1961,0.0
173,1962,0.0
173,1963,0.0
173,1964,0.0
173,1965,0.0
173,1966,0.0
173,1967,0.0
173,1968,0.0
173,1969,0.0
173,1970,0.0
173,1971,0.0
173,1972,0.0
173,1973,0.0
173,1974,0.0
173,1975,0.0
173,1976,0.0
173,1977,0.0
173,1978,0.0
173,1979,0.0
173,1980,0.0
173,1981,0.0
173,1982,0.0
173,1983,0.0
173,1984,0.0
173,1985,0.0
173,1986,0.0
173,1987,0.0
173,1988,0.0
173,1989,0.0
173,1990,0.0
173,1991,0.0
173,1992,0.0
173,1993,
173,1994,
173,1995,
173,1996,
173,1997,
173,1998,
173,1999,
173,2000,0.0
173,2001,0.0
173,2002,8273.0
173,2003,11619.0
173,2004,182.0
173,2005,274.0
173,2006,491.0
173,2007,1413.0
173,2008,982.0
173,2009,411.0
173,2010,650.0
173,2011,543.0
173,2012,2977.0
173,2013,4218.0
174,1961,0.0
174,1962,0.0
174,1963,0.0
174,1964,0.0
174,1965,0.0
174,1966,0.0
174,1967,0.0
174,1968,0.0
174,1969,0.0
174,1970,0.0
174,1971,0.0
174,1972,0.0
174,1973,0.0
174,1974,0.0
174,1975,0.0
174,1976,0.0
174,1977,0.0
174,1978,0.0
174,1979,0.0
174,1980,0.0
174,1981,0.0
174,1982,0.0
174,1983,39.0
174,1984,99.0
174,1985,115.0
174,1986,96.0
174,1987,109.0
174,1988,52.0
174,1989,112.0
174,1990,154.0
174,1991,229.0
174,1992,364.0
174,1993,97.0
174,1994,211.0
174,1995,207.0
174,1996,211.0
174,1997,1860.0
174,1998,162.0
174,1999,235.0
174,2000,217.0
174,2001,1029.0
174,2002,1418.0
174,2003,4249.0
174,2004,74.0
174,2005,20.0
174,2006,99.0
174,2007,146.0
174,2008,301.0
174,2009,232.0
174,2010,26.0
174,2011,34.0
174,2012,570.0
174,2013,560.0
179,1961,
179,1962,
179,1963,
179,1964,
179,1965,
179,1966,
179,1967,
179,1968,
179,1969,
179,1970,
179,1971,
179,1972,
179,1973,
179,1974,
179,1975,
179,1976,
179,1977,
179,1978,
179,1979,
179,1980,
179,1981,
179,1982,
179,1983,
179,1984,
179,1985,
179,1986,
179,1987,
179,1988,
179,1989,
179,1990,
179,1991,
179,1992,
179,1993,
179,1994,
179,1995,
179,1996,
179,1997,
179,1998,
179,1999,
179,2000,
179,2001,
179,2002,
179,2003,
179,2004,
179,2005,5.0
179,2006,0.0
179,2007,0.0
179,2008,0.0
179,2009,37.0
179,2010,37.0
179,2011,37.0
179,2012,37.0
179,2013,37.0
117,1961,0.0
117,1962,0.0
117,1963,0.0
117,1964,0.0
117,1965,0.0
117,1966,0.0
117,1967,0.0
117,1968,0.0
117,1969,0.0
117,1970,0.0
117,1971,0.0
117,1972,0.0
117,1973,0.0
117,1974,0.0
117,1975,0.0
117,1976,0.0
117,1977,0.0
117,1978,0.0
117,1979,0.0
117,1980,0.0
117,1981,0.0
117,1982,0.0
117,1983,0.0
117,1984,0.0
117,1985,0.0
117,1986,0.0
117,1987,0.0
117,1988,123.0
117,1989,26.0
117,1990,21.0
117,1991,93.0
117,1992,0.0
117,1993,503.0
117,1994,4422.0
117,1995,2721.0
117,1996,4052.0
117,1997,5294.0
117,1998,1047.0
117,1999,391.0
117,2000,116.0
117,2001,5.0
117,2002,19.0
117,2003,82.0
117,2004,143.0
117,2005,915.0
117,2006,348.0
117,2007,192.0
117,2008,956.0
117,2009,1128.0
117,2010,578.0
117,2011,225.0
117,2012,121.0
117,2013,197.0
146,1992,
146,1993,
146,1994,66.0
146,1995,41.0
146,1996,3.0
146,1997,4.0
146,1998,5.0
146,1999,0.0
146,2000,0.0
146,2001,14.0
146,2002,41.0
146,2003,44.0
146,2004,118.0
146,2005,66.0
146,2006,0.0
146,2007,0.0
146,2008,0.0
146,2009,1.0
146,2010,1.0
146,2011,98.0
146,2012,27.0
146,2013,0.0
183,1961,
183,1962,
183,1963,
183,1964,
183,1965,
183,1966,
183,1967,
183,1968,
183,1969,
183,1970,
183,1971,
183,1972,
183,1973,
183,1974,
183,1975,
183,1976,
183,1977,
183,1978,
183,1979,
183,1980,
183,1981,
183,1982,
183,1983,
183,1984,
183,1985,
183,1986,
183,1987,
183,1988,
183,1989,
183,1990,
183,1991,
183,1992,
183,1993,
183,1994,27.0
183,1995,0.0
183,1996,0.0
183,1997,46.0
183,1998,0.0
183,1999,0.0
183,2000,0.0
183,2001,10.0
183,2002,8.0
183,2003,8.0
183,2004,20.0
183,2005,25.0
183,2006,13.0
183,2007,1054.0
183,2008,947.0
183,2009,898.0
183,2010,1085.0
183,2011,887.0
183,2012,894.0
183,2013,968.0
185,1992,
185,1993,
185,1994,
185,1995,
185,1996,
185,1997,
185,1998,
185,1999,
185,2000,
185,2001,
185,2002,
185,2003,
185,2004,4.0
185,2005,0.0
185,2006,0.0
185,2007,0.0
185,2008,1.0
185,2009,0.0
185,2010,0.0
185,2011,0.0
185,2012,4318.0
185,2013,470.0
184,1961,
184,1962,
184,1963,
184,1964,
184,1965,
184,1966,
184,1967,
184,1968,
184,1969,
184,1970,
184,1971,
184,1972,
184,1973,
184,1974,
184,1975,
184,1976,
184,1977,
184,1978,
184,1979,
184,1980,
184,1981,
184,1982,
184,1983,
184,1984,
184,1985,
184,1986,
184,1987,
184,1988,
184,1989,
184,1990,
184,1991,
184,1992,
184,1993,
184,1994,
184,1995,
184,1996,
184,1997,
184,1998,
184,1999,
184,2000,
184,2001,
184,2002,
184,2003,
184,2004,
184,2005,
184,2006,
184,2007,
184,2008,
184,2009,
184,2010,
184,2011,
184,2012,93.0
184,2013,0.0
189,1961,
189,1962,
189,1963,
189,1964,
189,1965,
189,1966,
189,1967,
189,1968,
189,1969,
189,1970,
189,1971,
189,1972,
189,1973,
189,1974,
189,1975,
189,1976,
189,1977,
189,1978,
189,1979,
189,1980,
189,1981,
189,1982,
189,1983,
189,1984,
189,1985,
189,1986,
189,1987,
189,1988,
189,1989,
189,1990,
189,1991,
189,1992,
189,1993,
189,1994,
189,1995,
189,1996,
189,1997,
189,1998,
189,1999,
189,2000,
189,2001,
189,2002,0.0
189,2003,
189,2004,
189,2005,
189,2006,
189,2007,
189,2008,
189,2009,
189,2010,
189,2011,
189,2012,
189,2013,
191,1961,
191,1962,
191,1963,
191,1964,
191,1965,
191,1966,
191,1967,
191,1968,
191,1969,
191,1970,
191,1971,
191,1972,
191,1973,
191,1974,
191,1975,
191,1976,
191,1977,
191,1978,
191,1979,
191,1980,
191,1981,
191,1982,
191,1983,
191,1984,
191,1985,
191,1986,
191,1987,
191,1988,
191,1989,
191,1990,
191,1991,
191,1992,
191,1993,
191,1994,
191,1995,
191,1996,
191,1997,
191,1998,
191,1999,
191,2000,
191,2001,
191,2002,5.0
191,2003,12.0
191,2004,14.0
191,2005,12.0
191,2006,3.0
191,2007,4.0
191,2008,0.0
191,2009,0.0
191,2010,0.0
191,2011,0.0
191,2012,0.0
191,2013,0.0
244,1961,
244,1962,
244,1963,
244,1964,
244,1965,
244,1966,
244,1967,
244,1968,
244,1969,
244,1970,
244,1971,
244,1972,
244,1973,
244,1974,
244,1975,
244,1976,
244,1977,
244,1978,
244,1979,
244,1980,
244,1981,
244,1982,
244,1983,
244,1984,
244,1985,
244,1986,
244,1987,
244,1988,
244,1989,
244,1990,
244,1991,
244,1992,
244,1993,
244,1994,
244,1995,
244,1996,
244,1997,
244,1998,
244,1999,
244,2000,
244,2001,
244,2002,
244,2003,
244,2004,
244,2005,
244,2006,
244,2007,
244,2008,
244,2009,
244,2010,
244,2011,
244,2012,
244,2013,9.0
194,1961,0.0
194,1962,0.0
194,1963,0.0
194,1964,0.0
194,1965,0.0
194,1966,0.0
194,1967,0.0
194,1968,0.0
194,1969,0.0
194,1970,0.0
194,1971,0.0
194,1972,0.0
194,1973,0.0
194,1974,0.0
194,1975,0.0
194,1976,0.0
194,1977,0.0
194,1978,0.0
194,1979,0.0
194,1980,0.0
194,1981,0.0
194,1982,0.0
194,1983,0.0
194,1984,0.0
194,1985,0.0
194,1986,0.0
194,1987,0.0
194,1988,0.0
194,1989,0.0
194,1990,0.0
194,1991,838.0
194,1992,960.0
194,1993,1294.0
194,1994,470.0
194,1995,1126.0
194,1996,3773.0
194,1997,2817.0
194,1998,722.0
194,1999,0.0
194,2000,0.0
194,2001,1673.0
194,2002,3523.0
194,2003,3224.0
194,2004,1872.0
194,2005,2121.0
194,2006,7104.0
194,2007,11799.0
194,2008,13867.0
194,2009,12530.0
194,2010,19036.0
194,2011,20813.0
194,2012,19609.0
194,2013,20082.0
195,1961,
195,1962,
195,1963,
195,1964,
195,1965,
195,1966,
195,1967,
195,1968,
195,1969,
195,1970,
195,1971,
195,1972,
195,1973,
195,1974,
195,1975,
195,1976,
195,1977,
195,1978,
195,1979,
195,1980,
195,1981,
195,1982,
195,1983,
195,1984,
195,1985,
195,1986,
195,1987,
195,1988,
195,1989,
195,1990,
195,1991,
195,1992,
195,1993,
195,1994,
195,1995,
195,1996,
195,1997,
195,1998,
195,1999,
195,2000,
195,2001,
195,2002,
195,2003,
195,2004,
195,2005,
195,2006,
195,2007,
195,2008,
195,2009,
195,2010,
195,2011,
195,2012,59.0
195,2013,189.0
272,2006,56.0
272,2007,46.0
272,2008,13.0
272,2009,0.0
272,2010,61.0
272,2011,242.0
272,2012,211.0
272,2013,361.0
186,1992,98.0
186,1993,
186,1994,
186,1995,
186,1996,80.0
186,1997,15.0
186,1998,15.0
186,1999,17.0
186,2000,0.0
186,2001,23.0
186,2002,14.0
186,2003,91.0
186,2004,4.0
186,2005,0.0
200,1961,0.0
200,1962,0.0
200,1963,0.0
200,1964,0.0
200,1965,0.0
200,1966,0.0
200,1967,0.0
200,1968,0.0
200,1969,0.0
200,1970,0.0
200,1971,0.0
200,1972,0.0
200,1973,0.0
200,1974,0.0
200,1975,0.0
200,1976,0.0
200,1977,0.0
200,1978,0.0
200,1979,1019.0
200,1980,1589.0
200,1981,1453.0
200,1982,1187.0
200,1983,1721.0
200,1984,1361.0
200,1985,1496.0
200,1986,1643.0
200,1987,1615.0
200,1988,2070.0
200,1989,2444.0
200,1990,2452.0
200,1991,2674.0
200,1992,3274.0
200,1993,3756.0
200,1994,3679.0
200,1995,3014.0
200,1996,3370.0
200,1997,2155.0
200,1998,1505.0
200,1999,1647.0
200,2000,1126.0
200,2001,1442.0
200,2002,1615.0
200,2003,2453.0
200,2004,1391.0
200,2005,2422.0
200,2006,2983.0
200,2007,3887.0
200,2008,4400.0
200,2009,3203.0
200,2010,3337.0
200,2011,3481.0
200,2012,1888.0
200,2013,2400.0
199,1993,
199,1994,
199,1995,
199,1996,
199,1997,
199,1998,
199,1999,
199,2000,
199,2001,
199,2002,
199,2003,1741.0
199,2004,7.0
199,2005,0.0
199,2006,25.0
199,2007,0.0
199,2008,3.0
199,2009,72.0
199,2010,287.0
199,2011,312.0
199,2012,2766.0
199,2013,2067.0
198,1992,0.0
198,1993,0.0
198,1994,0.0
198,1995,0.0
198,1996,59.0
198,1997,82.0
198,1998,0.0
198,1999,0.0
198,2000,0.0
198,2001,0.0
198,2002,0.0
198,2003,0.0
198,2004,0.0
198,2005,0.0
198,2006,1.0
198,2007,0.0
198,2008,0.0
198,2009,5.0
198,2010,20.0
198,2011,18.0
198,2012,205.0
198,2013,194.0
202,1961,0.0
202,1962,0.0
202,1963,0.0
202,1964,0.0
202,1965,0.0
202,1966,0.0
202,1967,0.0
202,1968,0.0
202,1969,0.0
202,1970,0.0
202,1971,0.0
202,1972,0.0
202,1973,0.0
202,1974,0.0
202,1975,0.0
202,1976,0.0
202,1977,0.0
202,1978,0.0
202,1979,0.0
202,1980,0.0
202,1981,0.0
202,1982,0.0
202,1983,2653.0
202,1984,2858.0
202,1985,1993.0
202,1986,2241.0
202,1987,2618.0
202,1988,11680.0
202,1989,7412.0
202,1990,10990.0
202,1991,5175.0
202,1992,1537.0
202,1993,4258.0
202,1994,4615.0
202,1995,2745.0
202,1996,2503.0
202,1997,2922.0
202,1998,7707.0
202,1999,10012.0
202,2000,10213.0
202,2001,9853.0
202,2002,15712.0
202,2003,9971.0
202,2004,6145.0
202,2005,0.0
202,2006,0.0
202,2007,0.0
202,2008,0.0
202,2009,0.0
202,2010,0.0
202,2011,0.0
202,2012,19829.0
202,2013,34336.0
203,1961,1478.0
203,1962,2048.0
203,1963,2518.0
203,1964,3732.0
203,1965,3368.0
203,1966,2849.0
203,1967,2972.0
203,1968,2764.0
203,1969,2426.0
203,1970,4140.0
203,1971,3942.0
203,1972,4914.0
203,1973,4991.0
203,1974,4502.0
203,1975,5728.0
203,1976,4831.0
203,1977,4407.0
203,1978,6518.0
203,1979,7623.0
203,1980,7231.0
203,1981,1088.0
203,1982,613.0
203,1983,481.0
203,1984,1005.0
203,1985,729.0
203,1986,836.0
203,1987,1478.0
203,1988,583.0
203,1989,251.0
203,1990,286.0
203,1991,361.0
203,1992,2546.0
203,1993,6924.0
203,1994,5967.0
203,1995,13813.0
203,1996,21579.0
203,1997,20535.0
203,1998,25893.0
203,1999,16920.0
203,2000,27543.0
203,2001,23548.0
203,2002,37440.0
203,2003,64385.0
203,2004,66668.0
203,2005,55318.0
203,2006,48560.0
203,2007,61527.0
203,2008,67881.0
203,2009,63841.0
203,2010,57539.0
203,2011,63767.0
203,2012,63351.0
203,2013,74984.0
207,1961,
207,1962,
207,1963,
207,1964,
207,1965,
207,1966,
207,1967,
207,1968,
207,1969,
207,1970,
207,1971,
207,1972,
207,1973,
207,1974,
207,1975,
207,1976,
207,1977,
207,1978,
207,1979,
207,1980,
207,1981,
207,1982,
207,1983,
207,1984,
207,1985,
207,1986,
207,1987,
207,1988,
207,1989,
207,1990,
207,1991,
207,1992,
207,1993,
207,1994,
207,1995,
207,1996,
207,1997,
207,1998,
207,1999,
207,2000,
207,2001,
207,2002,
207,2003,
207,2004,
207,2005,
207,2006,
207,2007,
207,2008,
207,2009,
207,2010,189.0
207,2011,390.0
207,2012,1.0
207,2013,1.0
210,1961,
210,1962,
210,1963,
210,1964,
210,1965,
210,1966,
210,1967,
210,1968,
210,1969,
210,1970,
210,1971,
210,1972,
210,1973,
210,1974,
210,1975,
210,1976,
210,1977,
210,1978,
210,1979,
210,1980,
210,1981,
210,1982,
210,1983,
210,1984,
210,1985,
210,1986,
210,1987,
210,1988,
210,1989,
210,1990,
210,1991,
210,1992,
210,1993,
210,1994,
210,1995,421.0
210,1996,119.0
210,1997,104.0
210,1998,161.0
210,1999,245.0
210,2000,314.0
210,2001,310.0
210,2002,299.0
210,2003,127.0
210,2004,66.0
210,2005,78.0
210,2006,174.0
210,2007,765.0
210,2008,867.0
210,2009,332.0
210,2010,274.0
210,2011,268.0
210,2012,435.0
210,2013,215.0
212,1961,
212,1962,
212,1963,
212,1964,
212,1965,
212,1966,
212,1967,
212,1968,
212,1969,
212,1970,
212,1971,
212,1972,
212,1973,
212,1974,
212,1975,
212,1976,
212,1977,
212,1978,
212,1979,
212,1980,
212,1981,
212,1982,
212,1983,
212,1984,
212,1985,
212,1986,
212,1987,
212,1988,
212,1989,
212,1990,
212,1991,
212,1992,
212,1993,
212,1994,
212,1995,
212,1996,
212,1997,
212,1998,
212,1999,
212,2000,
212,2001,
212,2002,
212,2003,
212,2004,
212,2005,
212,2006,127.0
212,2007,104.0
212,2008,529.0
212,2009,410.0
212,2010,289.0
212,2011,0.0
212,2012,0.0
212,2013,13.0
216,1961,
216,1962,
216,1963,
216,1964,
216,1965,
216,1966,
216,1967,
216,1968,
216,1969,
216,1970,
216,1971,
216,1972,
216,1973,
216,1974,
216,1975,
216,1976,
216,1977,
216,1978,
216,1979,
216,1980,
216,1981,
216,1982,
216,1983,
216,1984,
216,1985,
216,1986,
216,1987,
216,1988,
216,1989,
216,1990,
216,1991,
216,1992,
216,1993,
216,1994,
216,1995,
216,1996,
216,1997,
216,1998,
216,1999,
216,2000,
216,2001,
216,2002,
216,2003,
216,2004,
216,2005,2175.0
216,2006,0.0
216,2007,3752.0
216,2008,4862.0
216,2009,6581.0
216,2010,9489.0
216,2011,9444.0
216,2012,16818.0
216,2013,18742.0
154,1992,
154,1993,
154,1994,
154,1995,
154,1996,
154,1997,
154,1998,
154,1999,
154,2000,
154,2001,
154,2002,62.0
154,2003,54.0
154,2004,136.0
154,2005,98.0
154,2006,329.0
154,2007,12.0
154,2008,525.0
154,2009,260.0
154,2010,3.0
154,2011,63.0
154,2012,112.0
154,2013,47.0
217,1961,
217,1962,
217,1963,
217,1964,
217,1965,
217,1966,
217,1967,
217,1968,
217,1969,
217,1970,
217,1971,
217,1972,
217,1973,
217,1974,
217,1975,
217,1976,
217,1977,
217,1978,
217,1979,
217,1980,
217,1981,
217,1982,
217,1983,
217,1984,
217,1985,
217,1986,
217,1987,
217,1988,
217,1989,
217,1990,
217,1991,
217,1992,
217,1993,
217,1994,
217,1995,
217,1996,
217,1997,
217,1998,
217,1999,
217,2000,
217,2001,
217,2002,
217,2003,
217,2004,
217,2005,
217,2006,
217,2007,
217,2008,
217,2009,
217,2010,
217,2011,
217,2012,
217,2013,23.0
220,1961,0.0
220,1962,0.0
220,1963,0.0
220,1964,0.0
220,1965,0.0
220,1966,0.0
220,1967,0.0
220,1968,0.0
220,1969,0.0
220,1970,1.0
220,1971,1.0
220,1972,1.0
220,1973,6.0
220,1974,2.0
220,1975,1.0
220,1976,0.0
220,1977,14.0
220,1978,0.0
220,1979,769.0
220,1980,412.0
220,1981,56.0
220,1982,49.0
220,1983,36.0
220,1984,5.0
220,1985,8.0
220,1986,17.0
220,1987,36.0
220,1988,54.0
220,1989,124.0
220,1990,315.0
220,1991,415.0
220,1992,366.0
220,1993,319.0
220,1994,194.0
220,1995,253.0
220,1996,443.0
220,1997,877.0
220,1998,1245.0
220,1999,42.0
220,2000,1321.0
220,2001,12.0
220,2002,7.0
220,2003,17.0
220,2004,1959.0
220,2005,1700.0
220,2006,1822.0
220,2007,2873.0
220,2008,944.0
220,2009,2798.0
220,2010,3252.0
220,2011,108.0
220,2012,291.0
220,2013,326.0
222,1961,0.0
222,1962,0.0
222,1963,0.0
222,1964,0.0
222,1965,0.0
222,1966,0.0
222,1967,0.0
222,1968,0.0
222,1969,0.0
222,1970,0.0
222,1971,0.0
222,1972,0.0
222,1973,0.0
222,1974,0.0
222,1975,0.0
222,1976,0.0
222,1977,0.0
222,1978,0.0
222,1979,0.0
222,1980,0.0
222,1981,0.0
222,1982,0.0
222,1983,0.0
222,1984,0.0
222,1985,0.0
222,1986,0.0
222,1987,0.0
222,1988,50.0
222,1989,10.0
222,1990,3.0
222,1991,17.0
222,1992,0.0
222,1993,28.0
222,1994,54.0
222,1995,84.0
222,1996,8.0
222,1997,106.0
222,1998,7.0
222,1999,101.0
222,2000,100.0
222,2001,144.0
222,2002,89.0
222,2003,182.0
222,2004,127.0
222,2005,180.0
222,2006,122.0
222,2007,141.0
222,2008,236.0
222,2009,85.0
222,2010,269.0
222,2011,442.0
222,2012,1446.0
222,2013,1614.0
223,1961,0.0
223,1962,0.0
223,1963,0.0
223,1964,0.0
223,1965,0.0
223,1966,0.0
223,1967,0.0
223,1968,0.0
223,1969,0.0
223,1970,0.0
223,1971,0.0
223,1972,0.0
223,1973,0.0
223,1974,0.0
223,1975,0.0
223,1976,0.0
223,1977,0.0
223,1978,0.0
223,1979,0.0
223,1980,0.0
223,1981,0.0
223,1982,0.0
223,1983,0.0
223,1984,0.0
223,1985,2475.0
223,1986,466.0
223,1987,1559.0
223,1988,974.0
223,1989,3017.0
223,1990,2476.0
223,1991,212.0
223,1992,513.0
223,1993,190.0
223,1994,171.0
223,1995,562.0
223,1996,1924.0
223,1997,480.0
223,1998,399.0
223,1999,202.0
223,2000,605.0
223,2001,245.0
223,2002,208.0
223,2003,287.0
223,2004,311.0
223,2005,199.0
223,2006,143.0
223,2007,155.0
223,2008,468.0
223,2009,266.0
223,2010,1117.0
223,2011,1131.0
223,2012,1620.0
223,2013,1516.0
226,1961,
226,1962,
226,1963,
226,1964,
226,1965,
226,1966,
226,1967,
226,1968,
226,1969,
226,1970,
226,1971,
226,1972,
226,1973,
226,1974,
226,1975,
226,1976,
226,1977,
226,1978,
226,1979,
226,1980,
226,1981,
226,1982,
226,1983,
226,1984,
226,1985,
226,1986,
226,1987,
226,1988,
226,1989,
226,1990,
226,1991,
226,1992,
226,1993,
226,1994,0.0
226,1995,0.0
226,1996,0.0
226,1997,0.0
226,1998,
226,1999,
226,2000,1.0
226,2001,0.0
226,2002,0.0
226,2003,0.0
226,2004,0.0
226,2005,0.0
226,2006,0.0
226,2007,1.0
226,2008,3.0
226,2009,44.0
226,2010,9.0
226,2011,12.0
226,2012,103.0
226,2013,153.0
230,1992,
230,1993,
230,1994,
230,1995,
230,1996,
230,1997,
230,1998,
230,1999,
230,2000,
230,2001,
230,2002,315.0
230,2003,25.0
230,2004,46.0
230,2005,3148.0
230,2006,3324.0
230,2007,4646.0
230,2008,39.0
230,2009,16.0
230,2010,15.0
230,2011,17.0
230,2012,39.0
230,2013,52.0
225,1961,
225,1962,
225,1963,
225,1964,
225,1965,
225,1966,
225,1967,
225,1968,
225,1969,
225,1970,
225,1971,
225,1972,
225,1973,
225,1974,
225,1975,
225,1976,
225,1977,
225,1978,
225,1979,
225,1980,
225,1981,
225,1982,
225,1983,
225,1984,
225,1985,
225,1986,
225,1987,
225,1988,
225,1989,
225,1990,
225,1991,
225,1992,
225,1993,
225,1994,
225,1995,
225,1996,
225,1997,
225,1998,
225,1999,
225,2000,
225,2001,
225,2002,1596.0
225,2003,1296.0
225,2004,3188.0
225,2005,3027.0
225,2006,6773.0
225,2007,14777.0
225,2008,11090.0
225,2009,8211.0
225,2010,6283.0
225,2011,5284.0
225,2012,8852.0
225,2013,12347.0
229,1961,67.0
229,1962,112.0
229,1963,90.0
229,1964,20.0
229,1965,25.0
229,1966,50.0
229,1967,36.0
229,1968,24.0
229,1969,5.0
229,1970,0.0
229,1971,0.0
229,1972,0.0
229,1973,0.0
229,1974,0.0
229,1975,0.0
229,1976,493.0
229,1977,1107.0
229,1978,1087.0
229,1979,1091.0
229,1980,1307.0
229,1981,1393.0
229,1982,1131.0
229,1983,1375.0
229,1984,1054.0
229,1985,1563.0
229,1986,1792.0
229,1987,1816.0
229,1988,1873.0
229,1989,2079.0
229,1990,3093.0
229,1991,4776.0
229,1992,3288.0
229,1993,938.0
229,1994,908.0
229,1995,1509.0
229,1996,926.0
229,1997,1780.0
229,1998,917.0
229,1999,1274.0
229,2000,838.0
229,2001,752.0
229,2002,1270.0
229,2003,1588.0
229,2004,9517.0
229,2005,14997.0
229,2006,16642.0
229,2007,21079.0
229,2008,22240.0
229,2009,13374.0
229,2010,10555.0
229,2011,4857.0
229,2012,7487.0
229,2013,20257.0
215,1961,
215,1962,
215,1963,
215,1964,
215,1965,
215,1966,
215,1967,
215,1968,
215,1969,
215,1970,
215,1971,
215,1972,
215,1973,
215,1974,
215,1975,
215,1976,
215,1977,
215,1978,
215,1979,
215,1980,
215,1981,
215,1982,
215,1983,
215,1984,
215,1985,
215,1986,
215,1987,
215,1988,
215,1989,
215,1990,
215,1991,
215,1992,
215,1993,
215,1994,
215,1995,
215,1996,
215,1997,
215,1998,
215,1999,
215,2000,
215,2001,
215,2002,
215,2003,
215,2004,
215,2005,1.0
215,2006,2.0
215,2007,2.0
215,2008,0.0
215,2009,0.0
215,2010,0.0
215,2011,14.0
215,2012,92.0
215,2013,0.0
231,1961,19640.0
231,1962,17315.0
231,1963,16684.0
231,1964,14279.0
231,1965,13184.0
231,1966,12979.0
231,1967,15274.0
231,1968,15723.0
231,1969,16974.0
231,1970,23397.0
231,1971,29865.0
231,1972,33158.0
231,1973,40729.0
231,1974,45814.0
231,1975,55958.0
231,1976,63846.0
231,1977,80012.0
231,1978,82338.0
231,1979,94921.0
231,1980,112466.0
231,1981,122212.0
231,1982,111715.0
231,1983,114788.0
231,1984,118526.0
231,1985,87243.0
231,1986,64364.0
231,1987,85366.0
231,1988,123958.0
231,1989,139362.0
231,1990,232275.0
231,1991,209609.0
231,1992,226825.0
231,1993,184794.0
231,1994,192783.0
231,1995,205672.0
231,1996,218735.0
231,1997,223036.0
231,1998,174259.0
231,1999,176378.0
231,2000,163402.0
231,2001,145522.0
231,2002,313208.0
231,2003,147271.0
231,2004,131961.0
231,2005,132505.0
231,2006,97569.0
231,2007,213447.0
231,2008,204819.0
231,2009,164995.0
231,2010,240200.0
231,2011,317232.0
231,2012,242182.0
231,2013,237627.0
234,1961,0.0
234,1962,0.0
234,1963,0.0
234,1964,0.0
234,1965,0.0
234,1966,0.0
234,1967,0.0
234,1968,0.0
234,1969,0.0
234,1970,0.0
234,1971,0.0
234,1972,0.0
234,1973,0.0
234,1974,0.0
234,1975,0.0
234,1976,0.0
234,1977,0.0
234,1978,0.0
234,1979,0.0
234,1980,0.0
234,1981,0.0
234,1982,0.0
234,1983,0.0
234,1984,0.0
234,1985,0.0
234,1986,0.0
234,1987,0.0
234,1988,1390.0
234,1989,2152.0
234,1990,2852.0
234,1991,3169.0
234,1992,2749.0
234,1993,326.0
234,1994,311.0
234,1995,905.0
234,1996,5.0
234,1997,109.0
234,1998,4239.0
234,1999,4578.0
234,2000,1243.0
234,2001,2461.0
234,2002,0.0
234,2003,0.0
234,2004,0.0
234,2005,0.0
234,2006,0.0
234,2007,0.0
234,2008,0.0
234,2009,0.0
234,2010,0.0
234,2011,0.0
234,2012,0.0
234,2013,0.0
236,1961,
236,1962,
236,1963,
236,1964,
236,1965,
236,1966,
236,1967,
236,1968,
236,1969,
236,1970,
236,1971,
236,1972,
236,1973,
236,1974,
236,1975,
236,1976,
236,1977,
236,1978,
236,1979,
236,1980,
236,1981,
236,1982,
236,1983,
236,1984,
236,1985,
236,1986,
236,1987,
236,1988,
236,1989,
236,1990,
236,1991,
236,1992,
236,1993,
236,1994,
236,1995,
236,1996,
236,1997,
236,1998,
236,1999,
236,2000,
236,2001,
236,2002,
236,2003,
236,2004,
236,2005,
236,2006,
236,2007,
236,2008,
236,2009,
236,2010,
236,2011,
236,2012,
236,2013,9.0
249,1961,
249,1962,
249,1963,
249,1964,
249,1965,
249,1966,
249,1967,
249,1968,
249,1969,
249,1970,
249,1971,
249,1972,
249,1973,
249,1974,
249,1975,
249,1976,
249,1977,
249,1978,
249,1979,
249,1980,
249,1981,
249,1982,
249,1983,
249,1984,
249,1985,
249,1986,
249,1987,
249,1988,
249,1989,
249,1990,
249,1991,
249,1992,
249,1993,
249,1994,
249,1995,
249,1996,
249,1997,
249,1998,
249,1999,
249,2000,
249,2001,
249,2002,
249,2003,
249,2004,
249,2005,
249,2006,
249,2007,
249,2008,
249,2009,
249,2010,
249,2011,
249,2012,
249,2013,113.0
248,1961,0.0
248,1962,0.0
248,1963,0.0
248,1964,0.0
248,1965,0.0
248,1966,0.0
248,1967,0.0
248,1968,0.0
248,1969,0.0
248,1970,0.0
248,1971,0.0
248,1972,0.0
248,1973,0.0
248,1974,4.0
248,1975,0.0
248,1976,0.0
248,1977,2.0
248,1978,26.0
248,1979,4.0
248,1980,0.0
248,1981,2.0
248,1982,2.0
248,1983,21.0
248,1984,20.0
248,1985,7.0
248,1986,27.0
248,1987,28.0
248,1988,191.0
248,1989,72.0
248,1990,101.0
248,1991,0.0
251,1961,
251,1962,
251,1963,
251,1964,
251,1965,
251,1966,
251,1967,
251,1968,
251,1969,
251,1970,
251,1971,
251,1972,
251,1973,
251,1974,
251,1975,
251,1976,
251,1977,
251,1978,
251,1979,
251,1980,
251,1981,
251,1982,
251,1983,
251,1984,
251,1985,
251,1986,
251,1987,
251,1988,
251,1989,
251,1990,
251,1991,
251,1992,
251,1993,
251,1994,
251,1995,0.0
251,1996,
251,1997,
251,1998,
251,1999,57.0
251,2000,
251,2001,
251,2002,
251,2003,
251,2004,
251,2005,
251,2006,
251,2007,
251,2008,
251,2009,
251,2010,
251,2011,
251,2012,
251,2013,
181,1961,
181,1962,
181,1963,
181,1964,
181,1965,
181,1966,
181,1967,
181,1968,
181,1969,
181,1970,
181,1971,
181,1972,
181,1973,
181,1974,
181,1975,
181,1976,
181,1977,
181,1978,
181,1979,
181,1980,
181,1981,
181,1982,
181,1983,
181,1984,
181,1985,
181,1986,
181,1987,
181,1988,
181,1989,
181,1990,
181,1991,
181,1992,
181,1993,
181,1994,
181,1995,
181,1996,
181,1997,
181,1998,
181,1999,
181,2000,
181,2001,
181,2002,
181,2003,
181,2004,
181,2005,
181,2006,
181,2007,
181,2008,
181,2009,
181,2010,
181,2011,
181,2012,
181,2013,1976.0
351,1961,0.0
351,1962,0.0
351,1963,0.0
351,1964,0.0
351,1965,0.0
351,1966,0.0
351,1967,0.0
351,1968,0.0
351,1969,0.0
351,1970,0.0
351,1971,0.0
351,1972,0.0
351,1973,0.0
351,1974,0.0
351,1975,0.0
351,1976,0.0
351,1977,0.0
351,1978,0.0
351,1979,0.0
351,1980,0.0
351,1981,0.0
351,1982,0.0
351,1983,0.0
351,1984,0.0
351,1985,0.0
351,1986,0.0
351,1987,0.0
351,1988,0.0
351,1989,47.0
351,1990,0.0
351,1991,53.0
351,1992,1449.0
351,1993,923.0
351,1994,191.0
351,1995,195.0
351,1996,76.0
351,1997,1015.0
351,1998,50.0
351,1999,68.0
351,2000,752.0
351,2001,1058.0
351,2002,856.0
351,2003,1766.0
351,2004,4384.0
351,2005,3853.0
351,2006,4547.0
351,2007,3367.0
351,2008,7741.0
351,2009,8171.0
351,2010,2938.0
351,2011,4347.0
351,2012,6737.0
351,2013,4838.0
5000,1961,26211.0
5000,1962,23588.0
5000,1963,27724.0
5000,1964,26319.0
5000,1965,24213.0
5000,1966,27320.0
5000,1967,30481.0
5000,1968,35611.0
5000,1969,35740.0
5000,1970,46675.0
5000,1971,73404.0
5000,1972,83438.0
5000,1973,111802.0
5000,1974,112337.0
5000,1975,147110.0
5000,1976,175546.0
5000,1977,269848.0
5000,1978,466695.0
5000,1979,441378.0
5000,1980,516552.0
5000,1981,846811.0
5000,1982,769055.0
5000,1983,814807.0
5000,1984,1681290.0
5000,1985,1000443.0
5000,1986,847713.0
5000,1987,1078980.0
5000,1988,424538.0
5000,1989,1321370.0
5000,1990,1929150.0
5000,1991,1245570.0
5000,1992,1409841.0
5000,1993,1144232.0
5000,1994,1337067.0
5000,1995,1501769.0
5000,1996,1762363.0
5000,1997,1343517.0
5000,1998,1573169.0
5000,1999,1565291.0
5000,2000,1408476.0
5000,2001,1135343.0
5000,2002,1396198.0
5000,2003,1312222.0
5000,2004,1162504.0
5000,2005,1266600.0
5000,2006,1496618.0
5000,2007,2329257.0
5000,2008,1694816.0
5000,2009,1164794.0
5000,2010,1348568.0
5000,2011,3026392.0
5000,2012,3657800.0
5000,2013,3501625.0
5100,1961,46.0
5100,1962,103.0
5100,1963,312.0
5100,1964,150.0
5100,1965,70.0
5100,1966,820.0
5100,1967,754.0
5100,1968,1357.0
5100,1969,1454.0
5100,1970,2459.0
5100,1971,1030.0
5100,1972,252.0
5100,1973,750.0
5100,1974,901.0
5100,1975,600.0
5100,1976,608.0
5100,1977,181.0
5100,1978,1115.0
5100,1979,1460.0
5100,1980,1340.0
5100,1981,1364.0
5100,1982,4177.0
5100,1983,3631.0
5100,1984,5484.0
5100,1985,1993.0
5100,1986,2241.0
5100,1987,2618.0
5100,1988,11730.0
5100,1989,7422.0
5100,1990,10993.0
5100,1991,5192.0
5100,1992,1541.0
5100,1993,4461.0
5100,1994,4774.0
5100,1995,2829.0
5100,1996,2545.0
5100,1997,3464.0
5100,1998,8347.0
5100,1999,10325.0
5100,2000,10367.0
5100,2001,10022.0
5100,2002,16632.0
5100,2003,14014.0
5100,2004,7487.0
5100,2005,416.0
5100,2006,316.0
5100,2007,410.0
5100,2008,2082.0
5100,2009,1060.0
5100,2010,874.0
5100,2011,1835.0
5100,2012,29594.0
5100,2013,43681.0
5101,1961,
5101,1962,
5101,1963,
5101,1964,
5101,1965,
5101,1966,
5101,1967,
5101,1968,
5101,1969,
5101,1970,
5101,1971,
5101,1972,
5101,1973,
5101,1974,
5101,1975,
5101,1976,
5101,1977,
5101,1978,
5101,1979,
5101,1980,
5101,1981,
5101,1982,
5101,1983,
5101,1984,
5101,1985,
5101,1986,
5101,1987,
5101,1988,
5101,1989,
5101,1990,
5101,1991,
5101,1992,
5101,1993,
5101,1994,0.0
5101,1995,0.0
5101,1996,0.0
5101,1997,0.0
5101,1998,
5101,1999,57.0
5101,2000,1.0
5101,2001,0.0
5101,2002,0.0
5101,2003,0.0
5101,2004,102.0
5101,2005,7.0
5101,2006,20.0
5101,2007,9.0
5101,2008,77.0
5101,2009,44.0
5101,2010,29.0
5101,2011,59.0
5101,2012,415.0
5101,2013,2464.0
5102,1961,0.0
5102,1962,0.0
5102,1963,0.0
5102,1964,0.0
5102,1965,0.0
5102,1966,0.0
5102,1967,0.0
5102,1968,0.0
5102,1969,0.0
5102,1970,0.0
5102,1971,0.0
5102,1972,0.0
5102,1973,0.0
5102,1974,0.0
5102,1975,0.0
5102,1976,0.0
5102,1977,0.0
5102,1978,0.0
5102,1979,0.0
5102,1980,0.0
5102,1981,0.0
5102,1982,0.0
5102,1983,0.0
5102,1984,0.0
5102,1985,0.0
5102,1986,0.0
5102,1987,0.0
5102,1988,0.0
5102,1989,0.0
5102,1990,0.0
5102,1991,0.0
5102,1992,4.0
5102,1993,0.0
5102,1994,0.0
5102,1995,0.0
5102,1996,0.0
5102,1997,0.0
5102,1998,0.0
5102,1999,0.0
5102,2000,1.0
5102,2001,0.0
5102,2002,0.0
5102,2003,0.0
5102,2004,9.0
5102,2005,1.0
5102,2006,2.0
5102,2007,2.0
5102,2008,0.0
5102,2009,0.0
5102,2010,219.0
5102,2011,118.0
5102,2012,93.0
5102,2013,96.0
5103,1961,46.0
5103,1962,103.0
5103,1963,312.0
5103,1964,150.0
5103,1965,70.0
5103,1966,820.0
5103,1967,754.0
5103,1968,1357.0
5103,1969,1454.0
5103,1970,2459.0
5103,1971,1030.0
5103,1972,252.0
5103,1973,750.0
5103,1974,901.0
5103,1975,600.0
5103,1976,608.0
5103,1977,181.0
5103,1978,1115.0
5103,1979,1460.0
5103,1980,1340.0
5103,1981,1364.0
5103,1982,4177.0
5103,1983,978.0
5103,1984,2626.0
5103,1985,0.0
5103,1986,0.0
5103,1987,0.0
5103,1988,50.0
5103,1989,10.0
5103,1990,3.0
5103,1991,17.0
5103,1992,0.0
5103,1993,203.0
5103,1994,159.0
5103,1995,84.0
5103,1996,42.0
5103,1997,542.0
5103,1998,636.0
5103,1999,251.0
5103,2000,147.0
5103,2001,169.0
5103,2002,920.0
5103,2003,4043.0
5103,2004,1230.0
5103,2005,357.0
5103,2006,286.0
5103,2007,396.0
5103,2008,1518.0
5103,2009,1016.0
5103,2010,615.0
5103,2011,788.0
5103,2012,4974.0
5103,2013,3785.0
5104,1961,0.0
5104,1962,0.0
5104,1963,0.0
5104,1964,0.0
5104,1965,0.0
5104,1966,0.0
5104,1967,0.0
5104,1968,0.0
5104,1969,0.0
5104,1970,0.0
5104,1971,0.0
5104,1972,0.0
5104,1973,0.0
5104,1974,0.0
5104,1975,0.0
5104,1976,0.0
5104,1977,0.0
5104,1978,0.0
5104,1979,0.0
5104,1980,0.0
5104,1981,0.0
5104,1982,0.0
5104,1983,2653.0
5104,1984,2858.0
5104,1985,1993.0
5104,1986,2241.0
5104,1987,2618.0
5104,1988,11680.0
5104,1989,7412.0
5104,1990,10990.0
5104,1991,5175.0
5104,1992,1537.0
5104,1993,4258.0
5104,1994,4615.0
5104,1995,2745.0
5104,1996,2503.0
5104,1997,2922.0
5104,1998,7707.0
5104,1999,10012.0
5104,2000,10213.0
5104,2001,9853.0
5104,2002,15712.0
5104,2003,9971.0
5104,2004,6145.0
5104,2005,0.0
5104,2006,0.0
5104,2007,0.0
5104,2008,0.0
5104,2009,0.0
5104,2010,0.0
5104,2011,0.0
5104,2012,19910.0
5104,2013,34432.0
5105,1961,
5105,1962,
5105,1963,
5105,1964,
5105,1965,
5105,1966,
5105,1967,
5105,1968,
5105,1969,
5105,1970,
5105,1971,
5105,1972,
5105,1973,
5105,1974,
5105,1975,
5105,1976,
5105,1977,
5105,1978,
5105,1979,
5105,1980,
5105,1981,
5105,1982,
5105,1983,
5105,1984,
5105,1985,
5105,1986,
5105,1987,
5105,1988,
5105,1989,
5105,1990,
5105,1991,
5105,1992,
5105,1993,
5105,1994,
5105,1995,
5105,1996,
5105,1997,
5105,1998,4.0
5105,1999,5.0
5105,2000,4.0
5105,2001,0.0
5105,2002,0.0
5105,2003,0.0
5105,2004,1.0
5105,2005,51.0
5105,2006,8.0
5105,2007,3.0
5105,2008,487.0
5105,2009,0.0
5105,2010,11.0
5105,2011,870.0
5105,2012,4202.0
5105,2013,2904.0
5200,1961,21669.0
5200,1962,18330.0
5200,1963,21748.0
5200,1964,19156.0
5200,1965,18097.0
5200,1966,20828.0
5200,1967,24228.0
5200,1968,29228.0
5200,1969,30129.0
5200,1970,39459.0
5200,1971,66926.0
5200,1972,76075.0
5200,1973,105984.0
5200,1974,106762.0
5200,1975,140332.0
5200,1976,168349.0
5200,1977,261210.0
5200,1978,418500.0
5200,1979,383018.0
5200,1980,457640.0
5200,1981,790932.0
5200,1982,692280.0
5200,1983,729420.0
5200,1984,1546833.0
5200,1985,848715.0
5200,1986,757147.0
5200,1987,934423.0
5200,1988,265286.0
5200,1989,1185696.0
5200,1990,1744918.0
5200,1991,1140560.0
5200,1992,1321760.0
5200,1993,1037923.0
5200,1994,1201031.0
5200,1995,1359606.0
5200,1996,1658845.0
5200,1997,1269253.0
5200,1998,1496836.0
5200,1999,1505711.0
5200,2000,1327437.0
5200,2001,1061780.0
5200,2002,1258033.0
5200,2003,1141623.0
5200,2004,1023450.0
5200,2005,1117210.0
5200,2006,1326926.0
5200,2007,2079348.0
5200,2008,1465339.0
5200,2009,959026.0
5200,2010,1154949.0
5200,2011,1592317.0
5200,2012,2262252.0
5200,2013,2233082.0
5203,1961,19640.0
5203,1962,17315.0
5203,1963,16684.0
5203,1964,14279.0
5203,1965,13184.0
5203,1966,12979.0
5203,1967,15274.0
5203,1968,15723.0
5203,1969,16974.0
5203,1970,23397.0
5203,1971,29865.0
5203,1972,33158.0
5203,1973,40729.0
5203,1974,45814.0
5203,1975,55958.0
5203,1976,63846.0
5203,1977,80012.0
5203,1978,82338.0
5203,1979,94921.0
5203,1980,112466.0
5203,1981,122212.0
5203,1982,111715.0
5203,1983,114788.0
5203,1984,118526.0
5203,1985,87243.0
5203,1986,64364.0
5203,1987,85366.0
5203,1988,125473.0
5203,1989,140008.0
5203,1990,232983.0
5203,1991,210272.0
5203,1992,227834.0
5203,1993,185635.0
5203,1994,193574.0
5203,1995,206275.0
5203,1996,219199.0
5203,1997,223707.0
5203,1998,174721.0
5203,1999,176984.0
5203,2000,163783.0
5203,2001,146356.0
5203,2002,314441.0
5203,2003,153033.0
5203,2004,138249.0
5203,2005,140163.0
5203,2006,104298.0
5203,2007,220240.0
5203,2008,211156.0
5203,2009,169918.0
5203,2010,244084.0
5203,2011,336184.0
5203,2012,265354.0
5203,2013,255519.0
5204,1961,1071.0
5204,1962,32.0
5204,1963,1323.0
5204,1964,1833.0
5204,1965,1164.0
5204,1966,1172.0
5204,1967,858.0
5204,1968,914.0
5204,1969,1143.0
5204,1970,927.0
5204,1971,830.0
5204,1972,1320.0
5204,1973,1388.0
5204,1974,1746.0
5204,1975,1413.0
5204,1976,1286.0
5204,1977,721.0
5204,1978,1280.0
5204,1979,4030.0
5204,1980,3961.0
5204,1981,5100.0
5204,1982,4899.0
5204,1983,4898.0
5204,1984,8373.0
5204,1985,8542.0
5204,1986,6934.0
5204,1987,12819.0
5204,1988,12320.0
5204,1989,16370.0
5204,1990,23974.0
5204,1991,18292.0
5204,1992,29207.0
5204,1993,19200.0
5204,1994,19927.0
5204,1995,37738.0
5204,1996,43457.0
5204,1997,39453.0
5204,1998,48007.0
5204,1999,39815.0
5204,2000,102473.0
5204,2001,72290.0
5204,2002,58128.0
5204,2003,54543.0
5204,2004,59458.0
5204,2005,147017.0
5204,2006,165127.0
5204,2007,285411.0
5204,2008,96482.0
5204,2009,70208.0
5204,2010,210837.0
5204,2011,353513.0
5204,2012,93680.0
5204,2013,103697.0
5206,1961,958.0
5206,1962,899.0
5206,1963,1574.0
5206,1964,1607.0
5206,1965,1865.0
5206,1966,1940.0
5206,1967,1403.0
5206,1968,960.0
5206,1969,1102.0
5206,1970,399.0
5206,1971,372.0
5206,1972,98.0
5206,1973,245.0
5206,1974,32.0
5206,1975,45.0
5206,1976,788.0
5206,1977,379.0
5206,1978,321.0
5206,1979,1038.0
5206,1980,1023.0
5206,1981,1372.0
5206,1982,699.0
5206,1983,315.0
5206,1984,2785.0
5206,1985,2049.0
5206,1986,1277.0
5206,1987,520.0
5206,1988,1055.0
5206,1989,348.0
5206,1990,2312.0
5206,1991,683.0
5206,1992,2855.0
5206,1993,1728.0
5206,1994,666.0
5206,1995,2053.0
5206,1996,529.0
5206,1997,890.0
5206,1998,1744.0
5206,1999,43403.0
5206,2000,39346.0
5206,2001,26256.0
5206,2002,11352.0
5206,2003,20749.0
5206,2004,32365.0
5206,2005,26099.0
5206,2006,3232.0
5206,2007,20548.0
5206,2008,1058.0
5206,2009,3302.0
5206,2010,3706.0
5206,2011,1735.0
5206,2012,12643.0
5206,2013,7409.0
5207,1961,0.0
5207,1962,84.0
5207,1963,2167.0
5207,1964,1437.0
5207,1965,1884.0
5207,1966,4737.0
5207,1967,6693.0
5207,1968,11631.0
5207,1969,10910.0
5207,1970,14736.0
5207,1971,35859.0
5207,1972,41499.0
5207,1973,63622.0
5207,1974,59170.0
5207,1975,82916.0
5207,1976,102429.0
5207,1977,180098.0
5207,1978,334561.0
5207,1979,283029.0
5207,1980,340190.0
5207,1981,662248.0
5207,1982,574967.0
5207,1983,609419.0
5207,1984,1417149.0
5207,1985,750881.0
5207,1986,684572.0
5207,1987,835718.0
5207,1988,126438.0
5207,1989,1028970.0
5207,1990,1485649.0
5207,1991,911313.0
5207,1992,1061864.0
5207,1993,831360.0
5207,1994,986864.0
5207,1995,1113540.0
5207,1996,1395660.0
5207,1997,1005203.0
5207,1998,1272364.0
5207,1999,1245509.0
5207,2000,1021836.0
5207,2001,816878.0
5207,2002,874112.0
5207,2003,913298.0
5207,2004,793378.0
5207,2005,803931.0
5207,2006,1054269.0
5207,2007,1553149.0
5207,2008,1156643.0
5207,2009,715598.0
5207,2010,696322.0
5207,2011,900885.0
5207,2012,1890575.0
5207,2013,1866457.0
5300,1961,0.0
5300,1962,0.0
5300,1963,0.0
5300,1964,0.0
5300,1965,0.0
5300,1966,0.0
5300,1967,0.0
5300,1968,0.0
5300,1969,0.0
5300,1970,0.0
5300,1971,0.0
5300,1972,0.0
5300,1973,0.0
5300,1974,0.0
5300,1975,0.0
5300,1976,0.0
5300,1977,0.0
5300,1978,34376.0
5300,1979,39651.0
5300,1980,38542.0
5300,1981,43892.0
5300,1982,66425.0
5300,1983,75208.0
5300,1984,118809.0
5300,1985,138153.0
5300,1986,77608.0
5300,1987,127914.0
5300,1988,131455.0
5300,1989,113643.0
5300,1990,145502.0
5300,1991,77561.0
5300,1992,61430.0
5300,1993,43151.0
5300,1994,40602.0
5300,1995,58811.0
5300,1996,38642.0
5300,1997,30876.0
5300,1998,22814.0
5300,1999,14989.0
5300,2000,12030.0
5300,2001,11917.0
5300,2002,19615.0
5300,2003,25319.0
5300,2004,25115.0
5300,2005,28429.0
5300,2006,59652.0
5300,2007,98018.0
5300,2008,82461.0
5300,2009,76901.0
5300,2010,96959.0
5300,2011,121495.0
5300,2012,127964.0
5300,2013,132982.0
5301,1992,
5301,1993,
5301,1994,
5301,1995,
5301,1996,
5301,1997,
5301,1998,
5301,1999,
5301,2000,
5301,2001,
5301,2002,
5301,2003,
5301,2004,47.0
5301,2005,95.0
5301,2006,0.0
5301,2007,42.0
5301,2008,227.0
5301,2009,50.0
5301,2010,69.0
5301,2011,0.0
5301,2012,0.0
5301,2013,2.0
5302,1961,0.0
5302,1962,0.0
5302,1963,0.0
5302,1964,0.0
5302,1965,0.0
5302,1966,0.0
5302,1967,0.0
5302,1968,0.0
5302,1969,0.0
5302,1970,0.0
5302,1971,0.0
5302,1972,0.0
5302,1973,0.0
5302,1974,0.0
5302,1975,0.0
5302,1976,0.0
5302,1977,0.0
5302,1978,0.0
5302,1979,0.0
5302,1980,0.0
5302,1981,0.0
5302,1982,0.0
5302,1983,0.0
5302,1984,0.0
5302,1985,0.0
5302,1986,0.0
5302,1987,0.0
5302,1988,123.0
5302,1989,73.0
5302,1990,21.0
5302,1991,146.0
5302,1992,1449.0
5302,1993,1426.0
5302,1994,4613.0
5302,1995,2916.0
5302,1996,4128.0
5302,1997,6309.0
5302,1998,1097.0
5302,1999,459.0
5302,2000,868.0
5302,2001,1063.0
5302,2002,875.0
5302,2003,1848.0
5302,2004,4527.0
5302,2005,4768.0
5302,2006,4895.0
5302,2007,3559.0
5302,2008,8697.0
5302,2009,9299.0
5302,2010,3516.0
5302,2011,4572.0
5302,2012,7581.0
5302,2013,5303.0
5303,1961,
5303,1962,
5303,1963,
5303,1964,
5303,1965,
5303,1966,
5303,1967,
5303,1968,
5303,1969,
5303,1970,
5303,1971,
5303,1972,
5303,1973,
5303,1974,
5303,1975,
5303,1976,
5303,1977,
5303,1978,
5303,1979,
5303,1980,
5303,1981,
5303,1982,
5303,1983,
5303,1984,
5303,1985,
5303,1986,
5303,1987,
5303,1988,
5303,1989,
5303,1990,
5303,1991,
5303,1992,
5303,1993,
5303,1994,
5303,1995,
5303,1996,
5303,1997,
5303,1998,
5303,1999,2373.0
5303,2000,
5303,2001,
5303,2002,
5303,2003,3824.0
5303,2004,2357.0
5303,2005,6185.0
5303,2006,3352.0
5303,2007,8844.0
5303,2008,6363.0
5303,2009,6301.0
5303,2010,7530.0
5303,2011,10380.0
5303,2012,13441.0
5303,2013,15263.0
5304,1961,0.0
5304,1962,0.0
5304,1963,0.0
5304,1964,0.0
5304,1965,0.0
5304,1966,0.0
5304,1967,0.0
5304,1968,0.0
5304,1969,0.0
5304,1970,0.0
5304,1971,0.0
5304,1972,0.0
5304,1973,0.0
5304,1974,0.0
5304,1975,0.0
5304,1976,0.0
5304,1977,0.0
5304,1978,0.0
5304,1979,1019.0
5304,1980,1630.0
5304,1981,1544.0
5304,1982,1187.0
5304,1983,1759.0
5304,1984,1472.0
5304,1985,1527.0
5304,1986,1779.0
5304,1987,1873.0
5304,1988,2785.0
5304,1989,3148.0
5304,1990,3501.0
5304,1991,3818.0
5304,1992,4440.0
5304,1993,4695.0
5304,1994,4926.0
5304,1995,4102.0
5304,1996,4484.0
5304,1997,3302.0
5304,1998,3032.0
5304,1999,3200.0
5304,2000,3730.0
5304,2001,3296.0
5304,2002,3319.0
5304,2003,4769.0
5304,2004,3533.0
5304,2005,6464.0
5304,2006,5256.0
5304,2007,10245.0
5304,2008,14732.0
5304,2009,14274.0
5304,2010,19090.0
5304,2011,19685.0
5304,2012,23778.0
5304,2013,25712.0
5305,1961,0.0
5305,1962,0.0
5305,1963,0.0
5305,1964,0.0
5305,1965,0.0
5305,1966,0.0
5305,1967,0.0
5305,1968,0.0
5305,1969,0.0
5305,1970,0.0
5305,1971,0.0
5305,1972,0.0
5305,1973,0.0
5305,1974,0.0
5305,1975,0.0
5305,1976,0.0
5305,1977,0.0
5305,1978,34376.0
5305,1979,38632.0
5305,1980,36912.0
5305,1981,42348.0
5305,1982,65238.0
5305,1983,73449.0
5305,1984,117337.0
5305,1985,136626.0
5305,1986,75829.0
5305,1987,126041.0
5305,1988,128547.0
5305,1989,110422.0
5305,1990,141980.0
5305,1991,73597.0
5305,1992,55541.0
5305,1993,37030.0
5305,1994,31063.0
5305,1995,51793.0
5305,1996,30030.0
5305,1997,21265.0
5305,1998,18685.0
5305,1999,8957.0
5305,2000,7433.0
5305,2001,7558.0
5305,2002,15421.0
5305,2003,14878.0
5305,2004,14651.0
5305,2005,10917.0
5305,2006,46149.0
5305,2007,75328.0
5305,2008,52442.0
5305,2009,46977.0
5305,2010,66754.0
5305,2011,86858.0
5305,2012,83164.0
5305,2013,86702.0
5400,1961,4496.0
5400,1962,5155.0
5400,1963,5664.0
5400,1964,7013.0
5400,1965,6046.0
5400,1966,5672.0
5400,1967,5499.0
5400,1968,5026.0
5400,1969,4157.0
5400,1970,4757.0
5400,1971,5448.0
5400,1972,7111.0
5400,1973,5068.0
5400,1974,4674.0
5400,1975,6178.0
5400,1976,6589.0
5400,1977,8457.0
5400,1978,12704.0
5400,1979,17249.0
5400,1980,19030.0
5400,1981,10623.0
5400,1982,6173.0
5400,1983,6548.0
5400,1984,10164.0
5400,1985,11582.0
5400,1986,10717.0
5400,1987,14025.0
5400,1988,14822.0
5400,1989,14299.0
5400,1990,27231.0
5400,1991,21511.0
5400,1992,24568.0
5400,1993,58016.0
5400,1994,89350.0
5400,1995,80523.0
5400,1996,61457.0
5400,1997,39924.0
5400,1998,45172.0
5400,1999,34266.0
5400,2000,58641.0
5400,2001,51624.0
5400,2002,101769.0
5400,2003,131174.0
5400,2004,106293.0
5400,2005,120250.0
5400,2006,109387.0
5400,2007,151032.0
5400,2008,144587.0
5400,2009,127522.0
5400,2010,95143.0
5400,2011,1310374.0
5400,2012,1235220.0
5400,2013,1086999.0
5401,1961,0.0
5401,1962,0.0
5401,1963,0.0
5401,1964,0.0
5401,1965,0.0
5401,1966,0.0
5401,1967,0.0
5401,1968,0.0
5401,1969,0.0
5401,1970,0.0
5401,1971,0.0
5401,1972,0.0
5401,1973,0.0
5401,1974,0.0
5401,1975,0.0
5401,1976,0.0
5401,1977,0.0
5401,1978,0.0
5401,1979,0.0
5401,1980,0.0
5401,1981,0.0
5401,1982,0.0
5401,1983,0.0
5401,1984,0.0
5401,1985,0.0
5401,1986,0.0
5401,1987,0.0
5401,1988,0.0
5401,1989,0.0
5401,1990,0.0
5401,1991,0.0
5401,1992,0.0
5401,1993,0.0
5401,1994,93.0
5401,1995,41.0
5401,1996,333.0
5401,1997,360.0
5401,1998,107.0
5401,1999,44.0
5401,2000,70.0
5401,2001,98.0
5401,2002,9418.0
5401,2003,13923.0
5401,2004,436.0
5401,2005,3568.0
5401,2006,4000.0
5401,2007,13497.0
5401,2008,9482.0
5401,2009,6929.0
5401,2010,8250.0
5401,2011,12035.0
5401,2012,13977.0
5401,2013,10893.0
5402,1961,67.0
5402,1962,112.0
5402,1963,90.0
5402,1964,20.0
5402,1965,25.0
5402,1966,50.0
5402,1967,36.0
5402,1968,24.0
5402,1969,5.0
5402,1970,0.0
5402,1971,0.0
5402,1972,0.0
5402,1973,0.0
5402,1974,0.0
5402,1975,0.0
5402,1976,493.0
5402,1977,1107.0
5402,1978,1087.0
5402,1979,1091.0
5402,1980,1462.0
5402,1981,1457.0
5402,1982,1166.0
5402,1983,1445.0
5402,1984,1196.0
5402,1985,1679.0
5402,1986,2044.0
5402,1987,2084.0
5402,1988,2077.0
5402,1989,2358.0
5402,1990,4325.0
5402,1991,5298.0
5402,1992,4341.0
5402,1993,2291.0
5402,1994,4581.0
5402,1995,4981.0
5402,1996,3616.0
5402,1997,3399.0
5402,1998,2440.0
5402,1999,2214.0
5402,2000,1636.0
5402,2001,2139.0
5402,2002,13216.0
5402,2003,4960.0
5402,2004,10502.0
5402,2005,16132.0
5402,2006,18843.0
5402,2007,23583.0
5402,2008,24473.0
5402,2009,15032.0
5402,2010,12119.0
5402,2011,6453.0
5402,2012,19336.0
5402,2013,30468.0
5403,1961,4429.0
5403,1962,5043.0
5403,1963,5574.0
5403,1964,6993.0
5403,1965,6021.0
5403,1966,5503.0
5403,1967,5459.0
5403,1968,4991.0
5403,1969,4134.0
5403,1970,4712.0
5403,1971,5373.0
5403,1972,7027.0
5403,1973,4996.0
5403,1974,4556.0
5403,1975,5753.0
5403,1976,5505.0
5403,1977,5805.0
5403,1978,8608.0
5403,1979,9343.0
5403,1980,8953.0
5403,1981,4250.0
5403,1982,3597.0
5403,1983,3876.0
5403,1984,7624.0
5403,1985,8779.0
5403,1986,7357.0
5403,1987,8666.0
5403,1988,8960.0
5403,1989,9595.0
5403,1990,14320.0
5403,1991,7938.0
5403,1992,12115.0
5403,1993,11680.0
5403,1994,10904.0
5403,1995,20532.0
5403,1996,24901.0
5403,1997,25069.0
5403,1998,34902.0
5403,1999,21351.0
5403,2000,36325.0
5403,2001,29213.0
5403,2002,46600.0
5403,2003,77155.0
5403,2004,73095.0
5403,2005,61997.0
5403,2006,59011.0
5403,2007,76443.0
5403,2008,81366.0
5403,2009,82359.0
5403,2010,67301.0
5403,2011,76671.0
5403,2012,94272.0
5403,2013,112797.0
5404,1961,0.0
5404,1962,0.0
5404,1963,0.0
5404,1964,0.0
5404,1965,0.0
5404,1966,119.0
5404,1967,4.0
5404,1968,11.0
5404,1969,18.0
5404,1970,45.0
5404,1971,75.0
5404,1972,84.0
5404,1973,72.0
5404,1974,118.0
5404,1975,425.0
5404,1976,591.0
5404,1977,1545.0
5404,1978,3009.0
5404,1979,6815.0
5404,1980,8615.0
5404,1981,4916.0
5404,1982,1410.0
5404,1983,1227.0
5404,1984,1344.0
5404,1985,1124.0
5404,1986,1316.0
5404,1987,3275.0
5404,1988,3785.0
5404,1989,2346.0
5404,1990,8586.0
5404,1991,8275.0
5404,1992,8112.0
5404,1993,44045.0
5404,1994,73772.0
5404,1995,54969.0
5404,1996,32607.0
5404,1997,11096.0
5404,1998,7723.0
5404,1999,10657.0
5404,2000,20611.0
5404,2001,20174.0
5404,2002,32535.0
5404,2003,35136.0
5404,2004,22260.0
5404,2005,38553.0
5404,2006,27533.0
5404,2007,37509.0
5404,2008,29266.0
5404,2009,23202.0
5404,2010,7473.0
5404,2011,1215215.0
5404,2012,1107635.0
5404,2013,932841.0
5500,1961,0.0
5500,1962,0.0
5500,1963,0.0
5500,1964,0.0
5500,1965,0.0
5500,1966,0.0
5500,1967,0.0
5500,1968,0.0
5500,1969,0.0
5500,1970,0.0
5500,1971,0.0
5500,1972,0.0
5500,1973,0.0
5500,1974,0.0
5500,1975,0.0
5500,1976,0.0
5500,1977,0.0
5500,1978,0.0
5500,1979,0.0
5500,1980,0.0
5500,1981,0.0
5500,1982,0.0
5500,1983,0.0
5500,1984,0.0
5500,1985,0.0
5500,1986,0.0
5500,1987,0.0
5500,1988,1245.0
5500,1989,310.0
5500,1990,506.0
5500,1991,746.0
5500,1992,542.0
5500,1993,681.0
5500,1994,1310.0
5500,1995,0.0
5500,1996,874.0
5500,1997,0.0
5500,1998,0.0
5500,1999,0.0
5500,2000,0.0
5500,2001,0.0
5500,2002,149.0
5500,2003,92.0
5500,2004,159.0
5500,2005,295.0
5500,2006,337.0
5500,2007,449.0
5500,2008,347.0
5500,2009,285.0
5500,2010,643.0
5500,2011,371.0
5500,2012,2770.0
5500,2013,4881.0
5501,1961,0.0
5501,1962,0.0
5501,1963,0.0
5501,1964,0.0
5501,1965,0.0
5501,1966,0.0
5501,1967,0.0
5501,1968,0.0
5501,1969,0.0
5501,1970,0.0
5501,1971,0.0
5501,1972,0.0
5501,1973,0.0
5501,1974,0.0
5501,1975,0.0
5501,1976,0.0
5501,1977,0.0
5501,1978,0.0
5501,1979,0.0
5501,1980,0.0
5501,1981,0.0
5501,1982,0.0
5501,1983,0.0
5501,1984,0.0
5501,1985,0.0
5501,1986,0.0
5501,1987,0.0
5501,1988,1245.0
5501,1989,310.0
5501,1990,506.0
5501,1991,746.0
5501,1992,542.0
5501,1993,681.0
5501,1994,1310.0
5501,1995,0.0
5501,1996,874.0
5501,1997,0.0
5501,1998,0.0
5501,1999,0.0
5501,2000,0.0
5501,2001,0.0
5501,2002,149.0
5501,2003,57.0
5501,2004,80.0
5501,2005,115.0
5501,2006,255.0
5501,2007,361.0
5501,2008,298.0
5501,2009,277.0
5501,2010,585.0
5501,2011,318.0
5501,2012,2685.0
5501,2013,4794.0
5502,1961,
5502,1962,
5502,1963,
5502,1964,
5502,1965,
5502,1966,
5502,1967,
5502,1968,
5502,1969,
5502,1970,
5502,1971,
5502,1972,
5502,1973,
5502,1974,
5502,1975,
5502,1976,
5502,1977,
5502,1978,
5502,1979,
5502,1980,
5502,1981,
5502,1982,
5502,1983,
5502,1984,
5502,1985,
5502,1986,
5502,1987,
5502,1988,
5502,1989,
5502,1990,
5502,1991,
5502,1992,
5502,1993,
5502,1994,
5502,1995,
5502,1996,
5502,1997,
5502,1998,
5502,1999,
5502,2000,
5502,2001,
5502,2002,
5502,2003,35.0
5502,2004,79.0
5502,2005,180.0
5502,2006,82.0
5502,2007,88.0
5502,2008,49.0
5502,2009,8.0
5502,2010,58.0
5502,2011,53.0
5502,2012,71.0
5502,2013,53.0
5504,1961,
5504,1962,
5504,1963,
5504,1964,
5504,1965,
5504,1966,
5504,1967,
5504,1968,
5504,1969,
5504,1970,
5504,1971,
5504,1972,
5504,1973,
5504,1974,
5504,1975,
5504,1976,
5504,1977,
5504,1978,
5504,1979,
5504,1980,
5504,1981,
5504,1982,
5504,1983,
5504,1984,
5504,1985,
5504,1986,
5504,1987,
5504,1988,
5504,1989,
5504,1990,
5504,1991,
5504,1992,
5504,1993,
5504,1994,
5504,1995,
5504,1996,
5504,1997,
5504,1998,
5504,1999,
5504,2000,
5504,2001,
5504,2002,
5504,2003,
5504,2004,
5504,2005,
5504,2006,
5504,2007,
5504,2008,
5504,2009,
5504,2010,
5504,2011,
5504,2012,14.0
5504,2013,34.0
261,1986,2537.0
261,1987,2363.0
261,1988,1865.0
261,1989,1446.0
261,1990,3699.0
261,1991,3286.0
261,1992,2726.0
261,1993,3901.0
261,1994,6027.0
261,1995,10295.0
261,1996,6190.0
261,1997,4979.0
261,1998,4895.0
261,1999,3945.0
261,2000,4805.0
261,2001,5410.0
261,2002,15400.0
261,2003,10633.0
261,2004,9009.0
261,2005,12073.0
261,2006,9172.0
261,2007,16069.0
261,2008,10517.0
261,2009,8106.0
261,2010,9522.0
261,2011,235186.0
261,2012,230689.0
261,2013,227583.0
266,1986,2435.0
266,1987,2186.0
266,1988,2054.0
266,1989,1300.0
266,1990,3667.0
266,1991,3182.0
266,1992,2468.0
266,1993,3826.0
266,1994,6143.0
266,1995,9501.0
266,1996,4477.0
266,1997,4285.0
266,1998,4695.0
266,1999,3700.0
266,2000,4151.0
266,2001,4587.0
266,2002,10705.0
266,2003,8909.0
266,2004,7911.0
266,2005,8496.0
266,2006,6664.0
266,2007,11106.0
266,2008,8059.0
266,2009,7986.0
266,2010,9189.0
266,2011,149269.0
266,2012,140828.0
266,2013,146198.0
268,1986,2323.0
268,1987,2127.0
268,1988,1901.0
268,1989,1261.0
268,1990,3260.0
268,1991,2478.0
268,1992,2309.0
268,1993,3682.0
268,1994,6710.0
268,1995,10535.0
268,1996,6407.0
268,1997,4756.0
268,1998,5350.0
268,1999,3709.0
268,2000,4076.0
268,2001,4489.0
268,2002,11480.0
268,2003,9857.0
268,2004,8037.0
268,2005,8444.0
268,2006,9367.0
268,2007,17083.0
268,2008,13269.0
268,2009,11529.0
268,2010,16492.0
268,2011,66824.0
268,2012,71777.0
268,2013,68473.0
269,1986,2295.0
269,1987,2120.0
269,1988,1854.0
269,1989,1261.0
269,1990,2697.0
269,1991,2321.0
269,1992,2089.0
269,1993,3287.0
269,1994,6384.0
269,1995,10332.0
269,1996,6275.0
269,1997,4356.0
269,1998,5019.0
269,1999,3554.0
269,2000,3981.0
269,2001,4405.0
269,2002,11281.0
269,2003,9715.0
269,2004,7982.0
269,2005,8442.0
269,2006,9305.0
269,2007,15410.0
269,2008,11909.0
269,2009,10727.0
269,2010,15686.0
269,2011,59374.0
269,2012,65013.0
269,2013,62489.0
5706,1961,4496.0
5706,1962,5155.0
5706,1963,5664.0
5706,1964,7013.0
5706,1965,6046.0
5706,1966,5672.0
5706,1967,5499.0
5706,1968,5026.0
5706,1969,4157.0
5706,1970,4757.0
5706,1971,5448.0
5706,1972,7111.0
5706,1973,5068.0
5706,1974,4670.0
5706,1975,6178.0
5706,1976,6589.0
5706,1977,8455.0
5706,1978,12678.0
5706,1979,17245.0
5706,1980,19030.0
5706,1981,10613.0
5706,1982,6171.0
5706,1983,6523.0
5706,1984,10091.0
5706,1985,11575.0
5706,1986,10620.0
5706,1987,13992.0
5706,1988,14960.0
5706,1989,14563.0
5706,1990,27556.0
5706,1991,21988.0
5706,1992,24682.0
5706,1993,58910.0
5706,1994,91108.0
5706,1995,82602.0
5706,1996,63743.0
5706,1997,40761.0
5706,1998,45456.0
5706,1999,34611.0
5706,2000,59071.0
5706,2001,51876.0
5706,2002,102354.0
5706,2003,132025.0
5706,2004,106148.0
5706,2005,118001.0
5706,2006,108900.0
5706,2007,151257.0
5706,2008,146551.0
5706,2009,128566.0
5706,2010,100453.0
5706,2011,1318226.0
5706,2012,1234185.0
5706,2013,1088575.0
57060,1986,2295.0
57060,1987,2120.0
57060,1988,1854.0
57060,1989,1261.0
57060,1990,2697.0
57060,1991,2321.0
57060,1992,1949.0
57060,1993,3248.0
57060,1994,6390.0
57060,1995,10399.0
57060,1996,6328.0
57060,1997,4532.0
57060,1998,4981.0
57060,1999,3581.0
57060,2000,4096.0
57060,2001,4390.0
57060,2002,11139.0
57060,2003,9698.0
57060,2004,7971.0
57060,2005,8466.0
57060,2006,9213.0
57060,2007,14910.0
57060,2008,11429.0
57060,2009,10510.0
57060,2010,15469.0
57060,2011,57513.0
57060,2012,63900.0
57060,2013,60590.0
5801,1961,0.0
5801,1962,0.0
5801,1963,0.0
5801,1964,0.0
5801,1965,0.0
5801,1966,0.0
5801,1967,0.0
5801,1968,0.0
5801,1969,0.0
5801,1970,0.0
5801,1971,0.0
5801,1972,0.0
5801,1973,0.0
5801,1974,0.0
5801,1975,0.0
5801,1976,0.0
5801,1977,0.0
5801,1978,0.0
5801,1979,0.0
5801,1980,0.0
5801,1981,0.0
5801,1982,0.0
5801,1983,0.0
5801,1984,0.0
5801,1985,0.0
5801,1986,0.0
5801,1987,0.0
5801,1988,0.0
5801,1989,0.0
5801,1990,0.0
5801,1991,0.0
5801,1992,4.0
5801,1993,0.0
5801,1994,0.0
5801,1995,0.0
5801,1996,0.0
5801,1997,0.0
5801,1998,0.0
5801,1999,2430.0
5801,2000,1.0
5801,2001,0.0
5801,2002,0.0
5801,2003,2215.0
5801,2004,757.0
5801,2005,46.0
5801,2006,41.0
5801,2007,17.0
5801,2008,61.0
5801,2009,61.0
5801,2010,89.0
5801,2011,88.0
5801,2012,1004.0
5801,2013,1584.0
5802,1961,0.0
5802,1962,0.0
5802,1963,0.0
5802,1964,0.0
5802,1965,0.0
5802,1966,0.0
5802,1967,0.0
5802,1968,0.0
5802,1969,0.0
5802,1970,0.0
5802,1971,0.0
5802,1972,0.0
5802,1973,0.0
5802,1974,0.0
5802,1975,0.0
5802,1976,0.0
5802,1977,0.0
5802,1978,0.0
5802,1979,0.0
5802,1980,0.0
5802,1981,0.0
5802,1982,0.0
5802,1983,0.0
5802,1984,0.0
5802,1985,0.0
5802,1986,0.0
5802,1987,0.0
5802,1988,0.0
5802,1989,0.0
5802,1990,0.0
5802,1991,0.0
5802,1992,4.0
5802,1993,0.0
5802,1994,137.0
5802,1995,58.0
5802,1996,2444.0
5802,1997,2428.0
5802,1998,11.0
5802,1999,2430.0
5802,2000,1.0
5802,2001,14.0
5802,2002,103.0
5802,2003,2322.0
5802,2004,1080.0
5802,2005,305.0
5802,2006,330.0
5802,2007,61.0
5802,2008,756.0
5802,2009,388.0
5802,2010,194.0
5802,2011,186.0
5802,2012,926.0
5802,2013,3124.0
5803,1961,2029.0
5803,1962,931.0
5803,1963,2897.0
5803,1964,3440.0
5803,1965,3029.0
5803,1966,3112.0
5803,1967,2261.0
5803,1968,1874.0
5803,1969,2245.0
5803,1970,1326.0
5803,1971,1202.0
5803,1972,1418.0
5803,1973,1633.0
5803,1974,1778.0
5803,1975,1458.0
5803,1976,2074.0
5803,1977,1100.0
5803,1978,1601.0
5803,1979,6087.0
5803,1980,6573.0
5803,1981,7925.0
5803,1982,6785.0
5803,1983,6933.0
5803,1984,12519.0
5803,1985,12085.0
5803,1986,9825.0
5803,1987,14937.0
5803,1988,15445.0
5803,1989,17009.0
5803,1990,21535.0
5803,1991,11366.0
5803,1992,26711.0
5803,1993,14281.0
5803,1994,15930.0
5803,1995,27508.0
5803,1996,27665.0
5803,1997,24210.0
5803,1998,21309.0
5803,1999,67840.0
5803,2000,99467.0
5803,2001,63515.0
5803,2002,38884.0
5803,2003,36339.0
5803,2004,45364.0
5803,2005,72754.0
5803,2006,50063.0
5803,2007,76796.0
5803,2008,52204.0
5803,2009,28113.0
5803,2010,39874.0
5803,2011,52011.0
5803,2012,79728.0
5803,2013,57917.0
5815,1961,0.0
5815,1962,0.0
5815,1963,0.0
5815,1964,0.0
5815,1965,0.0
5815,1966,0.0
5815,1967,0.0
5815,1968,0.0
5815,1969,0.0
5815,1970,0.0
5815,1971,0.0
5815,1972,0.0
5815,1973,0.0
5815,1974,0.0
5815,1975,0.0
5815,1976,0.0
5815,1977,0.0
5815,1978,0.0
5815,1979,0.0
5815,1980,0.0
5815,1981,0.0
5815,1982,0.0
5815,1983,0.0
5815,1984,0.0
5815,1985,0.0
5815,1986,0.0
5815,1987,0.0
5815,1988,0.0
5815,1989,0.0
5815,1990,0.0
5815,1991,0.0
5815,1992,4.0
5815,1993,0.0
5815,1994,0.0
5815,1995,0.0
5815,1996,0.0
5815,1997,0.0
5815,1998,0.0
5815,1999,2373.0
5815,2000,2.0
5815,2001,0.0
5815,2002,0.0
5815,2003,3824.0
5815,2004,2402.0
5815,2005,6129.0
5815,2006,3020.0
5815,2007,8472.0
5815,2008,4515.0
5815,2009,6743.0
5815,2010,7283.0
5815,2011,10847.0
5815,2012,17632.0
5815,2013,20367.0
5817,1961,1004.0
5817,1962,1002.0
5817,1963,1886.0
5817,1964,1757.0
5817,1965,1935.0
5817,1966,2760.0
5817,1967,2157.0
5817,1968,2317.0
5817,1969,2556.0
5817,1970,2858.0
5817,1971,1402.0
5817,1972,350.0
5817,1973,995.0
5817,1974,933.0
5817,1975,645.0
5817,1976,1396.0
5817,1977,560.0
5817,1978,1436.0
5817,1979,2498.0
5817,1980,2363.0
5817,1981,2736.0
5817,1982,4876.0
5817,1983,1293.0
5817,1984,5411.0
5817,1985,2049.0
5817,1986,1277.0
5817,1987,520.0
5817,1988,1105.0
5817,1989,358.0
5817,1990,2315.0
5817,1991,700.0
5817,1992,2859.0
5817,1993,3482.0
5817,1994,2162.0
5817,1995,4064.0
5817,1996,6701.0
5817,1997,2308.0
5817,1998,4952.0
5817,1999,47351.0
5817,2000,43573.0
5817,2001,30156.0
5817,2002,16613.0
5817,2003,31400.0
5817,2004,39926.0
5817,2005,38044.0
5817,2006,11036.0
5817,2007,34469.0
5817,2008,8580.0
5817,2009,12744.0
5817,2010,15699.0
5817,2011,16364.0
5817,2012,34381.0
5817,2013,29966.0
