geo,year,forest_emissions_co2eq_from_n2o_eeb
2,1990,0.0
2,1991,0.0
2,1992,0.0
2,1993,0.0
2,1994,0.0
2,1995,0.0
2,1996,0.0
2,1997,0.0
2,1998,0.0
2,1999,0.0
2,2000,0.0
2,2001,0.0
2,2002,0.0
2,2003,0.0
2,2004,0.0
2,2005,0.0
2,2006,0.0
2,2007,0.0
2,2008,0.0
2,2009,0.0
2,2010,0.0
3,1990,0.0
3,1991,0.0
3,1992,0.0
3,1993,0.0
3,1994,0.0
3,1995,0.0
3,1996,0.0
3,1997,0.0
3,1998,0.0
3,1999,0.0
3,2000,0.0
3,2001,0.0
3,2002,0.0
3,2003,0.0
3,2004,0.0
3,2005,0.0
3,2006,0.0
3,2007,0.0
3,2008,0.0
3,2009,0.0
3,2010,0.0
4,1990,0.0
4,1991,0.0
4,1992,0.0
4,1993,0.0
4,1994,0.0
4,1995,0.0
4,1996,0.0
4,1997,0.0
4,1998,0.0
4,1999,0.0
4,2000,0.0
4,2001,0.0
4,2002,0.0
4,2003,0.0
4,2004,0.0
4,2005,0.0
4,2006,0.0
4,2007,0.0
4,2008,0.0
4,2009,0.0
4,2010,0.0
5,1990,0.0
5,1991,0.0
5,1992,0.0
5,1993,0.0
5,1994,0.0
5,1995,0.0
5,1996,0.0
5,1997,0.0
5,1998,0.0
5,1999,0.0
5,2000,0.0
5,2001,0.0
5,2002,0.0
5,2003,0.0
5,2004,0.0
5,2005,0.0
5,2006,0.0
5,2007,0.0
5,2008,0.0
5,2009,0.0
5,2010,0.0
7,1990,0.0
7,1991,0.0
7,1992,0.0
7,1993,0.0
7,1994,0.0
7,1995,0.0
7,1996,0.0
7,1997,0.0
7,1998,0.0
7,1999,0.0
7,2000,0.0
7,2001,0.0
7,2002,0.0
7,2003,0.0
7,2004,0.0
7,2005,0.0
7,2006,0.0
7,2007,0.0
7,2008,0.0
7,2009,0.0
7,2010,0.0
258,1990,0.0
258,1991,0.0
258,1992,0.0
258,1993,0.0
258,1994,0.0
258,1995,0.0
258,1996,0.0
258,1997,0.0
258,1998,0.0
258,1999,0.0
258,2000,0.0
258,2001,0.0
258,2002,0.0
258,2003,0.0
258,2004,0.0
258,2005,0.0
258,2006,0.0
258,2007,0.0
258,2008,0.0
258,2009,0.0
258,2010,0.0
8,1990,0.0
8,1991,0.0
8,1992,0.0
8,1993,0.0
8,1994,0.0
8,1995,0.0
8,1996,0.0
8,1997,0.0
8,1998,0.0
8,1999,0.0
8,2000,0.0
8,2001,0.0
8,2002,0.0
8,2003,0.0
8,2004,0.0
8,2005,0.0
8,2006,0.0
8,2007,0.0
8,2008,0.0
8,2009,0.0
8,2010,0.0
9,1990,0.0
9,1991,0.0
9,1992,0.0
9,1993,0.0
9,1994,0.0
9,1995,0.0
9,1996,0.0
9,1997,0.0
9,1998,0.0
9,1999,0.0
9,2000,0.0
9,2001,0.0
9,2002,0.0
9,2003,0.0
9,2004,0.0
9,2005,0.0
9,2006,0.0
9,2007,0.0
9,2008,0.0
9,2009,0.0
9,2010,0.0
1,1992,0.0
1,1993,0.0
1,1994,0.0
1,1995,0.0
1,1996,0.0
1,1997,0.0
1,1998,0.0
1,1999,0.0
1,2000,0.0
1,2001,0.0
1,2002,0.0
1,2003,0.0
1,2004,0.0
1,2005,0.0
1,2006,0.0
1,2007,0.0
1,2008,0.0
1,2009,0.0
1,2010,0.0
22,1990,0.0
22,1991,0.0
22,1992,0.0
22,1993,0.0
22,1994,0.0
22,1995,0.0
22,1996,0.0
22,1997,0.0
22,1998,0.0
22,1999,0.0
22,2000,0.0
22,2001,0.0
22,2002,0.0
22,2003,0.0
22,2004,0.0
22,2005,0.0
22,2006,0.0
22,2007,0.0
22,2008,0.0
22,2009,0.0
22,2010,0.0
10,1990,0.0
10,1991,0.0
10,1992,0.0
10,1993,0.0
10,1994,0.0
10,1995,0.0
10,1996,0.0
10,1997,0.0
10,1998,0.0
10,1999,0.0
10,2000,0.0
10,2001,0.0
10,2002,0.0
10,2003,0.0
10,2004,0.0
10,2005,0.0
10,2006,0.0
10,2007,0.0
10,2008,0.0
10,2009,0.0
10,2010,0.0
11,1990,0.0
11,1991,0.0
11,1992,0.0
11,1993,0.0
11,1994,0.0
11,1995,0.0
11,1996,0.0
11,1997,0.0
11,1998,0.0
11,1999,0.0
11,2000,0.0
11,2001,0.0
11,2002,0.0
11,2003,0.0
11,2004,0.0
11,2005,0.0
11,2006,0.0
11,2007,0.0
11,2008,0.0
11,2009,0.0
11,2010,0.0
52,1992,0.0
52,1993,0.0
52,1994,0.0
52,1995,0.0
52,1996,0.0
52,1997,0.0
52,1998,0.0
52,1999,0.0
52,2000,0.0
52,2001,0.0
52,2002,0.0
52,2003,0.0
52,2004,0.0
52,2005,0.0
52,2006,0.0
52,2007,0.0
52,2008,0.0
52,2009,0.0
52,2010,0.0
12,1990,0.0
12,1991,0.0
12,1992,0.0
12,1993,0.0
12,1994,0.0
12,1995,0.0
12,1996,0.0
12,1997,0.0
12,1998,0.0
12,1999,0.0
12,2000,0.0
12,2001,0.0
12,2002,0.0
12,2003,0.0
12,2004,0.0
12,2005,0.0
12,2006,0.0
12,2007,0.0
12,2008,0.0
12,2009,0.0
12,2010,0.0
13,1990,0.0
13,1991,0.0
13,1992,0.0
13,1993,0.0
13,1994,0.0
13,1995,0.0
13,1996,0.0
13,1997,0.0
13,1998,0.0
13,1999,0.0
13,2000,0.0
13,2001,0.0
13,2002,0.0
13,2003,0.0
13,2004,0.0
13,2005,0.0
13,2006,0.0
13,2007,0.0
13,2008,0.0
13,2009,0.0
13,2010,0.0
16,1990,0.0
16,1991,0.0
16,1992,0.0
16,1993,0.0
16,1994,0.0
16,1995,0.0
16,1996,0.0
16,1997,0.0
16,1998,0.0
16,1999,0.0
16,2000,0.0
16,2001,0.0
16,2002,0.0
16,2003,0.0
16,2004,0.0
16,2005,0.0
16,2006,0.0
16,2007,0.0
16,2008,0.0
16,2009,0.0
16,2010,0.0
14,1990,0.0
14,1991,0.0
14,1992,0.0
14,1993,0.0
14,1994,0.0
14,1995,0.0
14,1996,0.0
14,1997,0.0
14,1998,0.0
14,1999,0.0
14,2000,0.0
14,2001,0.0
14,2002,0.0
14,2003,0.0
14,2004,0.0
14,2005,0.0
14,2006,0.0
14,2007,0.0
14,2008,0.0
14,2009,0.0
14,2010,0.0
57,1992,0.0
57,1993,0.0
57,1994,0.0
57,1995,0.0
57,1996,0.0
57,1997,0.0
57,1998,0.0
57,1999,0.0
57,2000,0.0
57,2001,0.0
57,2002,0.0
57,2003,0.0
57,2004,0.0
57,2005,0.0
57,2006,0.0
57,2007,0.0
57,2008,0.0
57,2009,0.0
57,2010,0.0
255,2000,0.0
255,2001,0.0
255,2002,0.0
255,2003,0.0
255,2004,0.0
255,2005,0.0
255,2006,0.0
255,2007,0.0
255,2008,0.0
255,2009,0.0
255,2010,0.0
15,1990,0.0
15,1991,0.0
15,1992,0.0
15,1993,0.0
15,1994,0.0
15,1995,0.0
15,1996,0.0
15,1997,0.0
15,1998,0.0
15,1999,0.0
23,1990,0.0
23,1991,0.0
23,1992,0.0
23,1993,0.0
23,1994,0.0
23,1995,0.0
23,1996,0.0
23,1997,0.0
23,1998,0.0
23,1999,0.0
23,2000,0.0
23,2001,0.0
23,2002,0.0
23,2003,0.0
23,2004,0.0
23,2005,0.0
23,2006,0.0
23,2007,0.0
23,2008,0.0
23,2009,0.0
23,2010,0.0
53,1990,0.0
53,1991,0.0
53,1992,0.0
53,1993,0.0
53,1994,0.0
53,1995,0.0
53,1996,0.0
53,1997,0.0
53,1998,0.0
53,1999,0.0
53,2000,0.0
53,2001,0.0
53,2002,0.0
53,2003,0.0
53,2004,0.0
53,2005,0.0
53,2006,0.0
53,2007,0.0
53,2008,0.0
53,2009,0.0
53,2010,0.0
17,1990,0.0
17,1991,0.0
17,1992,0.0
17,1993,0.0
17,1994,0.0
17,1995,0.0
17,1996,0.0
17,1997,0.0
17,1998,0.0
17,1999,0.0
17,2000,0.0
17,2001,0.0
17,2002,0.0
17,2003,0.0
17,2004,0.0
17,2005,0.0
17,2006,0.0
17,2007,0.0
17,2008,0.0
17,2009,0.0
17,2010,0.0
18,1990,0.0
18,1991,0.0
18,1992,0.0
18,1993,0.0
18,1994,0.0
18,1995,0.0
18,1996,0.0
18,1997,0.0
18,1998,0.0
18,1999,0.0
18,2000,0.0
18,2001,0.0
18,2002,0.0
18,2003,0.0
18,2004,0.0
18,2005,0.0
18,2006,0.0
18,2007,0.0
18,2008,0.0
18,2009,0.0
18,2010,0.0
19,1990,0.0
19,1991,0.0
19,1992,0.0
19,1993,0.0
19,1994,0.0
19,1995,0.0
19,1996,0.0
19,1997,0.0
19,1998,0.0
19,1999,0.0
19,2000,0.0
19,2001,0.0
19,2002,0.0
19,2003,0.0
19,2004,0.0
19,2005,0.0
19,2006,0.0
19,2007,0.0
19,2008,0.0
19,2009,0.0
19,2010,0.0
80,1992,0.0
80,1993,0.0
80,1994,0.0
80,1995,0.0
80,1996,0.0
80,1997,0.0
80,1998,0.0
80,1999,0.0
80,2000,0.0
80,2001,0.0
80,2002,0.0
80,2003,0.0
80,2004,0.0
80,2005,0.0
80,2006,0.0
80,2007,0.0
80,2008,0.0
80,2009,0.0
80,2010,0.0
20,1990,0.0
20,1991,0.0
20,1992,0.0
20,1993,0.0
20,1994,0.0
20,1995,0.0
20,1996,0.0
20,1997,0.0
20,1998,0.0
20,1999,0.0
20,2000,0.0
20,2001,0.0
20,2002,0.0
20,2003,0.0
20,2004,0.0
20,2005,0.0
20,2006,0.0
20,2007,0.0
20,2008,0.0
20,2009,0.0
20,2010,0.0
21,1990,0.0
21,1991,0.0
21,1992,0.0
21,1993,0.0
21,1994,0.0
21,1995,0.0
21,1996,0.0
21,1997,0.0
21,1998,0.0
21,1999,0.0
21,2000,0.0
21,2001,0.0
21,2002,0.0
21,2003,0.0
21,2004,0.0
21,2005,0.0
21,2006,0.0
21,2007,0.0
21,2008,0.0
21,2009,0.0
21,2010,0.0
239,1990,0.0
239,1991,0.0
239,1992,0.0
239,1993,0.0
239,1994,0.0
239,1995,0.0
239,1996,0.0
239,1997,0.0
239,1998,0.0
239,1999,0.0
239,2000,0.0
239,2001,0.0
239,2002,0.0
239,2003,0.0
239,2004,0.0
239,2005,0.0
239,2006,0.0
239,2007,0.0
239,2008,0.0
239,2009,0.0
239,2010,0.0
26,1990,0.0
26,1991,0.0
26,1992,0.0
26,1993,0.0
26,1994,0.0
26,1995,0.0
26,1996,0.0
26,1997,0.0
26,1998,0.0
26,1999,0.0
26,2000,0.0
26,2001,0.0
26,2002,0.0
26,2003,0.0
26,2004,0.0
26,2005,0.0
26,2006,0.0
26,2007,0.0
26,2008,0.0
26,2009,0.0
26,2010,0.0
27,1990,0.0
27,1991,0.0
27,1992,0.0
27,1993,0.0
27,1994,0.0
27,1995,0.0
27,1996,0.0
27,1997,0.0
27,1998,0.0
27,1999,0.0
27,2000,0.0
27,2001,0.0
27,2002,0.0
27,2003,0.0
27,2004,0.0
27,2005,0.0
27,2006,0.0
27,2007,0.0
27,2008,0.0
27,2009,0.0
27,2010,0.0
233,1990,0.0
233,1991,0.0
233,1992,0.0
233,1993,0.0
233,1994,0.0
233,1995,0.0
233,1996,0.0
233,1997,0.0
233,1998,0.0
233,1999,0.0
233,2000,0.0
233,2001,0.0
233,2002,0.0
233,2003,0.0
233,2004,0.0
233,2005,0.0
233,2006,0.0
233,2007,0.0
233,2008,0.0
233,2009,0.0
233,2010,0.0
29,1990,0.0
29,1991,0.0
29,1992,0.0
29,1993,0.0
29,1994,0.0
29,1995,0.0
29,1996,0.0
29,1997,0.0
29,1998,0.0
29,1999,0.0
29,2000,0.0
29,2001,0.0
29,2002,0.0
29,2003,0.0
29,2004,0.0
29,2005,0.0
29,2006,0.0
29,2007,0.0
29,2008,0.0
29,2009,0.0
29,2010,0.0
35,1990,0.0
35,1991,0.0
35,1992,0.0
35,1993,0.0
35,1994,0.0
35,1995,0.0
35,1996,0.0
35,1997,0.0
35,1998,0.0
35,1999,0.0
35,2000,0.0
35,2001,0.0
35,2002,0.0
35,2003,0.0
35,2004,0.0
35,2005,0.0
35,2006,0.0
35,2007,0.0
35,2008,0.0
35,2009,0.0
35,2010,0.0
115,1990,0.0
115,1991,0.0
115,1992,0.0
115,1993,0.0
115,1994,0.0
115,1995,0.0
115,1996,0.0
115,1997,0.0
115,1998,0.0
115,1999,0.0
115,2000,0.0
115,2001,0.0
115,2002,0.0
115,2003,0.0
115,2004,0.0
115,2005,0.0
115,2006,0.0
115,2007,0.0
115,2008,0.0
115,2009,0.0
115,2010,0.0
32,1990,0.0
32,1991,0.0
32,1992,0.0
32,1993,0.0
32,1994,0.0
32,1995,0.0
32,1996,0.0
32,1997,0.0
32,1998,0.0
32,1999,0.0
32,2000,0.0
32,2001,0.0
32,2002,0.0
32,2003,0.0
32,2004,0.0
32,2005,0.0
32,2006,0.0
32,2007,0.0
32,2008,0.0
32,2009,0.0
32,2010,0.0
33,1990,0.0
33,1991,0.0
33,1992,0.0
33,1993,0.0
33,1994,0.0
33,1995,0.0
33,1996,0.0
33,1997,0.0
33,1998,0.0
33,1999,0.0
33,2000,0.0
33,2001,0.0
33,2002,0.0
33,2003,0.0
33,2004,0.0
33,2005,0.0
33,2006,0.0
33,2007,0.0
33,2008,0.0
33,2009,0.0
33,2010,0.0
36,1990,0.0
36,1991,0.0
36,1992,0.0
36,1993,0.0
36,1994,0.0
36,1995,0.0
36,1996,0.0
36,1997,0.0
36,1998,0.0
36,1999,0.0
36,2000,0.0
36,2001,0.0
36,2002,0.0
36,2003,0.0
36,2004,0.0
36,2005,0.0
36,2006,0.0
36,2007,0.0
36,2008,0.0
36,2009,0.0
36,2010,0.0
37,1990,0.0
37,1991,0.0
37,1992,0.0
37,1993,0.0
37,1994,0.0
37,1995,0.0
37,1996,0.0
37,1997,0.0
37,1998,0.0
37,1999,0.0
37,2000,0.0
37,2001,0.0
37,2002,0.0
37,2003,0.0
37,2004,0.0
37,2005,0.0
37,2006,0.0
37,2007,0.0
37,2008,0.0
37,2009,0.0
37,2010,0.0
39,1990,0.0
39,1991,0.0
39,1992,0.0
39,1993,0.0
39,1994,0.0
39,1995,0.0
39,1996,0.0
39,1997,0.0
39,1998,0.0
39,1999,0.0
39,2000,0.0
39,2001,0.0
39,2002,0.0
39,2003,0.0
39,2004,0.0
39,2005,0.0
39,2006,0.0
39,2007,0.0
39,2008,0.0
39,2009,0.0
39,2010,0.0
40,1990,0.0
40,1991,0.0
40,1992,0.0
40,1993,0.0
40,1994,0.0
40,1995,0.0
40,1996,0.0
40,1997,0.0
40,1998,0.0
40,1999,0.0
40,2000,0.0
40,2001,0.0
40,2002,0.0
40,2003,0.0
40,2004,0.0
40,2005,0.0
40,2006,0.0
40,2007,0.0
40,2008,0.0
40,2009,0.0
40,2010,0.0
351,1990,0.0
351,1991,0.0
351,1992,0.0
351,1993,0.0
351,1994,0.0
351,1995,0.0
351,1996,0.0
351,1997,0.0
351,1998,0.0
351,1999,0.0
351,2000,0.0
351,2001,0.0
351,2002,0.0
351,2003,0.0
351,2004,0.0
351,2005,0.0
351,2006,0.0
351,2007,0.0
351,2008,0.0
351,2009,0.0
351,2010,0.0
41,1990,0.0
41,1991,0.0
41,1992,0.0
41,1993,0.0
41,1994,0.0
41,1995,0.0
41,1996,0.0
41,1997,0.0
41,1998,0.0
41,1999,0.0
41,2000,0.0
41,2001,0.0
41,2002,0.0
41,2003,0.0
41,2004,0.0
41,2005,0.0
41,2006,0.0
41,2007,0.0
41,2008,0.0
41,2009,0.0
41,2010,0.0
44,1990,0.0
44,1991,0.0
44,1992,0.0
44,1993,0.0
44,1994,0.0
44,1995,0.0
44,1996,0.0
44,1997,0.0
44,1998,0.0
44,1999,0.0
44,2000,0.0
44,2001,0.0
44,2002,0.0
44,2003,0.0
44,2004,0.0
44,2005,0.0
44,2006,0.0
44,2007,0.0
44,2008,0.0
44,2009,0.0
44,2010,0.0
45,1990,0.0
45,1991,0.0
45,1992,0.0
45,1993,0.0
45,1994,0.0
45,1995,0.0
45,1996,0.0
45,1997,0.0
45,1998,0.0
45,1999,0.0
45,2000,0.0
45,2001,0.0
45,2002,0.0
45,2003,0.0
45,2004,0.0
45,2005,0.0
45,2006,0.0
45,2007,0.0
45,2008,0.0
45,2009,0.0
45,2010,0.0
46,1990,0.0
46,1991,0.0
46,1992,0.0
46,1993,0.0
46,1994,0.0
46,1995,0.0
46,1996,0.0
46,1997,0.0
46,1998,0.0
46,1999,0.0
46,2000,0.0
46,2001,0.0
46,2002,0.0
46,2003,0.0
46,2004,0.0
46,2005,0.0
46,2006,0.0
46,2007,0.0
46,2008,0.0
46,2009,0.0
46,2010,0.0
47,1990,0.0
47,1991,0.0
47,1992,0.0
47,1993,0.0
47,1994,0.0
47,1995,0.0
47,1996,0.0
47,1997,0.0
47,1998,0.0
47,1999,0.0
47,2000,0.0
47,2001,0.0
47,2002,0.0
47,2003,0.0
47,2004,0.0
47,2005,0.0
47,2006,0.0
47,2007,0.0
47,2008,0.0
47,2009,0.0
47,2010,0.0
48,1990,0.0
48,1991,0.0
48,1992,0.0
48,1993,0.0
48,1994,0.0
48,1995,0.0
48,1996,0.0
48,1997,0.0
48,1998,0.0
48,1999,0.0
48,2000,0.0
48,2001,0.0
48,2002,0.0
48,2003,0.0
48,2004,0.0
48,2005,0.0
48,2006,0.0
48,2007,0.0
48,2008,0.0
48,2009,0.0
48,2010,0.0
107,1990,0.0
107,1991,0.0
107,1992,0.0
107,1993,0.0
107,1994,0.0
107,1995,0.0
107,1996,0.0
107,1997,0.0
107,1998,0.0
107,1999,0.0
107,2000,0.0
107,2001,0.0
107,2002,0.0
107,2003,0.0
107,2004,0.0
107,2005,0.0
107,2006,0.0
107,2007,0.0
107,2008,0.0
107,2009,0.0
107,2010,0.0
98,1992,0.0
98,1993,0.0
98,1994,0.0
98,1995,0.0
98,1996,0.0
98,1997,0.0
98,1998,0.0
98,1999,0.0
98,2000,0.0
98,2001,0.0
98,2002,0.0
98,2003,0.0
98,2004,0.0
98,2005,0.0
98,2006,0.0
98,2007,0.0
98,2008,0.0
98,2009,0.0
98,2010,0.0
49,1990,0.0
49,1991,0.0
49,1992,0.0
49,1993,0.0
49,1994,0.0
49,1995,0.0
49,1996,0.0
49,1997,0.0
49,1998,0.0
49,1999,0.0
49,2000,0.0
49,2001,0.0
49,2002,0.0
49,2003,0.0
49,2004,0.0
49,2005,0.0
49,2006,0.0
49,2007,0.0
49,2008,0.0
49,2009,0.0
49,2010,0.0
50,1990,0.0
50,1991,0.0
50,1992,0.0
50,1993,0.0
50,1994,0.0
50,1995,0.0
50,1996,0.0
50,1997,0.0
50,1998,0.0
50,1999,0.0
50,2000,0.0
50,2001,0.0
50,2002,0.0
50,2003,0.0
50,2004,0.0
50,2005,0.0
50,2006,0.0
50,2007,0.0
50,2008,0.0
50,2009,0.0
50,2010,0.0
167,1993,0.0
167,1994,0.0
167,1995,0.0
167,1996,0.0
167,1997,0.0
167,1998,0.0
167,1999,0.0
167,2000,0.0
167,2001,0.0
167,2002,0.0
167,2003,0.0
167,2004,0.0
167,2005,0.0
167,2006,0.0
167,2007,0.0
167,2008,0.0
167,2009,0.0
167,2010,0.0
51,1990,0.0
51,1991,0.0
51,1992,0.0
116,1990,0.0
116,1991,0.0
116,1992,0.0
116,1993,0.0
116,1994,0.0
116,1995,0.0
116,1996,0.0
116,1997,0.0
116,1998,0.0
116,1999,0.0
116,2000,0.0
116,2001,0.0
116,2002,0.0
116,2003,0.0
116,2004,0.0
116,2005,0.0
116,2006,0.0
116,2007,0.0
116,2008,0.0
116,2009,0.0
116,2010,0.0
250,1990,0.0
250,1991,0.0
250,1992,0.0
250,1993,0.0
250,1994,0.0
250,1995,0.0
250,1996,0.0
250,1997,0.0
250,1998,0.0
250,1999,0.0
250,2000,0.0
250,2001,0.0
250,2002,0.0
250,2003,0.0
250,2004,0.0
250,2005,0.0
250,2006,0.0
250,2007,0.0
250,2008,0.0
250,2009,0.0
250,2010,0.0
54,1990,0.0
54,1991,0.0
54,1992,0.0
54,1993,0.0
54,1994,0.0
54,1995,0.0
54,1996,0.0
54,1997,0.0
54,1998,0.0
54,1999,0.0
54,2000,0.0
54,2001,0.0
54,2002,0.0
54,2003,0.0
54,2004,0.0
54,2005,0.0
54,2006,0.0
54,2007,0.0
54,2008,0.0
54,2009,0.0
54,2010,0.0
72,1990,0.0
72,1991,0.0
72,1992,0.0
72,1993,0.0
72,1994,0.0
72,1995,0.0
72,1996,0.0
72,1997,0.0
72,1998,0.0
72,1999,0.0
72,2000,0.0
72,2001,0.0
72,2002,0.0
72,2003,0.0
72,2004,0.0
72,2005,0.0
72,2006,0.0
72,2007,0.0
72,2008,0.0
72,2009,0.0
72,2010,0.0
55,1990,0.0
55,1991,0.0
55,1992,0.0
55,1993,0.0
55,1994,0.0
55,1995,0.0
55,1996,0.0
55,1997,0.0
55,1998,0.0
55,1999,0.0
55,2000,0.0
55,2001,0.0
55,2002,0.0
55,2003,0.0
55,2004,0.0
55,2005,0.0
55,2006,0.0
55,2007,0.0
55,2008,0.0
55,2009,0.0
55,2010,0.0
56,1990,0.0
56,1991,0.0
56,1992,0.0
56,1993,0.0
56,1994,0.0
56,1995,0.0
56,1996,0.0
56,1997,0.0
56,1998,0.0
56,1999,0.0
56,2000,0.0
56,2001,0.0
56,2002,0.0
56,2003,0.0
56,2004,0.0
56,2005,0.0
56,2006,0.0
56,2007,0.0
56,2008,0.0
56,2009,0.0
56,2010,0.0
58,1990,0.0
58,1991,0.0
58,1992,0.0
58,1993,0.0
58,1994,0.0
58,1995,0.0
58,1996,0.0
58,1997,0.0
58,1998,0.0
58,1999,0.0
58,2000,0.0
58,2001,0.0
58,2002,0.0
58,2003,0.0
58,2004,0.0
58,2005,0.0
58,2006,0.0
58,2007,0.0
58,2008,0.0
58,2009,0.0
58,2010,0.0
59,1990,0.0
59,1991,0.0
59,1992,0.0
59,1993,0.0
59,1994,0.0
59,1995,0.0
59,1996,0.0
59,1997,0.0
59,1998,0.0
59,1999,0.0
59,2000,0.0
59,2001,0.0
59,2002,0.0
59,2003,0.0
59,2004,0.0
59,2005,0.0
59,2006,0.0
59,2007,0.0
59,2008,0.0
59,2009,0.0
59,2010,0.0
60,1990,0.0
60,1991,0.0
60,1992,0.0
60,1993,0.0
60,1994,0.0
60,1995,0.0
60,1996,0.0
60,1997,0.0
60,1998,0.0
60,1999,0.0
60,2000,0.0
60,2001,0.0
60,2002,0.0
60,2003,0.0
60,2004,0.0
60,2005,0.0
60,2006,0.0
60,2007,0.0
60,2008,0.0
60,2009,0.0
60,2010,0.0
61,1990,0.0
61,1991,0.0
61,1992,0.0
61,1993,0.0
61,1994,0.0
61,1995,0.0
61,1996,0.0
61,1997,0.0
61,1998,0.0
61,1999,0.0
61,2000,0.0
61,2001,0.0
61,2002,0.0
61,2003,0.0
61,2004,0.0
61,2005,0.0
61,2006,0.0
61,2007,0.0
61,2008,0.0
61,2009,0.0
61,2010,0.0
178,1993,0.0
178,1994,0.0
178,1995,0.0
178,1996,0.0
178,1997,0.0
178,1998,0.0
178,1999,0.0
178,2000,0.0
178,2001,0.0
178,2002,0.0
178,2003,0.0
178,2004,0.0
178,2005,0.0
178,2006,0.0
178,2007,0.0
178,2008,0.0
178,2009,0.0
178,2010,0.0
63,1992,0.0
63,1993,0.0
63,1994,0.0
63,1995,0.0
63,1996,0.0
63,1997,0.0
63,1998,0.0
63,1999,0.0
63,2000,0.0
63,2001,0.0
63,2002,0.0
63,2003,0.0
63,2004,0.0
63,2005,0.0
63,2006,0.0
63,2007,0.0
63,2008,0.0
63,2009,0.0
63,2010,0.0
238,1993,0.0
238,1994,0.0
238,1995,0.0
238,1996,0.0
238,1997,0.0
238,1998,0.0
238,1999,0.0
238,2000,0.0
238,2001,0.0
238,2002,0.0
238,2003,0.0
238,2004,0.0
238,2005,0.0
238,2006,0.0
238,2007,0.0
238,2008,0.0
238,2009,0.0
238,2010,0.0
62,1990,0.0
62,1991,0.0
62,1992,0.0
65,1990,0.0
65,1991,0.0
65,1992,0.0
65,1993,0.0
65,1994,0.0
65,1995,0.0
65,1996,0.0
65,1997,0.0
65,1998,0.0
65,1999,0.0
65,2000,0.0
65,2001,0.0
65,2002,0.0
65,2003,0.0
65,2004,0.0
65,2005,0.0
65,2006,0.0
65,2007,0.0
65,2008,0.0
65,2009,0.0
65,2010,0.0
64,1990,0.0
64,1991,0.0
64,1992,0.0
64,1993,0.0
64,1994,0.0
64,1995,0.0
64,1996,0.0
64,1997,0.0
64,1998,0.0
64,1999,0.0
64,2000,0.0
64,2001,0.0
64,2002,0.0
64,2003,0.0
64,2004,0.0
64,2005,0.0
64,2006,0.0
64,2007,0.0
64,2008,0.0
64,2009,0.0
64,2010,0.0
66,1990,0.0
66,1991,0.0
66,1992,0.0
66,1993,0.0
66,1994,0.0
66,1995,0.0
66,1996,0.0
66,1997,0.0
66,1998,0.0
66,1999,0.0
66,2000,0.0
66,2001,0.0
66,2002,0.0
66,2003,0.0
66,2004,0.0
66,2005,0.0
66,2006,0.0
66,2007,0.0
66,2008,0.0
66,2009,0.0
66,2010,0.0
67,1990,0.0
67,1991,0.0
67,1992,0.0
67,1993,0.0
67,1994,0.0
67,1995,0.0
67,1996,0.0
67,1997,0.0
67,1998,0.0
67,1999,0.0
67,2000,0.0
67,2001,0.0
67,2002,0.0
67,2003,0.0
67,2004,0.0
67,2005,0.0
67,2006,0.0
67,2007,0.0
67,2008,0.0
67,2009,0.0
67,2010,0.0
68,1990,0.0
68,1991,0.0
68,1992,0.0
68,1993,0.0
68,1994,0.0
68,1995,0.0
68,1996,0.0
68,1997,0.0
68,1998,0.0
68,1999,0.0
68,2000,0.0
68,2001,0.0
68,2002,0.0
68,2003,0.0
68,2004,0.0
68,2005,0.0
68,2006,0.0
68,2007,0.0
68,2008,0.0
68,2009,0.0
68,2010,0.0
69,1990,0.0
69,1991,0.0
69,1992,0.0
69,1993,0.0
69,1994,0.0
69,1995,0.0
69,1996,0.0
69,1997,0.0
69,1998,0.0
69,1999,0.0
69,2000,0.0
69,2001,0.0
69,2002,0.0
69,2003,0.0
69,2004,0.0
69,2005,0.0
69,2006,0.0
69,2007,0.0
69,2008,0.0
69,2009,0.0
69,2010,0.0
70,1990,0.0
70,1991,0.0
70,1992,0.0
70,1993,0.0
70,1994,0.0
70,1995,0.0
70,1996,0.0
70,1997,0.0
70,1998,0.0
70,1999,0.0
70,2000,0.0
70,2001,0.0
70,2002,0.0
70,2003,0.0
70,2004,0.0
70,2005,0.0
70,2006,0.0
70,2007,0.0
70,2008,0.0
70,2009,0.0
70,2010,0.0
74,1990,0.0
74,1991,0.0
74,1992,0.0
74,1993,0.0
74,1994,0.0
74,1995,0.0
74,1996,0.0
74,1997,0.0
74,1998,0.0
74,1999,0.0
74,2000,0.0
74,2001,0.0
74,2002,0.0
74,2003,0.0
74,2004,0.0
74,2005,0.0
74,2006,0.0
74,2007,0.0
74,2008,0.0
74,2009,0.0
74,2010,0.0
75,1990,0.0
75,1991,0.0
75,1992,0.0
75,1993,0.0
75,1994,0.0
75,1995,0.0
75,1996,0.0
75,1997,0.0
75,1998,0.0
75,1999,0.0
75,2000,0.0
75,2001,0.0
75,2002,0.0
75,2003,0.0
75,2004,0.0
75,2005,0.0
75,2006,0.0
75,2007,0.0
75,2008,0.0
75,2009,0.0
75,2010,0.0
73,1992,0.0
73,1993,0.0
73,1994,0.0
73,1995,0.0
73,1996,0.0
73,1997,0.0
73,1998,0.0
73,1999,0.0
73,2000,0.0
73,2001,0.0
73,2002,0.0
73,2003,0.0
73,2004,0.0
73,2005,0.0
73,2006,0.0
73,2007,0.0
73,2008,0.0
73,2009,0.0
73,2010,0.0
79,1990,0.0
79,1991,0.0
79,1992,0.0
79,1993,0.0
79,1994,0.0
79,1995,0.0
79,1996,0.0
79,1997,0.0
79,1998,0.0
79,1999,0.0
79,2000,0.0
79,2001,0.0
79,2002,0.0
79,2003,0.0
79,2004,0.0
79,2005,0.0
79,2006,0.0
79,2007,0.0
79,2008,0.0
79,2009,0.0
79,2010,0.0
81,1990,0.0
81,1991,0.0
81,1992,0.0
81,1993,0.0
81,1994,0.0
81,1995,0.0
81,1996,0.0
81,1997,0.0
81,1998,0.0
81,1999,0.0
81,2000,0.0
81,2001,0.0
81,2002,0.0
81,2003,0.0
81,2004,0.0
81,2005,0.0
81,2006,0.0
81,2007,0.0
81,2008,0.0
81,2009,0.0
81,2010,0.0
82,1990,0.0
82,1991,0.0
82,1992,0.0
82,1993,0.0
82,1994,0.0
82,1995,0.0
82,1996,0.0
82,1997,0.0
82,1998,0.0
82,1999,0.0
82,2000,0.0
82,2001,0.0
82,2002,0.0
82,2003,0.0
82,2004,0.0
82,2005,0.0
82,2006,0.0
82,2007,0.0
82,2008,0.0
82,2009,0.0
82,2010,0.0
84,1990,0.0
84,1991,0.0
84,1992,0.0
84,1993,0.0
84,1994,0.0
84,1995,0.0
84,1996,0.0
84,1997,0.0
84,1998,0.0
84,1999,0.0
84,2000,0.0
84,2001,0.0
84,2002,0.0
84,2003,0.0
84,2004,0.0
84,2005,0.0
84,2006,0.0
84,2007,0.0
84,2008,0.0
84,2009,0.0
84,2010,0.0
85,1990,0.0
85,1991,0.0
85,1992,0.0
85,1993,0.0
85,1994,0.0
85,1995,0.0
85,1996,0.0
85,1997,0.0
85,1998,0.0
85,1999,0.0
85,2000,0.0
85,2001,0.0
85,2002,0.0
85,2003,0.0
85,2004,0.0
85,2005,0.0
85,2006,0.0
85,2007,0.0
85,2008,0.0
85,2009,0.0
85,2010,0.0
86,1990,0.0
86,1991,0.0
86,1992,0.0
86,1993,0.0
86,1994,0.0
86,1995,0.0
86,1996,0.0
86,1997,0.0
86,1998,0.0
86,1999,0.0
86,2000,0.0
86,2001,0.0
86,2002,0.0
86,2003,0.0
86,2004,0.0
86,2005,0.0
86,2006,0.0
86,2007,0.0
86,2008,0.0
86,2009,0.0
86,2010,0.0
87,1990,0.0
87,1991,0.0
87,1992,0.0
87,1993,0.0
87,1994,0.0
87,1995,0.0
87,1996,0.0
87,1997,0.0
87,1998,0.0
87,1999,0.0
87,2000,0.0
87,2001,0.0
87,2002,0.0
87,2003,0.0
87,2004,0.0
87,2005,0.0
87,2006,0.0
87,2007,0.0
87,2008,0.0
87,2009,0.0
87,2010,0.0
88,1990,0.0
88,1991,0.0
88,1992,0.0
88,1993,0.0
88,1994,0.0
88,1995,0.0
88,1996,0.0
88,1997,0.0
88,1998,0.0
88,1999,0.0
88,2000,0.0
88,2001,0.0
88,2002,0.0
88,2003,0.0
88,2004,0.0
88,2005,0.0
88,2006,0.0
88,2007,0.0
88,2008,0.0
88,2009,0.0
88,2010,0.0
89,1990,0.0
89,1991,0.0
89,1992,0.0
89,1993,0.0
89,1994,0.0
89,1995,0.0
89,1996,0.0
89,1997,0.0
89,1998,0.0
89,1999,0.0
89,2000,0.0
89,2001,0.0
89,2002,0.0
89,2003,0.0
89,2004,0.0
89,2005,0.0
89,2006,0.0
89,2007,0.0
89,2008,0.0
89,2009,0.0
89,2010,0.0
90,1990,0.0
90,1991,0.0
90,1992,0.0
90,1993,0.0
90,1994,0.0
90,1995,0.0
90,1996,0.0
90,1997,0.0
90,1998,0.0
90,1999,0.0
90,2000,0.0
90,2001,0.0
90,2002,0.0
90,2003,0.0
90,2004,0.0
90,2005,0.0
90,2006,0.0
90,2007,0.0
90,2008,0.0
90,2009,0.0
90,2010,0.0
175,1990,0.0
175,1991,0.0
175,1992,0.0
175,1993,0.0
175,1994,0.0
175,1995,0.0
175,1996,0.0
175,1997,0.0
175,1998,0.0
175,1999,0.0
175,2000,0.0
175,2001,0.0
175,2002,0.0
175,2003,0.0
175,2004,0.0
175,2005,0.0
175,2006,0.0
175,2007,0.0
175,2008,0.0
175,2009,0.0
175,2010,0.0
91,1990,0.0
91,1991,0.0
91,1992,0.0
91,1993,0.0
91,1994,0.0
91,1995,0.0
91,1996,0.0
91,1997,0.0
91,1998,0.0
91,1999,0.0
91,2000,0.0
91,2001,0.0
91,2002,0.0
91,2003,0.0
91,2004,0.0
91,2005,0.0
91,2006,0.0
91,2007,0.0
91,2008,0.0
91,2009,0.0
91,2010,0.0
93,1990,0.0
93,1991,0.0
93,1992,0.0
93,1993,0.0
93,1994,0.0
93,1995,0.0
93,1996,0.0
93,1997,0.0
93,1998,0.0
93,1999,0.0
93,2000,0.0
93,2001,0.0
93,2002,0.0
93,2003,0.0
93,2004,0.0
93,2005,0.0
93,2006,0.0
93,2007,0.0
93,2008,0.0
93,2009,0.0
93,2010,0.0
95,1990,0.0
95,1991,0.0
95,1992,0.0
95,1993,0.0
95,1994,0.0
95,1995,0.0
95,1996,0.0
95,1997,0.0
95,1998,0.0
95,1999,0.0
95,2000,0.0
95,2001,0.0
95,2002,0.0
95,2003,0.0
95,2004,0.0
95,2005,0.0
95,2006,0.0
95,2007,0.0
95,2008,0.0
95,2009,0.0
95,2010,0.0
97,1990,0.0
97,1991,0.0
97,1992,0.0
97,1993,0.0
97,1994,0.0
97,1995,0.0
97,1996,0.0
97,1997,0.0
97,1998,0.0
97,1999,0.0
97,2000,0.0
97,2001,0.0
97,2002,0.0
97,2003,0.0
97,2004,0.0
97,2005,0.0
97,2006,0.0
97,2007,0.0
97,2008,0.0
97,2009,0.0
97,2010,0.0
99,1990,0.0
99,1991,0.0
99,1992,0.0
99,1993,0.0
99,1994,0.0
99,1995,0.0
99,1996,0.0
99,1997,0.0
99,1998,0.0
99,1999,0.0
99,2000,0.0
99,2001,0.0
99,2002,0.0
99,2003,0.0
99,2004,0.0
99,2005,0.0
99,2006,0.0
99,2007,0.0
99,2008,0.0
99,2009,0.0
99,2010,0.0
100,1990,0.0
100,1991,0.0
100,1992,0.0
100,1993,0.0
100,1994,0.0
100,1995,0.0
100,1996,0.0
100,1997,0.0
100,1998,0.0
100,1999,0.0
100,2000,0.0
100,2001,0.0
100,2002,0.0
100,2003,0.0
100,2004,0.0
100,2005,0.0
100,2006,0.0
100,2007,0.0
100,2008,0.0
100,2009,0.0
100,2010,0.0
101,1990,0.0
101,1991,0.0
101,1992,0.0
101,1993,0.0
101,1994,0.0
101,1995,0.0
101,1996,0.0
101,1997,0.0
101,1998,0.0
101,1999,0.0
101,2000,0.0
101,2001,0.0
101,2002,0.0
101,2003,0.0
101,2004,0.0
101,2005,0.0
101,2006,0.0
101,2007,0.0
101,2008,0.0
101,2009,0.0
101,2010,0.0
102,1990,0.0
102,1991,0.0
102,1992,0.0
102,1993,0.0
102,1994,0.0
102,1995,0.0
102,1996,0.0
102,1997,0.0
102,1998,0.0
102,1999,0.0
102,2000,0.0
102,2001,0.0
102,2002,0.0
102,2003,0.0
102,2004,0.0
102,2005,0.0
102,2006,0.0
102,2007,0.0
102,2008,0.0
102,2009,0.0
102,2010,0.0
103,1990,0.0
103,1991,0.0
103,1992,0.0
103,1993,0.0
103,1994,0.0
103,1995,0.0
103,1996,0.0
103,1997,0.0
103,1998,0.0
103,1999,0.0
103,2000,0.0
103,2001,0.0
103,2002,0.0
103,2003,0.0
103,2004,0.0
103,2005,0.0
103,2006,0.0
103,2007,0.0
103,2008,0.0
103,2009,0.0
103,2010,0.0
104,1990,0.0
104,1991,0.0
104,1992,0.0
104,1993,0.0
104,1994,0.0
104,1995,0.0
104,1996,0.0
104,1997,0.0
104,1998,0.0
104,1999,0.0
104,2000,0.0
104,2001,0.0
104,2002,0.0
104,2003,0.0
104,2004,0.0
104,2005,0.0
104,2006,0.0
104,2007,0.0
104,2008,0.0
104,2009,0.0
104,2010,0.0
105,1990,0.0
105,1991,0.0
105,1992,0.0
105,1993,0.0
105,1994,0.0
105,1995,0.0
105,1996,0.0
105,1997,0.0
105,1998,0.0
105,1999,0.0
105,2000,0.0
105,2001,0.0
105,2002,0.0
105,2003,0.0
105,2004,0.0
105,2005,0.0
105,2006,0.0
105,2007,0.0
105,2008,0.0
105,2009,0.0
105,2010,0.0
106,1990,0.0
106,1991,0.0
106,1992,0.0
106,1993,0.0
106,1994,0.0
106,1995,0.0
106,1996,0.0
106,1997,0.0
106,1998,0.0
106,1999,0.0
106,2000,0.0
106,2001,0.0
106,2002,0.0
106,2003,0.0
106,2004,0.0
106,2005,0.0
106,2006,0.0
106,2007,0.0
106,2008,0.0
106,2009,0.0
106,2010,0.0
109,1990,0.0
109,1991,0.0
109,1992,0.0
109,1993,0.0
109,1994,0.0
109,1995,0.0
109,1996,0.0
109,1997,0.0
109,1998,0.0
109,1999,0.0
109,2000,0.0
109,2001,0.0
109,2002,0.0
109,2003,0.0
109,2004,0.0
109,2005,0.0
109,2006,0.0
109,2007,0.0
109,2008,0.0
109,2009,0.0
109,2010,0.0
110,1990,0.0
110,1991,0.0
110,1992,0.0
110,1993,0.0
110,1994,0.0
110,1995,0.0
110,1996,0.0
110,1997,0.0
110,1998,0.0
110,1999,0.0
110,2000,0.0
110,2001,0.0
110,2002,0.0
110,2003,0.0
110,2004,0.0
110,2005,0.0
110,2006,0.0
110,2007,0.0
110,2008,0.0
110,2009,0.0
110,2010,0.0
112,1990,0.0
112,1991,0.0
112,1992,0.0
112,1993,0.0
112,1994,0.0
112,1995,0.0
112,1996,0.0
112,1997,0.0
112,1998,0.0
112,1999,0.0
112,2000,0.0
112,2001,0.0
112,2002,0.0
112,2003,0.0
112,2004,0.0
112,2005,0.0
112,2006,0.0
112,2007,0.0
112,2008,0.0
112,2009,0.0
112,2010,0.0
108,1992,0.0
108,1993,0.0
108,1994,0.0
108,1995,0.0
108,1996,0.0
108,1997,0.0
108,1998,0.0
108,1999,0.0
108,2000,0.0
108,2001,0.0
108,2002,0.0
108,2003,0.0
108,2004,0.0
108,2005,0.0
108,2006,0.0
108,2007,0.0
108,2008,0.0
108,2009,0.0
108,2010,0.0
114,1990,0.0
114,1991,0.0
114,1992,0.0
114,1993,0.0
114,1994,0.0
114,1995,0.0
114,1996,0.0
114,1997,0.0
114,1998,0.0
114,1999,0.0
114,2000,0.0
114,2001,0.0
114,2002,0.0
114,2003,0.0
114,2004,0.0
114,2005,0.0
114,2006,0.0
114,2007,0.0
114,2008,0.0
114,2009,0.0
114,2010,0.0
83,1990,0.0
83,1991,0.0
83,1992,0.0
83,1993,0.0
83,1994,0.0
83,1995,0.0
83,1996,0.0
83,1997,0.0
83,1998,0.0
83,1999,0.0
83,2000,0.0
83,2001,0.0
83,2002,0.0
83,2003,0.0
83,2004,0.0
83,2005,0.0
83,2006,0.0
83,2007,0.0
83,2008,0.0
83,2009,0.0
83,2010,0.0
118,1990,0.0
118,1991,0.0
118,1992,0.0
118,1993,0.0
118,1994,0.0
118,1995,0.0
118,1996,0.0
118,1997,0.0
118,1998,0.0
118,1999,0.0
118,2000,0.0
118,2001,0.0
118,2002,0.0
118,2003,0.0
118,2004,0.0
118,2005,0.0
118,2006,0.0
118,2007,0.0
118,2008,0.0
118,2009,0.0
118,2010,0.0
113,1992,0.0
113,1993,0.0
113,1994,0.0
113,1995,0.0
113,1996,0.0
113,1997,0.0
113,1998,0.0
113,1999,0.0
113,2000,0.0
113,2001,0.0
113,2002,0.0
113,2003,0.0
113,2004,0.0
113,2005,0.0
113,2006,0.0
113,2007,0.0
113,2008,0.0
113,2009,0.0
113,2010,0.0
120,1990,0.0
120,1991,0.0
120,1992,0.0
120,1993,0.0
120,1994,0.0
120,1995,0.0
120,1996,0.0
120,1997,0.0
120,1998,0.0
120,1999,0.0
120,2000,0.0
120,2001,0.0
120,2002,0.0
120,2003,0.0
120,2004,0.0
120,2005,0.0
120,2006,0.0
120,2007,0.0
120,2008,0.0
120,2009,0.0
120,2010,0.0
119,1992,0.0
119,1993,0.0
119,1994,0.0
119,1995,0.0
119,1996,0.0
119,1997,0.0
119,1998,0.0
119,1999,0.0
119,2000,0.0
119,2001,0.0
119,2002,0.0
119,2003,0.0
119,2004,0.0
119,2005,0.0
119,2006,0.0
119,2007,0.0
119,2008,0.0
119,2009,0.0
119,2010,0.0
121,1990,0.0
121,1991,0.0
121,1992,0.0
121,1993,0.0
121,1994,0.0
121,1995,0.0
121,1996,0.0
121,1997,0.0
121,1998,0.0
121,1999,0.0
121,2000,0.0
121,2001,0.0
121,2002,0.0
121,2003,0.0
121,2004,0.0
121,2005,0.0
121,2006,0.0
121,2007,0.0
121,2008,0.0
121,2009,0.0
121,2010,0.0
122,1990,0.0
122,1991,0.0
122,1992,0.0
122,1993,0.0
122,1994,0.0
122,1995,0.0
122,1996,0.0
122,1997,0.0
122,1998,0.0
122,1999,0.0
122,2000,0.0
122,2001,0.0
122,2002,0.0
122,2003,0.0
122,2004,0.0
122,2005,0.0
122,2006,0.0
122,2007,0.0
122,2008,0.0
122,2009,0.0
122,2010,0.0
123,1990,0.0
123,1991,0.0
123,1992,0.0
123,1993,0.0
123,1994,0.0
123,1995,0.0
123,1996,0.0
123,1997,0.0
123,1998,0.0
123,1999,0.0
123,2000,0.0
123,2001,0.0
123,2002,0.0
123,2003,0.0
123,2004,0.0
123,2005,0.0
123,2006,0.0
123,2007,0.0
123,2008,0.0
123,2009,0.0
123,2010,0.0
124,1990,0.0
124,1991,0.0
124,1992,0.0
124,1993,0.0
124,1994,0.0
124,1995,0.0
124,1996,0.0
124,1997,0.0
124,1998,0.0
124,1999,0.0
124,2000,0.0
124,2001,0.0
124,2002,0.0
124,2003,0.0
124,2004,0.0
124,2005,0.0
124,2006,0.0
124,2007,0.0
124,2008,0.0
124,2009,0.0
124,2010,0.0
126,1992,0.0
126,1993,0.0
126,1994,0.0
126,1995,0.0
126,1996,0.0
126,1997,0.0
126,1998,0.0
126,1999,0.0
126,2000,0.0
126,2001,0.0
126,2002,0.0
126,2003,0.0
126,2004,0.0
126,2005,0.0
126,2006,0.0
126,2007,0.0
126,2008,0.0
126,2009,0.0
126,2010,0.0
256,2000,0.0
256,2001,0.0
256,2002,0.0
256,2003,0.0
256,2004,0.0
256,2005,0.0
256,2006,0.0
256,2007,0.0
256,2008,0.0
256,2009,0.0
256,2010,0.0
129,1990,0.0
129,1991,0.0
129,1992,0.0
129,1993,0.0
129,1994,0.0
129,1995,0.0
129,1996,0.0
129,1997,0.0
129,1998,0.0
129,1999,0.0
129,2000,0.0
129,2001,0.0
129,2002,0.0
129,2003,0.0
129,2004,0.0
129,2005,0.0
129,2006,0.0
129,2007,0.0
129,2008,0.0
129,2009,0.0
129,2010,0.0
130,1990,0.0
130,1991,0.0
130,1992,0.0
130,1993,0.0
130,1994,0.0
130,1995,0.0
130,1996,0.0
130,1997,0.0
130,1998,0.0
130,1999,0.0
130,2000,0.0
130,2001,0.0
130,2002,0.0
130,2003,0.0
130,2004,0.0
130,2005,0.0
130,2006,0.0
130,2007,0.0
130,2008,0.0
130,2009,0.0
130,2010,0.0
131,1990,0.0
131,1991,0.0
131,1992,0.0
131,1993,0.0
131,1994,0.0
131,1995,0.0
131,1996,0.0
131,1997,0.0
131,1998,0.0
131,1999,0.0
131,2000,0.0
131,2001,0.0
131,2002,0.0
131,2003,0.0
131,2004,0.0
131,2005,0.0
131,2006,0.0
131,2007,0.0
131,2008,0.0
131,2009,0.0
131,2010,0.0
132,1990,0.0
132,1991,0.0
132,1992,0.0
132,1993,0.0
132,1994,0.0
132,1995,0.0
132,1996,0.0
132,1997,0.0
132,1998,0.0
132,1999,0.0
132,2000,0.0
132,2001,0.0
132,2002,0.0
132,2003,0.0
132,2004,0.0
132,2005,0.0
132,2006,0.0
132,2007,0.0
132,2008,0.0
132,2009,0.0
132,2010,0.0
133,1990,0.0
133,1991,0.0
133,1992,0.0
133,1993,0.0
133,1994,0.0
133,1995,0.0
133,1996,0.0
133,1997,0.0
133,1998,0.0
133,1999,0.0
133,2000,0.0
133,2001,0.0
133,2002,0.0
133,2003,0.0
133,2004,0.0
133,2005,0.0
133,2006,0.0
133,2007,0.0
133,2008,0.0
133,2009,0.0
133,2010,0.0
134,1990,0.0
134,1991,0.0
134,1992,0.0
134,1993,0.0
134,1994,0.0
134,1995,0.0
134,1996,0.0
134,1997,0.0
134,1998,0.0
134,1999,0.0
134,2000,0.0
134,2001,0.0
134,2002,0.0
134,2003,0.0
134,2004,0.0
134,2005,0.0
134,2006,0.0
134,2007,0.0
134,2008,0.0
134,2009,0.0
134,2010,0.0
127,1991,0.0
127,1992,0.0
127,1993,0.0
127,1994,0.0
127,1995,0.0
127,1996,0.0
127,1997,0.0
127,1998,0.0
127,1999,0.0
127,2000,0.0
127,2001,0.0
127,2002,0.0
127,2003,0.0
127,2004,0.0
127,2005,0.0
127,2006,0.0
127,2007,0.0
127,2008,0.0
127,2009,0.0
127,2010,0.0
135,1990,0.0
135,1991,0.0
135,1992,0.0
135,1993,0.0
135,1994,0.0
135,1995,0.0
135,1996,0.0
135,1997,0.0
135,1998,0.0
135,1999,0.0
135,2000,0.0
135,2001,0.0
135,2002,0.0
135,2003,0.0
135,2004,0.0
135,2005,0.0
135,2006,0.0
135,2007,0.0
135,2008,0.0
135,2009,0.0
135,2010,0.0
136,1990,0.0
136,1991,0.0
136,1992,0.0
136,1993,0.0
136,1994,0.0
136,1995,0.0
136,1996,0.0
136,1997,0.0
136,1998,0.0
136,1999,0.0
136,2000,0.0
136,2001,0.0
136,2002,0.0
136,2003,0.0
136,2004,0.0
136,2005,0.0
136,2006,0.0
136,2007,0.0
136,2008,0.0
136,2009,0.0
136,2010,0.0
137,1990,0.0
137,1991,0.0
137,1992,0.0
137,1993,0.0
137,1994,0.0
137,1995,0.0
137,1996,0.0
137,1997,0.0
137,1998,0.0
137,1999,0.0
137,2000,0.0
137,2001,0.0
137,2002,0.0
137,2003,0.0
137,2004,0.0
137,2005,0.0
137,2006,0.0
137,2007,0.0
137,2008,0.0
137,2009,0.0
137,2010,0.0
270,1990,0.0
270,1991,0.0
270,1992,0.0
270,1993,0.0
270,1994,0.0
270,1995,0.0
270,1996,0.0
270,1997,0.0
270,1998,0.0
270,1999,0.0
270,2000,0.0
270,2001,0.0
270,2002,0.0
270,2003,0.0
270,2004,0.0
270,2005,0.0
270,2006,0.0
270,2007,0.0
270,2008,0.0
270,2009,0.0
270,2010,0.0
138,1990,0.0
138,1991,0.0
138,1992,0.0
138,1993,0.0
138,1994,0.0
138,1995,0.0
138,1996,0.0
138,1997,0.0
138,1998,0.0
138,1999,0.0
138,2000,0.0
138,2001,0.0
138,2002,0.0
138,2003,0.0
138,2004,0.0
138,2005,0.0
138,2006,0.0
138,2007,0.0
138,2008,0.0
138,2009,0.0
138,2010,0.0
145,1991,0.0
145,1992,0.0
145,1993,0.0
145,1994,0.0
145,1995,0.0
145,1996,0.0
145,1997,0.0
145,1998,0.0
145,1999,0.0
145,2000,0.0
145,2001,0.0
145,2002,0.0
145,2003,0.0
145,2004,0.0
145,2005,0.0
145,2006,0.0
145,2007,0.0
145,2008,0.0
145,2009,0.0
145,2010,0.0
141,1990,0.0
141,1991,0.0
141,1992,0.0
141,1993,0.0
141,1994,0.0
141,1995,0.0
141,1996,0.0
141,1997,0.0
141,1998,0.0
141,1999,0.0
141,2000,0.0
141,2001,0.0
141,2002,0.0
141,2003,0.0
141,2004,0.0
141,2005,0.0
141,2006,0.0
141,2007,0.0
141,2008,0.0
141,2009,0.0
141,2010,0.0
142,1990,0.0
142,1991,0.0
142,1992,0.0
142,1993,0.0
142,1994,0.0
142,1995,0.0
142,1996,0.0
142,1997,0.0
142,1998,0.0
142,1999,0.0
142,2000,0.0
142,2001,0.0
142,2002,0.0
142,2003,0.0
142,2004,0.0
142,2005,0.0
142,2006,0.0
142,2007,0.0
142,2008,0.0
142,2009,0.0
142,2010,0.0
143,1990,0.0
143,1991,0.0
143,1992,0.0
143,1993,0.0
143,1994,0.0
143,1995,0.0
143,1996,0.0
143,1997,0.0
143,1998,0.0
143,1999,0.0
143,2000,0.0
143,2001,0.0
143,2002,0.0
143,2003,0.0
143,2004,0.0
143,2005,0.0
143,2006,0.0
143,2007,0.0
143,2008,0.0
143,2009,0.0
143,2010,0.0
144,1990,0.0
144,1991,0.0
144,1992,0.0
144,1993,0.0
144,1994,0.0
144,1995,0.0
144,1996,0.0
144,1997,0.0
144,1998,0.0
144,1999,0.0
144,2000,0.0
144,2001,0.0
144,2002,0.0
144,2003,0.0
144,2004,0.0
144,2005,0.0
144,2006,0.0
144,2007,0.0
144,2008,0.0
144,2009,0.0
144,2010,0.0
28,1990,0.0
28,1991,0.0
28,1992,0.0
28,1993,0.0
28,1994,0.0
28,1995,0.0
28,1996,0.0
28,1997,0.0
28,1998,0.0
28,1999,0.0
28,2000,0.0
28,2001,0.0
28,2002,0.0
28,2003,0.0
28,2004,0.0
28,2005,0.0
28,2006,0.0
28,2007,0.0
28,2008,0.0
28,2009,0.0
28,2010,0.0
147,1990,0.0
147,1991,0.0
147,1992,0.0
147,1993,0.0
147,1994,0.0
147,1995,0.0
147,1996,0.0
147,1997,0.0
147,1998,0.0
147,1999,0.0
147,2000,0.0
147,2001,0.0
147,2002,0.0
147,2003,0.0
147,2004,0.0
147,2005,0.0
147,2006,0.0
147,2007,0.0
147,2008,0.0
147,2009,0.0
147,2010,0.0
148,1990,0.0
148,1991,0.0
148,1992,0.0
148,1993,0.0
148,1994,0.0
148,1995,0.0
148,1996,0.0
148,1997,0.0
148,1998,0.0
148,1999,0.0
148,2000,0.0
148,2001,0.0
148,2002,0.0
148,2003,0.0
148,2004,0.0
148,2005,0.0
148,2006,0.0
148,2007,0.0
148,2008,0.0
148,2009,0.0
148,2010,0.0
149,1990,0.0
149,1991,0.0
149,1992,0.0
149,1993,0.0
149,1994,0.0
149,1995,0.0
149,1996,0.0
149,1997,0.0
149,1998,0.0
149,1999,0.0
149,2000,0.0
149,2001,0.0
149,2002,0.0
149,2003,0.0
149,2004,0.0
149,2005,0.0
149,2006,0.0
149,2007,0.0
149,2008,0.0
149,2009,0.0
149,2010,0.0
150,1990,0.0
150,1991,0.0
150,1992,0.0
150,1993,0.0
150,1994,0.0
150,1995,0.0
150,1996,0.0
150,1997,0.0
150,1998,0.0
150,1999,0.0
150,2000,0.0
150,2001,0.0
150,2002,0.0
150,2003,0.0
150,2004,0.0
150,2005,0.0
150,2006,0.0
150,2007,0.0
150,2008,0.0
150,2009,0.0
150,2010,0.0
151,1990,0.0
151,1991,0.0
151,1992,0.0
151,1993,0.0
151,1994,0.0
151,1995,0.0
151,1996,0.0
151,1997,0.0
151,1998,0.0
151,1999,0.0
151,2000,0.0
151,2001,0.0
151,2002,0.0
151,2003,0.0
151,2004,0.0
151,2005,0.0
151,2006,0.0
151,2007,0.0
151,2008,0.0
151,2009,0.0
151,2010,0.0
153,1990,0.0
153,1991,0.0
153,1992,0.0
153,1993,0.0
153,1994,0.0
153,1995,0.0
153,1996,0.0
153,1997,0.0
153,1998,0.0
153,1999,0.0
153,2000,0.0
153,2001,0.0
153,2002,0.0
153,2003,0.0
153,2004,0.0
153,2005,0.0
153,2006,0.0
153,2007,0.0
153,2008,0.0
153,2009,0.0
153,2010,0.0
156,1990,0.0
156,1991,0.0
156,1992,0.0
156,1993,0.0
156,1994,0.0
156,1995,0.0
156,1996,0.0
156,1997,0.0
156,1998,0.0
156,1999,0.0
156,2000,0.0
156,2001,0.0
156,2002,0.0
156,2003,0.0
156,2004,0.0
156,2005,0.0
156,2006,0.0
156,2007,0.0
156,2008,0.0
156,2009,0.0
156,2010,0.0
157,1990,0.0
157,1991,0.0
157,1992,0.0
157,1993,0.0
157,1994,0.0
157,1995,0.0
157,1996,0.0
157,1997,0.0
157,1998,0.0
157,1999,0.0
157,2000,0.0
157,2001,0.0
157,2002,0.0
157,2003,0.0
157,2004,0.0
157,2005,0.0
157,2006,0.0
157,2007,0.0
157,2008,0.0
157,2009,0.0
157,2010,0.0
158,1990,0.0
158,1991,0.0
158,1992,0.0
158,1993,0.0
158,1994,0.0
158,1995,0.0
158,1996,0.0
158,1997,0.0
158,1998,0.0
158,1999,0.0
158,2000,0.0
158,2001,0.0
158,2002,0.0
158,2003,0.0
158,2004,0.0
158,2005,0.0
158,2006,0.0
158,2007,0.0
158,2008,0.0
158,2009,0.0
158,2010,0.0
159,1990,0.0
159,1991,0.0
159,1992,0.0
159,1993,0.0
159,1994,0.0
159,1995,0.0
159,1996,0.0
159,1997,0.0
159,1998,0.0
159,1999,0.0
159,2000,0.0
159,2001,0.0
159,2002,0.0
159,2003,0.0
159,2004,0.0
159,2005,0.0
159,2006,0.0
159,2007,0.0
159,2008,0.0
159,2009,0.0
159,2010,0.0
160,1990,0.0
160,1991,0.0
160,1992,0.0
160,1993,0.0
160,1994,0.0
160,1995,0.0
160,1996,0.0
160,1997,0.0
160,1998,0.0
160,1999,0.0
160,2000,0.0
160,2001,0.0
160,2002,0.0
160,2003,0.0
160,2004,0.0
160,2005,0.0
160,2006,0.0
160,2007,0.0
160,2008,0.0
160,2009,0.0
160,2010,0.0
161,1990,0.0
161,1991,0.0
161,1992,0.0
161,1993,0.0
161,1994,0.0
161,1995,0.0
161,1996,0.0
161,1997,0.0
161,1998,0.0
161,1999,0.0
161,2000,0.0
161,2001,0.0
161,2002,0.0
161,2003,0.0
161,2004,0.0
161,2005,0.0
161,2006,0.0
161,2007,0.0
161,2008,0.0
161,2009,0.0
161,2010,0.0
163,1991,0.0
163,1992,0.0
163,1993,0.0
163,1994,0.0
163,1995,0.0
163,1996,0.0
163,1997,0.0
163,1998,0.0
163,1999,0.0
163,2000,0.0
163,2001,0.0
163,2002,0.0
163,2003,0.0
163,2004,0.0
163,2005,0.0
163,2006,0.0
163,2007,0.0
163,2008,0.0
163,2009,0.0
163,2010,0.0
162,1990,0.0
162,1991,0.0
162,1992,0.0
162,1993,0.0
162,1994,0.0
162,1995,0.0
162,1996,0.0
162,1997,0.0
162,1998,0.0
162,1999,0.0
162,2000,0.0
162,2001,0.0
162,2002,0.0
162,2003,0.0
162,2004,0.0
162,2005,0.0
162,2006,0.0
162,2007,0.0
162,2008,0.0
162,2009,0.0
162,2010,0.0
221,1990,0.0
221,1991,0.0
221,1992,0.0
221,1993,0.0
221,1994,0.0
221,1995,0.0
221,1996,0.0
221,1997,0.0
221,1998,0.0
221,1999,0.0
221,2000,0.0
221,2001,0.0
221,2002,0.0
221,2003,0.0
221,2004,0.0
221,2005,0.0
221,2006,0.0
221,2007,0.0
221,2008,0.0
221,2009,0.0
221,2010,0.0
164,1990,0.0
165,1990,0.0
165,1991,0.0
165,1992,0.0
165,1993,0.0
165,1994,0.0
165,1995,0.0
165,1996,0.0
165,1997,0.0
165,1998,0.0
165,1999,0.0
165,2000,0.0
165,2001,0.0
165,2002,0.0
165,2003,0.0
165,2004,0.0
165,2005,0.0
165,2006,0.0
165,2007,0.0
165,2008,0.0
165,2009,0.0
165,2010,0.0
180,1991,0.0
180,1992,0.0
180,1993,0.0
180,1994,0.0
180,1995,0.0
180,1996,0.0
180,1997,0.0
180,1998,0.0
180,1999,0.0
180,2000,0.0
180,2001,0.0
180,2002,0.0
180,2003,0.0
180,2004,0.0
180,2005,0.0
180,2006,0.0
180,2007,0.0
180,2008,0.0
180,2009,0.0
180,2010,0.0
166,1990,0.0
166,1991,0.0
166,1992,0.0
166,1993,0.0
166,1994,0.0
166,1995,0.0
166,1996,0.0
166,1997,0.0
166,1998,0.0
166,1999,0.0
166,2000,0.0
166,2001,0.0
166,2002,0.0
166,2003,0.0
166,2004,0.0
166,2005,0.0
166,2006,0.0
166,2007,0.0
166,2008,0.0
166,2009,0.0
166,2010,0.0
168,1990,0.0
168,1991,0.0
168,1992,0.0
168,1993,0.0
168,1994,0.0
168,1995,0.0
168,1996,0.0
168,1997,0.0
168,1998,0.0
168,1999,0.0
168,2000,0.0
168,2001,0.0
168,2002,0.0
168,2003,0.0
168,2004,0.0
168,2005,0.0
168,2006,0.0
168,2007,0.0
168,2008,0.0
168,2009,0.0
168,2010,0.0
169,1990,0.0
169,1991,0.0
169,1992,0.0
169,1993,0.0
169,1994,0.0
169,1995,0.0
169,1996,0.0
169,1997,0.0
169,1998,0.0
169,1999,0.0
169,2000,0.0
169,2001,0.0
169,2002,0.0
169,2003,0.0
169,2004,0.0
169,2005,0.0
169,2006,0.0
169,2007,0.0
169,2008,0.0
169,2009,0.0
169,2010,0.0
170,1990,0.0
170,1991,0.0
170,1992,0.0
170,1993,0.0
170,1994,0.0
170,1995,0.0
170,1996,0.0
170,1997,0.0
170,1998,0.0
170,1999,0.0
170,2000,0.0
170,2001,0.0
170,2002,0.0
170,2003,0.0
170,2004,0.0
170,2005,0.0
170,2006,0.0
170,2007,0.0
170,2008,0.0
170,2009,0.0
170,2010,0.0
171,1990,0.0
171,1991,0.0
171,1992,0.0
171,1993,0.0
171,1994,0.0
171,1995,0.0
171,1996,0.0
171,1997,0.0
171,1998,0.0
171,1999,0.0
171,2000,0.0
171,2001,0.0
171,2002,0.0
171,2003,0.0
171,2004,0.0
171,2005,0.0
171,2006,0.0
171,2007,0.0
171,2008,0.0
171,2009,0.0
171,2010,0.0
172,1990,0.0
172,1991,0.0
172,1992,0.0
172,1993,0.0
172,1994,0.0
172,1995,0.0
172,1996,0.0
172,1997,0.0
172,1998,0.0
172,1999,0.0
172,2000,0.0
172,2001,0.0
172,2002,0.0
172,2003,0.0
172,2004,0.0
172,2005,0.0
172,2006,0.0
172,2007,0.0
172,2008,0.0
172,2009,0.0
172,2010,0.0
173,1990,0.0
173,1991,0.0
173,1992,0.0
173,1993,0.0
173,1994,0.0
173,1995,0.0
173,1996,0.0
173,1997,0.0
173,1998,0.0
173,1999,0.0
173,2000,0.0
173,2001,0.0
173,2002,0.0
173,2003,0.0
173,2004,0.0
173,2005,0.0
173,2006,0.0
173,2007,0.0
173,2008,0.0
173,2009,0.0
173,2010,0.0
174,1990,0.0
174,1991,0.0
174,1992,0.0
174,1993,0.0
174,1994,0.0
174,1995,0.0
174,1996,0.0
174,1997,0.0
174,1998,0.0
174,1999,0.0
174,2000,0.0
174,2001,0.0
174,2002,0.0
174,2003,0.0
174,2004,0.0
174,2005,0.0
174,2006,0.0
174,2007,0.0
174,2008,0.0
174,2009,0.0
174,2010,0.0
177,1990,0.0
177,1991,0.0
177,1992,0.0
177,1993,0.0
177,1994,0.0
177,1995,0.0
177,1996,0.0
177,1997,0.0
177,1998,0.0
177,1999,0.0
177,2000,0.0
177,2001,0.0
177,2002,0.0
177,2003,0.0
177,2004,0.0
177,2005,0.0
177,2006,0.0
177,2007,0.0
177,2008,0.0
177,2009,0.0
177,2010,0.0
179,1990,0.0
179,1991,0.0
179,1992,0.0
179,1993,0.0
179,1994,0.0
179,1995,0.0
179,1996,0.0
179,1997,0.0
179,1998,0.0
179,1999,0.0
179,2000,0.0
179,2001,0.0
179,2002,0.0
179,2003,0.0
179,2004,0.0
179,2005,0.0
179,2006,0.0
179,2007,0.0
179,2008,0.0
179,2009,0.0
179,2010,0.0
117,1990,0.0
117,1991,0.0
117,1992,0.0
117,1993,0.0
117,1994,0.0
117,1995,0.0
117,1996,0.0
117,1997,0.0
117,1998,0.0
117,1999,0.0
117,2000,0.0
117,2001,0.0
117,2002,0.0
117,2003,0.0
117,2004,0.0
117,2005,0.0
117,2006,0.0
117,2007,0.0
117,2008,0.0
117,2009,0.0
117,2010,0.0
146,1992,0.0
146,1993,0.0
146,1994,0.0
146,1995,0.0
146,1996,0.0
146,1997,0.0
146,1998,0.0
146,1999,0.0
146,2000,0.0
146,2001,0.0
146,2002,0.0
146,2003,0.0
146,2004,0.0
146,2005,0.0
146,2006,0.0
146,2007,0.0
146,2008,0.0
146,2009,0.0
146,2010,0.0
182,1990,0.0
182,1991,0.0
182,1992,0.0
182,1993,0.0
182,1994,0.0
182,1995,0.0
182,1996,0.0
182,1997,0.0
182,1998,0.0
182,1999,0.0
182,2000,0.0
182,2001,0.0
182,2002,0.0
182,2003,0.0
182,2004,0.0
182,2005,0.0
182,2006,0.0
182,2007,0.0
182,2008,0.0
182,2009,0.0
182,2010,0.0
183,1990,0.0
183,1991,0.0
183,1992,0.0
183,1993,0.0
183,1994,0.0
183,1995,0.0
183,1996,0.0
183,1997,0.0
183,1998,0.0
183,1999,0.0
183,2000,0.0
183,2001,0.0
183,2002,0.0
183,2003,0.0
183,2004,0.0
183,2005,0.0
183,2006,0.0
183,2007,0.0
183,2008,0.0
183,2009,0.0
183,2010,0.0
185,1992,0.0
185,1993,0.0
185,1994,0.0
185,1995,0.0
185,1996,0.0
185,1997,0.0
185,1998,0.0
185,1999,0.0
185,2000,0.0
185,2001,0.0
185,2002,0.0
185,2003,0.0
185,2004,0.0
185,2005,0.0
185,2006,0.0
185,2007,0.0
185,2008,0.0
185,2009,0.0
185,2010,0.0
184,1990,0.0
184,1991,0.0
184,1992,0.0
184,1993,0.0
184,1994,0.0
184,1995,0.0
184,1996,0.0
184,1997,0.0
184,1998,0.0
184,1999,0.0
184,2000,0.0
184,2001,0.0
184,2002,0.0
184,2003,0.0
184,2004,0.0
184,2005,0.0
184,2006,0.0
184,2007,0.0
184,2008,0.0
184,2009,0.0
184,2010,0.0
187,1990,0.0
187,1991,0.0
187,1992,0.0
187,1993,0.0
187,1994,0.0
187,1995,0.0
187,1996,0.0
187,1997,0.0
187,1998,0.0
187,1999,0.0
187,2000,0.0
187,2001,0.0
187,2002,0.0
187,2003,0.0
187,2004,0.0
187,2005,0.0
187,2006,0.0
187,2007,0.0
187,2008,0.0
187,2009,0.0
187,2010,0.0
188,1990,0.0
188,1991,0.0
188,1992,0.0
188,1993,0.0
188,1994,0.0
188,1995,0.0
188,1996,0.0
188,1997,0.0
188,1998,0.0
188,1999,0.0
188,2000,0.0
188,2001,0.0
188,2002,0.0
188,2003,0.0
188,2004,0.0
188,2005,0.0
188,2006,0.0
188,2007,0.0
188,2008,0.0
188,2009,0.0
188,2010,0.0
189,1990,0.0
189,1991,0.0
189,1992,0.0
189,1993,0.0
189,1994,0.0
189,1995,0.0
189,1996,0.0
189,1997,0.0
189,1998,0.0
189,1999,0.0
189,2000,0.0
189,2001,0.0
189,2002,0.0
189,2003,0.0
189,2004,0.0
189,2005,0.0
189,2006,0.0
189,2007,0.0
189,2008,0.0
189,2009,0.0
189,2010,0.0
190,1990,0.0
190,1991,0.0
190,1992,0.0
190,1993,0.0
190,1994,0.0
190,1995,0.0
190,1996,0.0
190,1997,0.0
190,1998,0.0
190,1999,0.0
190,2000,0.0
190,2001,0.0
190,2002,0.0
190,2003,0.0
190,2004,0.0
190,2005,0.0
190,2006,0.0
190,2007,0.0
190,2008,0.0
190,2009,0.0
190,2010,0.0
191,1990,0.0
191,1991,0.0
191,1992,0.0
191,1993,0.0
191,1994,0.0
191,1995,0.0
191,1996,0.0
191,1997,0.0
191,1998,0.0
191,1999,0.0
191,2000,0.0
191,2001,0.0
191,2002,0.0
191,2003,0.0
191,2004,0.0
191,2005,0.0
191,2006,0.0
191,2007,0.0
191,2008,0.0
191,2009,0.0
191,2010,0.0
244,1990,0.0
244,1991,0.0
244,1992,0.0
244,1993,0.0
244,1994,0.0
244,1995,0.0
244,1996,0.0
244,1997,0.0
244,1998,0.0
244,1999,0.0
244,2000,0.0
244,2001,0.0
244,2002,0.0
244,2003,0.0
244,2004,0.0
244,2005,0.0
244,2006,0.0
244,2007,0.0
244,2008,0.0
244,2009,0.0
244,2010,0.0
193,1990,0.0
193,1991,0.0
193,1992,0.0
193,1993,0.0
193,1994,0.0
193,1995,0.0
193,1996,0.0
193,1997,0.0
193,1998,0.0
193,1999,0.0
193,2000,0.0
193,2001,0.0
193,2002,0.0
193,2003,0.0
193,2004,0.0
193,2005,0.0
193,2006,0.0
193,2007,0.0
193,2008,0.0
193,2009,0.0
193,2010,0.0
194,1990,0.0
194,1991,0.0
194,1992,0.0
194,1993,0.0
194,1994,0.0
194,1995,0.0
194,1996,0.0
194,1997,0.0
194,1998,0.0
194,1999,0.0
194,2000,0.0
194,2001,0.0
194,2002,0.0
194,2003,0.0
194,2004,0.0
194,2005,0.0
194,2006,0.0
194,2007,0.0
194,2008,0.0
194,2009,0.0
194,2010,0.0
195,1990,0.0
195,1991,0.0
195,1992,0.0
195,1993,0.0
195,1994,0.0
195,1995,0.0
195,1996,0.0
195,1997,0.0
195,1998,0.0
195,1999,0.0
195,2000,0.0
195,2001,0.0
195,2002,0.0
195,2003,0.0
195,2004,0.0
195,2005,0.0
195,2006,0.0
195,2007,0.0
195,2008,0.0
195,2009,0.0
195,2010,0.0
186,1992,0.0
186,1993,0.0
186,1994,0.0
186,1995,0.0
186,1996,0.0
186,1997,0.0
186,1998,0.0
186,1999,0.0
186,2000,0.0
186,2001,0.0
186,2002,0.0
186,2003,0.0
186,2004,0.0
186,2005,0.0
196,1990,0.0
196,1991,0.0
196,1992,0.0
196,1993,0.0
196,1994,0.0
196,1995,0.0
196,1996,0.0
196,1997,0.0
196,1998,0.0
196,1999,0.0
196,2000,0.0
196,2001,0.0
196,2002,0.0
196,2003,0.0
196,2004,0.0
196,2005,0.0
196,2006,0.0
196,2007,0.0
196,2008,0.0
196,2009,0.0
196,2010,0.0
197,1990,0.0
197,1991,0.0
197,1992,0.0
197,1993,0.0
197,1994,0.0
197,1995,0.0
197,1996,0.0
197,1997,0.0
197,1998,0.0
197,1999,0.0
197,2000,0.0
197,2001,0.0
197,2002,0.0
197,2003,0.0
197,2004,0.0
197,2005,0.0
197,2006,0.0
197,2007,0.0
197,2008,0.0
197,2009,0.0
197,2010,0.0
200,1990,0.0
200,1991,0.0
200,1992,0.0
200,1993,0.0
200,1994,0.0
200,1995,0.0
200,1996,0.0
200,1997,0.0
200,1998,0.0
200,1999,0.0
200,2000,0.0
200,2001,0.0
200,2002,0.0
200,2003,0.0
200,2004,0.0
200,2005,0.0
200,2006,0.0
200,2007,0.0
200,2008,0.0
200,2009,0.0
200,2010,0.0
199,1993,0.0
199,1994,0.0
199,1995,0.0
199,1996,0.0
199,1997,0.0
199,1998,0.0
199,1999,0.0
199,2000,0.0
199,2001,0.0
199,2002,0.0
199,2003,0.0
199,2004,0.0
199,2005,0.0
199,2006,0.0
199,2007,0.0
199,2008,0.0
199,2009,0.0
199,2010,0.0
198,1992,0.0
198,1993,0.0
198,1994,0.0
198,1995,0.0
198,1996,0.0
198,1997,0.0
198,1998,0.0
198,1999,0.0
198,2000,0.0
198,2001,0.0
198,2002,0.0
198,2003,0.0
198,2004,0.0
198,2005,0.0
198,2006,0.0
198,2007,0.0
198,2008,0.0
198,2009,0.0
198,2010,0.0
25,1990,0.0
25,1991,0.0
25,1992,0.0
25,1993,0.0
25,1994,0.0
25,1995,0.0
25,1996,0.0
25,1997,0.0
25,1998,0.0
25,1999,0.0
25,2000,0.0
25,2001,0.0
25,2002,0.0
25,2003,0.0
25,2004,0.0
25,2005,0.0
25,2006,0.0
25,2007,0.0
25,2008,0.0
25,2009,0.0
25,2010,0.0
201,1990,0.0
201,1991,0.0
201,1992,0.0
201,1993,0.0
201,1994,0.0
201,1995,0.0
201,1996,0.0
201,1997,0.0
201,1998,0.0
201,1999,0.0
201,2000,0.0
201,2001,0.0
201,2002,0.0
201,2003,0.0
201,2004,0.0
201,2005,0.0
201,2006,0.0
201,2007,0.0
201,2008,0.0
201,2009,0.0
201,2010,0.0
202,1990,0.0
202,1991,0.0
202,1992,0.0
202,1993,0.0
202,1994,0.0
202,1995,0.0
202,1996,0.0
202,1997,0.0
202,1998,0.0
202,1999,0.0
202,2000,0.0
202,2001,0.0
202,2002,0.0
202,2003,0.0
202,2004,0.0
202,2005,0.0
202,2006,0.0
202,2007,0.0
202,2008,0.0
202,2009,0.0
202,2010,0.0
203,1990,0.0
203,1991,0.0
203,1992,0.0
203,1993,0.0
203,1994,0.0
203,1995,0.0
203,1996,0.0
203,1997,0.0
203,1998,0.0
203,1999,0.0
203,2000,0.0
203,2001,0.0
203,2002,0.0
203,2003,0.0
203,2004,0.0
203,2005,0.0
203,2006,0.0
203,2007,0.0
203,2008,0.0
203,2009,0.0
203,2010,0.0
38,1990,0.0
38,1991,0.0
38,1992,0.0
38,1993,0.0
38,1994,0.0
38,1995,0.0
38,1996,0.0
38,1997,0.0
38,1998,0.0
38,1999,0.0
38,2000,0.0
38,2001,0.0
38,2002,0.0
38,2003,0.0
38,2004,0.0
38,2005,0.0
38,2006,0.0
38,2007,0.0
38,2008,0.0
38,2009,0.0
38,2010,0.0
206,1990,0.0
206,1991,0.0
206,1992,0.0
206,1993,0.0
206,1994,0.0
206,1995,0.0
206,1996,0.0
206,1997,0.0
206,1998,0.0
206,1999,0.0
206,2000,0.0
206,2001,0.0
206,2002,0.0
206,2003,0.0
206,2004,0.0
206,2005,0.0
206,2006,0.0
206,2007,0.0
206,2008,0.0
206,2009,0.0
206,2010,0.0
207,1990,0.0
207,1991,0.0
207,1992,0.0
207,1993,0.0
207,1994,0.0
207,1995,0.0
207,1996,0.0
207,1997,0.0
207,1998,0.0
207,1999,0.0
207,2000,0.0
207,2001,0.0
207,2002,0.0
207,2003,0.0
207,2004,0.0
207,2005,0.0
207,2006,0.0
207,2007,0.0
207,2008,0.0
207,2009,0.0
207,2010,0.0
209,1990,0.0
209,1991,0.0
209,1992,0.0
209,1993,0.0
209,1994,0.0
209,1995,0.0
209,1996,0.0
209,1997,0.0
209,1998,0.0
209,1999,0.0
209,2000,0.0
209,2001,0.0
209,2002,0.0
209,2003,0.0
209,2004,0.0
209,2005,0.0
209,2006,0.0
209,2007,0.0
209,2008,0.0
209,2009,0.0
209,2010,0.0
210,1990,0.0
210,1991,0.0
210,1992,0.0
210,1993,0.0
210,1994,0.0
210,1995,0.0
210,1996,0.0
210,1997,0.0
210,1998,0.0
210,1999,0.0
210,2000,0.0
210,2001,0.0
210,2002,0.0
210,2003,0.0
210,2004,0.0
210,2005,0.0
210,2006,0.0
210,2007,0.0
210,2008,0.0
210,2009,0.0
210,2010,0.0
211,1990,0.0
211,1991,0.0
211,1992,0.0
211,1993,0.0
211,1994,0.0
211,1995,0.0
211,1996,0.0
211,1997,0.0
211,1998,0.0
211,1999,0.0
211,2000,0.0
211,2001,0.0
211,2002,0.0
211,2003,0.0
211,2004,0.0
211,2005,0.0
211,2006,0.0
211,2007,0.0
211,2008,0.0
211,2009,0.0
211,2010,0.0
212,1990,0.0
212,1991,0.0
212,1992,0.0
212,1993,0.0
212,1994,0.0
212,1995,0.0
212,1996,0.0
212,1997,0.0
212,1998,0.0
212,1999,0.0
212,2000,0.0
212,2001,0.0
212,2002,0.0
212,2003,0.0
212,2004,0.0
212,2005,0.0
212,2006,0.0
212,2007,0.0
212,2008,0.0
212,2009,0.0
212,2010,0.0
208,1992,0.0
208,1993,0.0
208,1994,0.0
208,1995,0.0
208,1996,0.0
208,1997,0.0
208,1998,0.0
208,1999,0.0
208,2000,0.0
208,2001,0.0
208,2002,0.0
208,2003,0.0
208,2004,0.0
208,2005,0.0
208,2006,0.0
208,2007,0.0
208,2008,0.0
208,2009,0.0
208,2010,0.0
216,1990,0.0
216,1991,0.0
216,1992,0.0
216,1993,0.0
216,1994,0.0
216,1995,0.0
216,1996,0.0
216,1997,0.0
216,1998,0.0
216,1999,0.0
216,2000,0.0
216,2001,0.0
216,2002,0.0
216,2003,0.0
216,2004,0.0
216,2005,0.0
216,2006,0.0
216,2007,0.0
216,2008,0.0
216,2009,0.0
216,2010,0.0
154,1992,0.0
154,1993,0.0
154,1994,0.0
154,1995,0.0
154,1996,0.0
154,1997,0.0
154,1998,0.0
154,1999,0.0
154,2000,0.0
154,2001,0.0
154,2002,0.0
154,2003,0.0
154,2004,0.0
154,2005,0.0
154,2006,0.0
154,2007,0.0
154,2008,0.0
154,2009,0.0
154,2010,0.0
176,1990,0.0
176,1991,0.0
176,1992,0.0
176,1993,0.0
176,1994,0.0
176,1995,0.0
176,1996,0.0
176,1997,0.0
176,1998,0.0
176,1999,0.0
176,2000,0.0
176,2001,0.0
176,2002,0.0
176,2003,0.0
176,2004,0.0
176,2005,0.0
176,2006,0.0
176,2007,0.0
176,2008,0.0
176,2009,0.0
176,2010,0.0
217,1990,0.0
217,1991,0.0
217,1992,0.0
217,1993,0.0
217,1994,0.0
217,1995,0.0
217,1996,0.0
217,1997,0.0
217,1998,0.0
217,1999,0.0
217,2000,0.0
217,2001,0.0
217,2002,0.0
217,2003,0.0
217,2004,0.0
217,2005,0.0
217,2006,0.0
217,2007,0.0
217,2008,0.0
217,2009,0.0
217,2010,0.0
218,1990,0.0
218,1991,0.0
218,1992,0.0
218,1993,0.0
218,1994,0.0
218,1995,0.0
218,1996,0.0
218,1997,0.0
218,1998,0.0
218,1999,0.0
218,2000,0.0
218,2001,0.0
218,2002,0.0
218,2003,0.0
218,2004,0.0
218,2005,0.0
218,2006,0.0
218,2007,0.0
218,2008,0.0
218,2009,0.0
218,2010,0.0
219,1990,0.0
219,1991,0.0
219,1992,0.0
219,1993,0.0
219,1994,0.0
219,1995,0.0
219,1996,0.0
219,1997,0.0
219,1998,0.0
219,1999,0.0
219,2000,0.0
219,2001,0.0
219,2002,0.0
219,2003,0.0
219,2004,0.0
219,2005,0.0
219,2006,0.0
219,2007,0.0
219,2008,0.0
219,2009,0.0
219,2010,0.0
220,1990,0.0
220,1991,0.0
220,1992,0.0
220,1993,0.0
220,1994,0.0
220,1995,0.0
220,1996,0.0
220,1997,0.0
220,1998,0.0
220,1999,0.0
220,2000,0.0
220,2001,0.0
220,2002,0.0
220,2003,0.0
220,2004,0.0
220,2005,0.0
220,2006,0.0
220,2007,0.0
220,2008,0.0
220,2009,0.0
220,2010,0.0
222,1990,0.0
222,1991,0.0
222,1992,0.0
222,1993,0.0
222,1994,0.0
222,1995,0.0
222,1996,0.0
222,1997,0.0
222,1998,0.0
222,1999,0.0
222,2000,0.0
222,2001,0.0
222,2002,0.0
222,2003,0.0
222,2004,0.0
222,2005,0.0
222,2006,0.0
222,2007,0.0
222,2008,0.0
222,2009,0.0
222,2010,0.0
223,1990,0.0
223,1991,0.0
223,1992,0.0
223,1993,0.0
223,1994,0.0
223,1995,0.0
223,1996,0.0
223,1997,0.0
223,1998,0.0
223,1999,0.0
223,2000,0.0
223,2001,0.0
223,2002,0.0
223,2003,0.0
223,2004,0.0
223,2005,0.0
223,2006,0.0
223,2007,0.0
223,2008,0.0
223,2009,0.0
223,2010,0.0
213,1992,0.0
213,1993,0.0
213,1994,0.0
213,1995,0.0
213,1996,0.0
213,1997,0.0
213,1998,0.0
213,1999,0.0
213,2000,0.0
213,2001,0.0
213,2002,0.0
213,2003,0.0
213,2004,0.0
213,2005,0.0
213,2006,0.0
213,2007,0.0
213,2008,0.0
213,2009,0.0
213,2010,0.0
224,1990,0.0
224,1991,0.0
224,1992,0.0
224,1993,0.0
224,1994,0.0
224,1995,0.0
224,1996,0.0
224,1997,0.0
224,1998,0.0
224,1999,0.0
224,2000,0.0
224,2001,0.0
224,2002,0.0
224,2003,0.0
224,2004,0.0
224,2005,0.0
224,2006,0.0
224,2007,0.0
224,2008,0.0
224,2009,0.0
224,2010,0.0
227,1990,0.0
227,1991,0.0
227,1992,0.0
227,1993,0.0
227,1994,0.0
227,1995,0.0
227,1996,0.0
227,1997,0.0
227,1998,0.0
227,1999,0.0
227,2000,0.0
227,2001,0.0
227,2002,0.0
227,2003,0.0
227,2004,0.0
227,2005,0.0
227,2006,0.0
227,2007,0.0
227,2008,0.0
227,2009,0.0
227,2010,0.0
226,1990,0.0
226,1991,0.0
226,1992,0.0
226,1993,0.0
226,1994,0.0
226,1995,0.0
226,1996,0.0
226,1997,0.0
226,1998,0.0
226,1999,0.0
226,2000,0.0
226,2001,0.0
226,2002,0.0
226,2003,0.0
226,2004,0.0
226,2005,0.0
226,2006,0.0
226,2007,0.0
226,2008,0.0
226,2009,0.0
226,2010,0.0
230,1992,0.0
230,1993,0.0
230,1994,0.0
230,1995,0.0
230,1996,0.0
230,1997,0.0
230,1998,0.0
230,1999,0.0
230,2000,0.0
230,2001,0.0
230,2002,0.0
230,2003,0.0
230,2004,0.0
230,2005,0.0
230,2006,0.0
230,2007,0.0
230,2008,0.0
230,2009,0.0
230,2010,0.0
225,1990,0.0
225,1991,0.0
225,1992,0.0
225,1993,0.0
225,1994,0.0
225,1995,0.0
225,1996,0.0
225,1997,0.0
225,1998,0.0
225,1999,0.0
225,2000,0.0
225,2001,0.0
225,2002,0.0
225,2003,0.0
225,2004,0.0
225,2005,0.0
225,2006,0.0
225,2007,0.0
225,2008,0.0
225,2009,0.0
225,2010,0.0
229,1990,0.0
229,1991,0.0
229,1992,0.0
229,1993,0.0
229,1994,0.0
229,1995,0.0
229,1996,0.0
229,1997,0.0
229,1998,0.0
229,1999,0.0
229,2000,0.0
229,2001,0.0
229,2002,0.0
229,2003,0.0
229,2004,0.0
229,2005,0.0
229,2006,0.0
229,2007,0.0
229,2008,0.0
229,2009,0.0
229,2010,0.0
215,1990,0.0
215,1991,0.0
215,1992,0.0
215,1993,0.0
215,1994,0.0
215,1995,0.0
215,1996,0.0
215,1997,0.0
215,1998,0.0
215,1999,0.0
215,2000,0.0
215,2001,0.0
215,2002,0.0
215,2003,0.0
215,2004,0.0
215,2005,0.0
215,2006,0.0
215,2007,0.0
215,2008,0.0
215,2009,0.0
215,2010,0.0
231,1990,0.0
231,1991,0.0
231,1992,0.0
231,1993,0.0
231,1994,0.0
231,1995,0.0
231,1996,0.0
231,1997,0.0
231,1998,0.0
231,1999,0.0
231,2000,0.0
231,2001,0.0
231,2002,0.0
231,2003,0.0
231,2004,0.0
231,2005,0.0
231,2006,0.0
231,2007,0.0
231,2008,0.0
231,2009,0.0
231,2010,0.0
240,1990,0.0
240,1991,0.0
240,1992,0.0
240,1993,0.0
240,1994,0.0
240,1995,0.0
240,1996,0.0
240,1997,0.0
240,1998,0.0
240,1999,0.0
240,2000,0.0
240,2001,0.0
240,2002,0.0
240,2003,0.0
240,2004,0.0
240,2005,0.0
240,2006,0.0
240,2007,0.0
240,2008,0.0
240,2009,0.0
240,2010,0.0
234,1990,0.0
234,1991,0.0
234,1992,0.0
234,1993,0.0
234,1994,0.0
234,1995,0.0
234,1996,0.0
234,1997,0.0
234,1998,0.0
234,1999,0.0
234,2000,0.0
234,2001,0.0
234,2002,0.0
234,2003,0.0
234,2004,0.0
234,2005,0.0
234,2006,0.0
234,2007,0.0
234,2008,0.0
234,2009,0.0
234,2010,0.0
228,1990,0.0
228,1991,0.0
235,1992,0.0
235,1993,0.0
235,1994,0.0
235,1995,0.0
235,1996,0.0
235,1997,0.0
235,1998,0.0
235,1999,0.0
235,2000,0.0
235,2001,0.0
235,2002,0.0
235,2003,0.0
235,2004,0.0
235,2005,0.0
235,2006,0.0
235,2007,0.0
235,2008,0.0
235,2009,0.0
235,2010,0.0
155,1990,0.0
155,1991,0.0
155,1992,0.0
155,1993,0.0
155,1994,0.0
155,1995,0.0
155,1996,0.0
155,1997,0.0
155,1998,0.0
155,1999,0.0
155,2000,0.0
155,2001,0.0
155,2002,0.0
155,2003,0.0
155,2004,0.0
155,2005,0.0
155,2006,0.0
155,2007,0.0
155,2008,0.0
155,2009,0.0
155,2010,0.0
236,1990,0.0
236,1991,0.0
236,1992,0.0
236,1993,0.0
236,1994,0.0
236,1995,0.0
236,1996,0.0
236,1997,0.0
236,1998,0.0
236,1999,0.0
236,2000,0.0
236,2001,0.0
236,2002,0.0
236,2003,0.0
236,2004,0.0
236,2005,0.0
236,2006,0.0
236,2007,0.0
236,2008,0.0
236,2009,0.0
236,2010,0.0
237,1990,0.0
237,1991,0.0
237,1992,0.0
237,1993,0.0
237,1994,0.0
237,1995,0.0
237,1996,0.0
237,1997,0.0
237,1998,0.0
237,1999,0.0
237,2000,0.0
237,2001,0.0
237,2002,0.0
237,2003,0.0
237,2004,0.0
237,2005,0.0
237,2006,0.0
237,2007,0.0
237,2008,0.0
237,2009,0.0
237,2010,0.0
243,1990,0.0
243,1991,0.0
243,1992,0.0
243,1993,0.0
243,1994,0.0
243,1995,0.0
243,1996,0.0
243,1997,0.0
243,1998,0.0
243,1999,0.0
243,2000,0.0
243,2001,0.0
243,2002,0.0
243,2003,0.0
243,2004,0.0
243,2005,0.0
243,2006,0.0
243,2007,0.0
243,2008,0.0
243,2009,0.0
243,2010,0.0
205,1990,0.0
205,1991,0.0
205,1992,0.0
205,1993,0.0
205,1994,0.0
205,1995,0.0
205,1996,0.0
205,1997,0.0
205,1998,0.0
205,1999,0.0
205,2000,0.0
205,2001,0.0
205,2002,0.0
205,2003,0.0
205,2004,0.0
205,2005,0.0
205,2006,0.0
205,2007,0.0
205,2008,0.0
205,2009,0.0
205,2010,0.0
249,1990,0.0
249,1991,0.0
249,1992,0.0
249,1993,0.0
249,1994,0.0
249,1995,0.0
249,1996,0.0
249,1997,0.0
249,1998,0.0
249,1999,0.0
249,2000,0.0
249,2001,0.0
249,2002,0.0
249,2003,0.0
249,2004,0.0
249,2005,0.0
249,2006,0.0
249,2007,0.0
249,2008,0.0
249,2009,0.0
249,2010,0.0
248,1990,0.0
248,1991,0.0
251,1990,0.0
251,1991,0.0
251,1992,0.0
251,1993,0.0
251,1994,0.0
251,1995,0.0
251,1996,0.0
251,1997,0.0
251,1998,0.0
251,1999,0.0
251,2000,0.0
251,2001,0.0
251,2002,0.0
251,2003,0.0
251,2004,0.0
251,2005,0.0
251,2006,0.0
251,2007,0.0
251,2008,0.0
251,2009,0.0
251,2010,0.0
181,1990,0.0
181,1991,0.0
181,1992,0.0
181,1993,0.0
181,1994,0.0
181,1995,0.0
181,1996,0.0
181,1997,0.0
181,1998,0.0
181,1999,0.0
181,2000,0.0
181,2001,0.0
181,2002,0.0
181,2003,0.0
181,2004,0.0
181,2005,0.0
181,2006,0.0
181,2007,0.0
181,2008,0.0
181,2009,0.0
181,2010,0.0
5000,1990,0.0
5000,1991,0.0
5000,1992,0.0
5000,1993,0.0
5000,1994,0.0
5000,1995,0.0
5000,1996,0.0
5000,1997,0.0
5000,1998,0.0
5000,1999,0.0
5000,2000,0.0
5000,2001,0.0
5000,2002,0.0
5000,2003,0.0
5000,2004,0.0
5000,2005,0.0
5000,2006,0.0
5000,2007,0.0
5000,2008,0.0
5000,2009,0.0
5000,2010,0.0
5100,1990,0.0
5100,1991,0.0
5100,1992,0.0
5100,1993,0.0
5100,1994,0.0
5100,1995,0.0
5100,1996,0.0
5100,1997,0.0
5100,1998,0.0
5100,1999,0.0
5100,2000,0.0
5100,2001,0.0
5100,2002,0.0
5100,2003,0.0
5100,2004,0.0
5100,2005,0.0
5100,2006,0.0
5100,2007,0.0
5100,2008,0.0
5100,2009,0.0
5100,2010,0.0
5101,1990,0.0
5101,1991,0.0
5101,1992,0.0
5101,1993,0.0
5101,1994,0.0
5101,1995,0.0
5101,1996,0.0
5101,1997,0.0
5101,1998,0.0
5101,1999,0.0
5101,2000,0.0
5101,2001,0.0
5101,2002,0.0
5101,2003,0.0
5101,2004,0.0
5101,2005,0.0
5101,2006,0.0
5101,2007,0.0
5101,2008,0.0
5101,2009,0.0
5101,2010,0.0
5102,1990,0.0
5102,1991,0.0
5102,1992,0.0
5102,1993,0.0
5102,1994,0.0
5102,1995,0.0
5102,1996,0.0
5102,1997,0.0
5102,1998,0.0
5102,1999,0.0
5102,2000,0.0
5102,2001,0.0
5102,2002,0.0
5102,2003,0.0
5102,2004,0.0
5102,2005,0.0
5102,2006,0.0
5102,2007,0.0
5102,2008,0.0
5102,2009,0.0
5102,2010,0.0
5103,1990,0.0
5103,1991,0.0
5103,1992,0.0
5103,1993,0.0
5103,1994,0.0
5103,1995,0.0
5103,1996,0.0
5103,1997,0.0
5103,1998,0.0
5103,1999,0.0
5103,2000,0.0
5103,2001,0.0
5103,2002,0.0
5103,2003,0.0
5103,2004,0.0
5103,2005,0.0
5103,2006,0.0
5103,2007,0.0
5103,2008,0.0
5103,2009,0.0
5103,2010,0.0
5104,1990,0.0
5104,1991,0.0
5104,1992,0.0
5104,1993,0.0
5104,1994,0.0
5104,1995,0.0
5104,1996,0.0
5104,1997,0.0
5104,1998,0.0
5104,1999,0.0
5104,2000,0.0
5104,2001,0.0
5104,2002,0.0
5104,2003,0.0
5104,2004,0.0
5104,2005,0.0
5104,2006,0.0
5104,2007,0.0
5104,2008,0.0
5104,2009,0.0
5104,2010,0.0
5105,1990,0.0
5105,1991,0.0
5105,1992,0.0
5105,1993,0.0
5105,1994,0.0
5105,1995,0.0
5105,1996,0.0
5105,1997,0.0
5105,1998,0.0
5105,1999,0.0
5105,2000,0.0
5105,2001,0.0
5105,2002,0.0
5105,2003,0.0
5105,2004,0.0
5105,2005,0.0
5105,2006,0.0
5105,2007,0.0
5105,2008,0.0
5105,2009,0.0
5105,2010,0.0
5200,1990,0.0
5200,1991,0.0
5200,1992,0.0
5200,1993,0.0
5200,1994,0.0
5200,1995,0.0
5200,1996,0.0
5200,1997,0.0
5200,1998,0.0
5200,1999,0.0
5200,2000,0.0
5200,2001,0.0
5200,2002,0.0
5200,2003,0.0
5200,2004,0.0
5200,2005,0.0
5200,2006,0.0
5200,2007,0.0
5200,2008,0.0
5200,2009,0.0
5200,2010,0.0
5203,1990,0.0
5203,1991,0.0
5203,1992,0.0
5203,1993,0.0
5203,1994,0.0
5203,1995,0.0
5203,1996,0.0
5203,1997,0.0
5203,1998,0.0
5203,1999,0.0
5203,2000,0.0
5203,2001,0.0
5203,2002,0.0
5203,2003,0.0
5203,2004,0.0
5203,2005,0.0
5203,2006,0.0
5203,2007,0.0
5203,2008,0.0
5203,2009,0.0
5203,2010,0.0
5204,1990,0.0
5204,1991,0.0
5204,1992,0.0
5204,1993,0.0
5204,1994,0.0
5204,1995,0.0
5204,1996,0.0
5204,1997,0.0
5204,1998,0.0
5204,1999,0.0
5204,2000,0.0
5204,2001,0.0
5204,2002,0.0
5204,2003,0.0
5204,2004,0.0
5204,2005,0.0
5204,2006,0.0
5204,2007,0.0
5204,2008,0.0
5204,2009,0.0
5204,2010,0.0
5206,1990,0.0
5206,1991,0.0
5206,1992,0.0
5206,1993,0.0
5206,1994,0.0
5206,1995,0.0
5206,1996,0.0
5206,1997,0.0
5206,1998,0.0
5206,1999,0.0
5206,2000,0.0
5206,2001,0.0
5206,2002,0.0
5206,2003,0.0
5206,2004,0.0
5206,2005,0.0
5206,2006,0.0
5206,2007,0.0
5206,2008,0.0
5206,2009,0.0
5206,2010,0.0
5207,1990,0.0
5207,1991,0.0
5207,1992,0.0
5207,1993,0.0
5207,1994,0.0
5207,1995,0.0
5207,1996,0.0
5207,1997,0.0
5207,1998,0.0
5207,1999,0.0
5207,2000,0.0
5207,2001,0.0
5207,2002,0.0
5207,2003,0.0
5207,2004,0.0
5207,2005,0.0
5207,2006,0.0
5207,2007,0.0
5207,2008,0.0
5207,2009,0.0
5207,2010,0.0
5300,1990,0.0
5300,1991,0.0
5300,1992,0.0
5300,1993,0.0
5300,1994,0.0
5300,1995,0.0
5300,1996,0.0
5300,1997,0.0
5300,1998,0.0
5300,1999,0.0
5300,2000,0.0
5300,2001,0.0
5300,2002,0.0
5300,2003,0.0
5300,2004,0.0
5300,2005,0.0
5300,2006,0.0
5300,2007,0.0
5300,2008,0.0
5300,2009,0.0
5300,2010,0.0
5301,1992,0.0
5301,1993,0.0
5301,1994,0.0
5301,1995,0.0
5301,1996,0.0
5301,1997,0.0
5301,1998,0.0
5301,1999,0.0
5301,2000,0.0
5301,2001,0.0
5301,2002,0.0
5301,2003,0.0
5301,2004,0.0
5301,2005,0.0
5301,2006,0.0
5301,2007,0.0
5301,2008,0.0
5301,2009,0.0
5301,2010,0.0
5302,1990,0.0
5302,1991,0.0
5302,1992,0.0
5302,1993,0.0
5302,1994,0.0
5302,1995,0.0
5302,1996,0.0
5302,1997,0.0
5302,1998,0.0
5302,1999,0.0
5302,2000,0.0
5302,2001,0.0
5302,2002,0.0
5302,2003,0.0
5302,2004,0.0
5302,2005,0.0
5302,2006,0.0
5302,2007,0.0
5302,2008,0.0
5302,2009,0.0
5302,2010,0.0
5303,1990,0.0
5303,1991,0.0
5303,1992,0.0
5303,1993,0.0
5303,1994,0.0
5303,1995,0.0
5303,1996,0.0
5303,1997,0.0
5303,1998,0.0
5303,1999,0.0
5303,2000,0.0
5303,2001,0.0
5303,2002,0.0
5303,2003,0.0
5303,2004,0.0
5303,2005,0.0
5303,2006,0.0
5303,2007,0.0
5303,2008,0.0
5303,2009,0.0
5303,2010,0.0
5304,1990,0.0
5304,1991,0.0
5304,1992,0.0
5304,1993,0.0
5304,1994,0.0
5304,1995,0.0
5304,1996,0.0
5304,1997,0.0
5304,1998,0.0
5304,1999,0.0
5304,2000,0.0
5304,2001,0.0
5304,2002,0.0
5304,2003,0.0
5304,2004,0.0
5304,2005,0.0
5304,2006,0.0
5304,2007,0.0
5304,2008,0.0
5304,2009,0.0
5304,2010,0.0
5305,1990,0.0
5305,1991,0.0
5305,1992,0.0
5305,1993,0.0
5305,1994,0.0
5305,1995,0.0
5305,1996,0.0
5305,1997,0.0
5305,1998,0.0
5305,1999,0.0
5305,2000,0.0
5305,2001,0.0
5305,2002,0.0
5305,2003,0.0
5305,2004,0.0
5305,2005,0.0
5305,2006,0.0
5305,2007,0.0
5305,2008,0.0
5305,2009,0.0
5305,2010,0.0
5400,1990,0.0
5400,1991,0.0
5400,1992,0.0
5400,1993,0.0
5400,1994,0.0
5400,1995,0.0
5400,1996,0.0
5400,1997,0.0
5400,1998,0.0
5400,1999,0.0
5400,2000,0.0
5400,2001,0.0
5400,2002,0.0
5400,2003,0.0
5400,2004,0.0
5400,2005,0.0
5400,2006,0.0
5400,2007,0.0
5400,2008,0.0
5400,2009,0.0
5400,2010,0.0
5401,1990,0.0
5401,1991,0.0
5401,1992,0.0
5401,1993,0.0
5401,1994,0.0
5401,1995,0.0
5401,1996,0.0
5401,1997,0.0
5401,1998,0.0
5401,1999,0.0
5401,2000,0.0
5401,2001,0.0
5401,2002,0.0
5401,2003,0.0
5401,2004,0.0
5401,2005,0.0
5401,2006,0.0
5401,2007,0.0
5401,2008,0.0
5401,2009,0.0
5401,2010,0.0
5402,1990,0.0
5402,1991,0.0
5402,1992,0.0
5402,1993,0.0
5402,1994,0.0
5402,1995,0.0
5402,1996,0.0
5402,1997,0.0
5402,1998,0.0
5402,1999,0.0
5402,2000,0.0
5402,2001,0.0
5402,2002,0.0
5402,2003,0.0
5402,2004,0.0
5402,2005,0.0
5402,2006,0.0
5402,2007,0.0
5402,2008,0.0
5402,2009,0.0
5402,2010,0.0
5403,1990,0.0
5403,1991,0.0
5403,1992,0.0
5403,1993,0.0
5403,1994,0.0
5403,1995,0.0
5403,1996,0.0
5403,1997,0.0
5403,1998,0.0
5403,1999,0.0
5403,2000,0.0
5403,2001,0.0
5403,2002,0.0
5403,2003,0.0
5403,2004,0.0
5403,2005,0.0
5403,2006,0.0
5403,2007,0.0
5403,2008,0.0
5403,2009,0.0
5403,2010,0.0
5404,1990,0.0
5404,1991,0.0
5404,1992,0.0
5404,1993,0.0
5404,1994,0.0
5404,1995,0.0
5404,1996,0.0
5404,1997,0.0
5404,1998,0.0
5404,1999,0.0
5404,2000,0.0
5404,2001,0.0
5404,2002,0.0
5404,2003,0.0
5404,2004,0.0
5404,2005,0.0
5404,2006,0.0
5404,2007,0.0
5404,2008,0.0
5404,2009,0.0
5404,2010,0.0
5500,1990,0.0
5500,1991,0.0
5500,1992,0.0
5500,1993,0.0
5500,1994,0.0
5500,1995,0.0
5500,1996,0.0
5500,1997,0.0
5500,1998,0.0
5500,1999,0.0
5500,2000,0.0
5500,2001,0.0
5500,2002,0.0
5500,2003,0.0
5500,2004,0.0
5500,2005,0.0
5500,2006,0.0
5500,2007,0.0
5500,2008,0.0
5500,2009,0.0
5500,2010,0.0
5501,1990,0.0
5501,1991,0.0
5501,1992,0.0
5501,1993,0.0
5501,1994,0.0
5501,1995,0.0
5501,1996,0.0
5501,1997,0.0
5501,1998,0.0
5501,1999,0.0
5501,2000,0.0
5501,2001,0.0
5501,2002,0.0
5501,2003,0.0
5501,2004,0.0
5501,2005,0.0
5501,2006,0.0
5501,2007,0.0
5501,2008,0.0
5501,2009,0.0
5501,2010,0.0
5502,1990,0.0
5502,1991,0.0
5502,1992,0.0
5502,1993,0.0
5502,1994,0.0
5502,1995,0.0
5502,1996,0.0
5502,1997,0.0
5502,1998,0.0
5502,1999,0.0
5502,2000,0.0
5502,2001,0.0
5502,2002,0.0
5502,2003,0.0
5502,2004,0.0
5502,2005,0.0
5502,2006,0.0
5502,2007,0.0
5502,2008,0.0
5502,2009,0.0
5502,2010,0.0
5503,1990,0.0
5503,1991,0.0
5503,1992,0.0
5503,1993,0.0
5503,1994,0.0
5503,1995,0.0
5503,1996,0.0
5503,1997,0.0
5503,1998,0.0
5503,1999,0.0
5503,2000,0.0
5503,2001,0.0
5503,2002,0.0
5503,2003,0.0
5503,2004,0.0
5503,2005,0.0
5503,2006,0.0
5503,2007,0.0
5503,2008,0.0
5503,2009,0.0
5503,2010,0.0
5504,1990,0.0
5504,1991,0.0
5504,1992,0.0
5504,1993,0.0
5504,1994,0.0
5504,1995,0.0
5504,1996,0.0
5504,1997,0.0
5504,1998,0.0
5504,1999,0.0
5504,2000,0.0
5504,2001,0.0
5504,2002,0.0
5504,2003,0.0
5504,2004,0.0
5504,2005,0.0
5504,2006,0.0
5504,2007,0.0
5504,2008,0.0
5504,2009,0.0
5504,2010,0.0
5706,1990,0.0
5706,1991,0.0
5706,1992,0.0
5706,1993,0.0
5706,1994,0.0
5706,1995,0.0
5706,1996,0.0
5706,1997,0.0
5706,1998,0.0
5706,1999,0.0
5706,2000,0.0
5706,2001,0.0
5706,2002,0.0
5706,2003,0.0
5706,2004,0.0
5706,2005,0.0
5706,2006,0.0
5706,2007,0.0
5706,2008,0.0
5706,2009,0.0
5706,2010,0.0
5801,1990,0.0
5801,1991,0.0
5801,1992,0.0
5801,1993,0.0
5801,1994,0.0
5801,1995,0.0
5801,1996,0.0
5801,1997,0.0
5801,1998,0.0
5801,1999,0.0
5801,2000,0.0
5801,2001,0.0
5801,2002,0.0
5801,2003,0.0
5801,2004,0.0
5801,2005,0.0
5801,2006,0.0
5801,2007,0.0
5801,2008,0.0
5801,2009,0.0
5801,2010,0.0
5802,1990,0.0
5802,1991,0.0
5802,1992,0.0
5802,1993,0.0
5802,1994,0.0
5802,1995,0.0
5802,1996,0.0
5802,1997,0.0
5802,1998,0.0
5802,1999,0.0
5802,2000,0.0
5802,2001,0.0
5802,2002,0.0
5802,2003,0.0
5802,2004,0.0
5802,2005,0.0
5802,2006,0.0
5802,2007,0.0
5802,2008,0.0
5802,2009,0.0
5802,2010,0.0
5803,1990,0.0
5803,1991,0.0
5803,1992,0.0
5803,1993,0.0
5803,1994,0.0
5803,1995,0.0
5803,1996,0.0
5803,1997,0.0
5803,1998,0.0
5803,1999,0.0
5803,2000,0.0
5803,2001,0.0
5803,2002,0.0
5803,2003,0.0
5803,2004,0.0
5803,2005,0.0
5803,2006,0.0
5803,2007,0.0
5803,2008,0.0
5803,2009,0.0
5803,2010,0.0
5815,1990,0.0
5815,1991,0.0
5815,1992,0.0
5815,1993,0.0
5815,1994,0.0
5815,1995,0.0
5815,1996,0.0
5815,1997,0.0
5815,1998,0.0
5815,1999,0.0
5815,2000,0.0
5815,2001,0.0
5815,2002,0.0
5815,2003,0.0
5815,2004,0.0
5815,2005,0.0
5815,2006,0.0
5815,2007,0.0
5815,2008,0.0
5815,2009,0.0
5815,2010,0.0
5817,1990,0.0
5817,1991,0.0
5817,1992,0.0
5817,1993,0.0
5817,1994,0.0
5817,1995,0.0
5817,1996,0.0
5817,1997,0.0
5817,1998,0.0
5817,1999,0.0
5817,2000,0.0
5817,2001,0.0
5817,2002,0.0
5817,2003,0.0
5817,2004,0.0
5817,2005,0.0
5817,2006,0.0
5817,2007,0.0
5817,2008,0.0
5817,2009,0.0
5817,2010,0.0
5848,1990,0.0
5848,1991,0.0
5848,1992,0.0
5848,1993,0.0
5848,1994,0.0
5848,1995,0.0
5848,1996,0.0
5848,1997,0.0
5848,1998,0.0
5848,1999,0.0
5848,2000,0.0
5848,2001,0.0
5848,2002,0.0
5848,2003,0.0
5848,2004,0.0
5848,2005,0.0
5848,2006,0.0
5848,2007,0.0
5848,2008,0.0
5848,2009,0.0
5848,2010,0.0
5849,1990,0.0
5849,1991,0.0
5849,1992,0.0
5849,1993,0.0
5849,1994,0.0
5849,1995,0.0
5849,1996,0.0
5849,1997,0.0
5849,1998,0.0
5849,1999,0.0
5849,2000,0.0
5849,2001,0.0
5849,2002,0.0
5849,2003,0.0
5849,2004,0.0
5849,2005,0.0
5849,2006,0.0
5849,2007,0.0
5849,2008,0.0
5849,2009,0.0
5849,2010,0.0
5873,1990,0.0
5873,1991,0.0
5873,1992,0.0
5873,1993,0.0
5873,1994,0.0
5873,1995,0.0
5873,1996,0.0
5873,1997,0.0
5873,1998,0.0
5873,1999,0.0
5873,2000,0.0
5873,2001,0.0
5873,2002,0.0
5873,2003,0.0
5873,2004,0.0
5873,2005,0.0
5873,2006,0.0
5873,2007,0.0
5873,2008,0.0
5873,2009,0.0
5873,2010,0.0
