geo,year,barley_emissions_n2o_crop_residues_eac
5873,2050,24.0107
5207,1998,0.3697
5207,1999,0.3208
5207,2000,0.4041
5207,2001,0.3503
5207,2002,0.3677
5207,2003,0.5095
5207,2004,0.504
5207,2005,0.4457
5207,2006,0.568
5207,2007,0.5887
5207,2008,0.6677
5207,2009,0.5938
5207,2010,0.9022
5207,2011,1.2116
5207,2012,1.4537
5207,2013,1.3215
5207,2014,0.9109
5207,2015,0.9097
5207,2016,1.4909
5207,2017,1.1219
5207,2030,0.9386
5207,2050,1.267
5300,1961,4.867
5300,1962,5.7505
5300,1963,5.1505
5207,1997,0.4411
5300,1964,4.6692
5207,1996,0.3777
5207,1994,0.2643
5207,1969,0.332
5207,1970,0.2894
5207,1971,0.3404
5207,1972,0.4245
5207,1973,0.3694
5207,1974,0.2971
5207,1975,0.3326
5207,1976,0.3817
5207,1977,0.2902
5207,1978,0.3423
5207,1979,0.2779
5207,1980,0.2132
5207,1981,0.199
5207,1982,0.2173
5207,1983,0.1799
5207,1984,0.1983
5207,1985,0.2098
5207,1986,0.2154
5207,1987,0.2642
5207,1988,0.2927
5207,1989,0.3241
5207,1990,0.2681
5207,1991,0.3317
5207,1992,0.3523
5207,1993,0.2901
5207,1995,0.3154
5300,1965,5.0467
5300,1966,4.5133
5300,1967,4.5872
5300,1998,5.9063
5300,1999,5.3172
5300,2000,4.7927
5300,2001,5.1947
5300,2002,5.9275
5300,2003,5.7366
5300,2004,5.608
5300,2005,5.7877
5300,2006,5.9381
5300,2007,5.4846
5300,2008,4.4514
5300,2009,5.2341
5300,2010,5.0776
5300,2011,5.1193
5300,2012,4.8784
5300,2013,5.5018
5300,2014,5.3333
5300,2015,5.6279
5300,2016,5.3527
5300,2017,5.3195
5300,2030,7.3507
5300,2050,8.6431
5301,1992,2.6422
5301,1993,2.4677
5301,1994,1.959
5300,1997,6.192
5300,1996,6.7403
5300,1995,6.7461
5300,1994,7.7863
5300,1968,4.7664
5300,1969,4.468
5300,1970,4.2712
5300,1971,4.2571
5300,1972,4.3223
5300,1973,3.8533
5300,1974,4.0606
5300,1975,4.6605
5300,1976,4.8668
5300,1977,4.036
5300,1978,4.3836
5300,1979,4.5148
5207,1968,0.3534
5300,1980,4.3156
5300,1982,4.7932
5300,1983,4.6209
5300,1984,4.6445
5300,1985,4.7255
5300,1986,4.9431
5300,1987,4.7753
5300,1988,5.8046
5300,1989,4.5123
5300,1990,5.6425
5300,1991,5.468
5300,1992,8.3965
5300,1993,8.5487
5300,1981,4.9462
5207,1967,0.3511
5207,1966,0.3046
5207,1965,0.2938
5203,1999,4.5284
5203,2000,4.8074
5203,2001,3.9387
5203,2002,3.062
5203,2003,4.3867
5203,2004,4.3846
5203,2005,3.8495
5203,2006,3.2217
5203,2007,3.7294
5203,2008,4.0003
5203,2009,3.3943
5203,2010,2.7166
5203,2011,2.6486
5203,2012,3.0396
5203,2013,3.4728
5203,2014,2.5923
5203,2015,3.0198
5203,2016,3.0468
5203,2017,2.5577
5203,2030,4.4064
5203,2050,4.6453
5204,1961,0.0601
5204,1962,0.0512
5204,1963,0.0624
5204,1964,0.0572
5203,1998,4.8586
5203,1997,5.1241
5203,1996,5.7244
5203,1995,4.9872
5203,1969,4.3566
5203,1970,4.5019
5203,1971,5.7586
5203,1972,5.1246
5203,1973,4.8931
5203,1974,3.9645
5203,1975,4.4658
5203,1976,4.6687
5203,1977,5.2279
5203,1978,4.9896
5203,1979,4.1493
5203,1980,4.7363
5204,1965,0.0633
5203,1981,5.8707
5203,1983,5.2165
5203,1984,5.7204
5203,1985,6.149
5203,1986,6.7006
5203,1987,6.1213
5203,1988,4.139
5203,1989,5.0564
5203,1990,5.4208
5203,1991,5.2403
5203,1992,4.9869
5203,1993,5.1455
5203,1994,4.7704
5203,1982,6.0732
5301,1995,1.0772
5204,1966,0.0703
5204,1968,0.0782
5204,1999,0.117
5204,2000,0.1765
5204,2001,0.1884
5204,2002,0.1802
5204,2003,0.2599
5204,2004,0.2246
5204,2005,0.1876
5204,2006,0.2108
5204,2007,0.1636
5204,2008,0.1923
5204,2009,0.1312
5204,2010,0.1655
5204,2011,0.1226
5204,2012,0.2453
5204,2013,0.1527
5204,2014,0.2058
5204,2015,0.1832
5204,2016,0.2346
5204,2017,0.2433
5204,2030,0.2395
5204,2050,0.3032
5207,1961,0.4162
5207,1962,0.2958
5207,1963,0.4729
5207,1964,0.4109
5204,1998,0.1124
5204,1997,0.1221
5204,1996,0.1497
5204,1995,0.1256
5204,1969,0.0692
5204,1970,0.0722
5204,1971,0.0786
5204,1972,0.0863
5204,1973,0.1078
5204,1974,0.0695
5204,1975,0.1202
5204,1976,0.1506
5204,1977,0.1116
5204,1978,0.1346
5204,1979,0.1016
5204,1980,0.142
5204,1967,0.0667
5204,1981,0.1412
5204,1983,0.1459
5204,1984,0.1564
5204,1985,0.1393
5204,1986,0.1329
5204,1987,0.1565
5204,1988,0.1019
5204,1989,0.1168
5204,1990,0.1284
5204,1991,0.1486
5204,1992,0.1431
5204,1993,0.1353
5204,1994,0.0752
5204,1982,0.1108
5301,1996,1.0206
5301,1997,0.9219
5301,1998,0.492
5304,1994,0.0029
5304,1995,0.0043
5304,1996,0.0056
5304,1997,0.0037
5304,1998,0.0041
5304,1999,0.0045
5304,2000,0.003
5304,2001,0.0034
5304,2002,0.0035
5304,2003,0.0057
5304,2004,0.006
5304,2005,0.007
5304,2006,0.0073
5304,2007,0.0064
5304,2008,0.0063
5304,2009,0.0064
5304,2010,0.0065
5304,2011,0.0066
5304,2012,0.0067
5304,2013,0.0068
5304,2014,0.0069
5304,2015,0.007
5304,2016,0.007
5304,2017,0.0071
5304,2030,0.0079
5304,1993,0.0019
5304,1992,0.0007
5304,1991,0.0005
5304,1990,0.0003
5303,1999,1.0726
5303,2000,0.9187
5303,2001,1.0957
5303,2002,1.3045
5303,2003,1.2338
5303,2004,1.2364
5303,2005,1.2028
5303,2006,1.221
5303,2007,1.2862
5303,2008,0.8669
5303,2009,1.2303
5303,2010,1.3262
5304,2050,0.0085
5303,2011,1.2141
5303,2013,1.3434
5303,2014,1.4029
5303,2015,1.3866
5303,2016,1.4167
5303,2017,1.2829
5303,2030,1.8026
5303,2050,2.2693
5304,1985,0.0001
5304,1986,0.0001
5304,1987,0.0001
5304,1988,0
5304,1989,0.0002
5303,2012,1.2993
5303,1998,1.4377
5305,1961,1.4286
5305,1963,1.7765
351,1991,1.0316
351,1990,0.7993
351,1989,0.7339
351,1988,0.716
351,1987,0.6762
351,1986,0.6306
351,1985,0.6589
351,1984,0.8004
351,1983,0.7392
351,1982,0.7737
351,1981,0.7596
351,1980,0.6819
351,1979,0.8876
351,1978,0.8553
351,1977,0.7729
351,1976,0.7698
351,1975,0.7924
351,1974,0.8262
351,1973,0.8763
351,1972,0.7759
351,1971,0.806
351,1970,0.7953
351,1969,0.7308
351,1968,0.727
351,1967,0.8326
351,1992,1.0672
351,1993,1.0056
351,1994,1.0876
351,1995,1.0818
5305,1964,1.4953
5305,1965,1.5796
351,2050,1.2168
351,2030,1.0281
351,2017,0.4368
351,2016,0.3024
351,2015,0.4286
351,2014,0.4195
351,2013,0.396
351,2012,0.3837
351,2011,0.3883
351,2010,0.4639
5305,1962,1.6936
351,2009,0.5395
351,2007,0.6502
351,2006,0.7268
351,2005,0.791
351,2004,0.7408
351,2003,0.7598
351,2002,0.7748
351,2001,0.672
351,2000,0.6531
351,1999,0.8131
351,1998,0.8379
351,1997,1.054
351,1996,1.0433
351,2008,0.6602
5203,1968,4.1375
5303,1997,1.181
5303,1995,1.2717
5302,1970,1.5018
5302,1971,1.468
5302,1972,1.4232
5302,1973,1.4617
5302,1974,1.4015
5302,1975,1.4591
5302,1976,1.4503
5302,1977,1.1631
5302,1978,1.4278
5302,1979,1.5169
5302,1980,1.0879
5302,1981,1.1763
5302,1982,1.1731
5302,1983,1.1622
5302,1984,1.2237
5302,1985,1.0089
5302,1986,0.938
5302,1987,0.9964
5302,1988,1.0574
5302,1989,1.0575
5302,1990,1.0803
5302,1991,1.2339
5302,1992,1.2547
5302,1993,1.1885
5302,1994,1.2512
5302,1969,1.5136
5302,1968,1.5656
5302,1967,1.6434
5302,1966,1.7071
5301,1999,0.7377
5301,2000,0.5913
5301,2001,0.7259
5301,2002,0.757
5301,2003,0.7636
5301,2004,0.5824
5301,2005,0.5876
5301,2006,0.6879
5301,2007,0.7985
5301,2008,0.7437
5301,2009,0.8603
5301,2010,0.5522
5302,1995,1.2454
5301,2011,0.8139
5301,2013,0.8695
5301,2014,0.8278
5301,2015,0.9404
5301,2016,1.0716
5301,2017,1.0795
5301,2030,0.9371
5301,2050,1.0847
5302,1961,2.0691
5302,1962,2.6211
5302,1963,2.1248
5302,1964,2.0445
5302,1965,2.1704
5301,2012,0.6067
5303,1996,1.2684
5302,1996,1.2072
5302,1998,0.9439
5303,1970,1.392
5303,1971,1.3315
5303,1972,1.3103
5303,1973,1.2322
5303,1974,1.2534
5303,1975,1.575
5303,1976,1.5638
5303,1977,1.2514
5303,1978,1.21
5303,1979,1.194
5303,1980,1.1125
5303,1981,1.4747
5303,1982,1.3232
5303,1983,1.3208
5303,1984,1.3536
5303,1985,1.2722
5303,1986,1.3955
5303,1987,1.3854
5303,1988,1.5121
5303,1989,1.4513
5303,1990,1.5324
5303,1991,1.4209
5303,1992,1.4184
5303,1993,1.3758
5303,1994,1.2903
5303,1969,1.3475
5303,1968,1.6417
5303,1967,1.3027
5303,1966,1.3062
5302,1999,0.9325
5302,2000,0.7526
5302,2001,0.8037
5302,2002,0.8965
5302,2003,0.8641
5302,2004,0.8472
5302,2005,0.8988
5302,2006,0.8253
5302,2007,0.7555
5302,2008,0.7675
5302,2009,0.6342
5302,2010,0.5445
5302,1997,1.1818
5302,2011,0.4635
5302,2013,0.4642
5302,2014,0.4875
5302,2015,0.4945
5302,2016,0.3694
5302,2017,0.5021
5302,2030,1.1478
5302,2050,1.3458
5303,1961,1.3694
5303,1962,1.4359
5303,1963,1.2491
5303,1964,1.1294
5303,1965,1.2967
5302,2012,0.4488
5203,1967,3.5265
5203,1966,3.8385
5203,1965,3.3706
5101,1991,0.2638
5101,1992,0.2548
5101,1993,0.2481
5101,1994,0.3066
5101,1995,0.346
5101,1996,0.3665
5101,1997,0.3224
5101,1998,0.3323
5101,1999,0.3342
5101,2000,0.2884
5101,2001,0.356
5101,2002,0.3643
5101,2003,0.3661
5101,2004,0.4445
5101,2005,0.4547
5101,2006,0.4456
5101,2007,0.4065
5101,2008,0.4113
5101,2009,0.5219
5101,2010,0.5104
5101,2011,0.4723
5101,2012,0.5235
5101,2013,0.5464
5101,2014,0.5558
5101,2015,0.566
5101,1990,0.3321
5101,1989,0.3288
5101,1988,0.3858
5101,1987,0.3113
5101,1961,0.2557
5101,1962,0.2593
5101,1963,0.2659
5101,1964,0.2685
5101,1965,0.2721
5101,1966,0.2767
5101,1967,0.2669
5101,1968,0.2614
5101,1969,0.2663
5101,1970,0.2716
5101,1971,0.2763
5101,1972,0.2754
5101,2016,0.5664
5101,1973,0.2637
5101,1975,0.2229
5101,1976,0.183
5101,1977,0.2781
5101,1978,0.2429
5101,1979,0.3082
5101,1980,0.3333
5101,1981,0.3299
5101,1982,0.3024
5101,1983,0.3508
5101,1984,0.2553
5101,1985,0.2701
5101,1986,0.2968
5101,1974,0.2629
5100,2050,3.0053
5101,2017,0.5708
5101,2050,1.0975
5102,1991,0.0001
5102,1992,0.0001
5102,1993,0.0001
5102,1994,0.0002
5102,1995,0.0001
5102,1996,0.0002
5102,1997,0.0002
5102,1998,0.0002
5102,1999,0.0002
5102,2000,0.0002
5102,2001,0.0002
5102,2002,0.0002
5102,2003,0.0002
5102,2004,0.0002
5102,2005,0.0002
5102,2006,0.0002
5102,2007,0.0002
5102,2008,0.0002
5102,2009,0.0003
5102,2010,0.0003
5102,2011,0.0003
5102,2012,0.0003
5102,2013,0.0003
5102,2014,0.0003
5102,2015,0.0004
5102,1990,0.0001
5102,1989,0.0001
5102,1988,0.0001
5102,1987,0.0001
5102,1961,0.0002
5102,1962,0.0002
5102,1963,0.0002
5102,1964,0.0001
5102,1965,0.0001
5102,1966,0.0002
5102,1967,0.0002
5102,1968,0.0007
5102,1969,0.0009
5102,1970,0.0007
5102,1971,0.0007
5102,1972,0.0007
5101,2030,0.7815
5102,1973,0.0005
5102,1975,0.0001
5102,1976,0.0001
5102,1977,0.0001
5102,1978,0.0001
5102,1979,0.0001
5102,1980,0.0001
5102,1981,0.0001
5102,1982,0.0001
5102,1983,0.0001
5102,1984,0.0001
5102,1985,0.0001
5102,1986,0.0001
5102,1974,0.0002
5102,2016,0.0004
5100,2030,2.3071
5100,2016,1.3636
5000,1990,44.1356
5000,1991,42.6454
5000,1992,41.5322
5000,1993,42.4325
5000,1994,40.4902
5000,1995,35.9053
5000,1996,38.5735
5000,1997,38.1835
5000,1998,34.0327
5000,1999,31.7629
5000,2000,32.918
5000,2001,34.595
5000,2002,34.6105
5000,2003,33.9436
5000,2004,37.9598
5000,2005,33.7812
5000,2006,35.4714
5000,2007,32.5688
5000,2008,37.218
5000,2009,36.5288
5000,2010,30.1796
5000,2011,32.2149
5000,2012,32.2566
5000,2013,34.5474
5000,2014,34.8717
5000,1989,41.2888
5000,1988,41.3202
5000,1987,44.0235
5000,1986,44.5253
5873,2030,23.2752
5000,1961,20.5321
5000,1962,24.1587
5000,1963,25.1249
5000,1964,25.9968
5000,1965,25.2191
5000,1966,26.9089
5000,1967,27.4831
5000,1968,29.8505
5000,1969,31.0771
5000,1970,31.3473
5000,1971,33.9311
5000,2015,35.2404
5000,1972,34.8407
5000,1974,38.4241
5000,1975,36.0799
5000,1976,42.5622
5000,1977,40.5778
5000,1978,44.1979
5000,1979,40.4717
5000,1980,40.2683
5000,1981,39.1448
5000,1982,41.1541
5000,1983,40.928
5000,1984,42.8776
5000,1985,43.6002
5000,1973,38.0084
5100,2017,1.8726
5000,2016,34.7957
5000,2030,40.5851
5100,1990,1.6207
5100,1991,2.0499
5100,1992,1.4932
5100,1993,1.1039
5100,1994,1.5998
5100,1995,1.0526
5100,1997,1.0227
5100,1998,1.4477
5100,1999,1.2309
5100,2000,0.8656
5100,2001,1.1528
5100,2002,1.1786
5100,2003,1.719
5100,2004,1.8606
5100,2005,1.4762
5100,2006,1.791
5100,2007,1.4157
5100,2008,1.2513
5100,2009,2.4707
5100,2010,1.8428
5100,2011,1.8502
5100,2012,1.7537
5100,2013,1.9593
5100,2014,1.6861
5100,2015,2.0344
5100,1989,1.7031
5100,1988,1.6465
5100,1987,1.48
5100,1986,1.8379
5000,2050,43.7128
5100,1961,0.8201
5100,1962,1.1111
5100,1963,1.299
5100,1964,1.0419
5100,1965,1.0736
5100,1966,0.8511
5100,1967,1.0812
5100,1968,1.5023
5100,1969,1.223
5100,1970,1.2091
5100,1971,1.2797
5000,2017,35.0569
5100,1972,1.381
5100,1974,1.2922
5100,1975,1.2124
5100,1976,1.4518
5100,1977,1.0639
5100,1978,1.361
5100,1979,1.343
5100,1980,1.4638
5100,1981,1.1815
5100,1982,1.3843
5100,1983,1.2696
5100,1984,1.2098
5100,1985,1.8203
5100,1973,1.0842
351,1966,0.8535
5102,2017,0.0004
5102,2050,0.0006
5105,1991,0.0001
5105,1992,0.0001
5105,1993,0.0001
5105,1994,0.0001
5105,1995,0.0001
5105,1996,0.0001
5105,1997,0.0001
5105,1998,0.0001
5105,1999,0.0002
5105,2000,0.0002
5105,2001,0.0003
5105,2002,0.0002
5105,2003,0.0003
5105,2010,0.0003
5105,2011,0.0003
5105,2012,0.0003
5105,2013,0.0003
5105,2014,0.0003
5105,2015,0.0003
5105,2016,0.0003
5105,2017,0.0003
5200,1961,3.5043
5200,1962,3.733
5200,1963,4.0086
5200,1964,3.6067
5105,1990,0.0001
5105,1989,0.0001
5105,1988,0.0001
5105,1987,0.0001
5105,1961,0.0001
5105,1962,0.0001
5105,1963,0.0001
5105,1964,0.0001
5105,1965,0.0001
5105,1966,0.0001
5105,1967,0.0001
5105,1968,0.0001
5105,1969,0.0001
5105,1970,0.0001
5105,1971,0.0001
5105,1972,0.0001
5200,1965,3.7277
5105,1973,0.0001
5105,1975,0.0001
5105,1976,0.0001
5105,1977,0.0001
5105,1978,0.0001
5105,1979,0.0001
5105,1980,0.0001
5105,1981,0.0001
5105,1982,0.0001
5105,1983,0.0001
5105,1984,0.0001
5105,1985,0.0001
5105,1986,0.0001
5105,1974,0.0001
5104,2050,0.1334
5200,1966,4.2135
5200,1968,4.5691
5200,1999,4.9662
5200,2000,5.3881
5200,2001,4.4774
5200,2002,3.61
5200,2003,5.1561
5200,2004,5.1132
5200,2005,4.4829
5200,2006,4.0005
5200,2007,4.4817
5200,2008,4.8603
5200,2009,4.1192
5200,2010,3.7843
5200,2011,3.9828
5200,2012,4.7386
5200,2013,4.9469
5200,2014,3.709
5200,2015,4.1127
5200,2016,4.7723
5200,2017,3.9229
5200,2030,5.5845
5200,2050,6.2155
5203,1961,3.028
5203,1962,3.386
5203,1963,3.4733
5203,1964,3.1386
5200,1998,5.3407
5200,1997,5.6872
5200,1996,6.2518
5200,1995,5.4282
5200,1969,4.7578
5200,1970,4.8634
5200,1971,6.1776
5200,1972,5.6354
5200,1973,5.3703
5200,1974,4.3311
5200,1975,4.9185
5200,1976,5.201
5200,1977,5.6296
5200,1978,5.4664
5200,1979,4.5289
5200,1980,5.0915
5200,1967,3.9443
5200,1981,6.211
5200,1983,5.5423
5200,1984,6.0752
5200,1985,6.4981
5200,1986,7.0489
5200,1987,6.542
5200,1988,4.5337
5200,1989,5.4973
5200,1990,5.8173
5200,1991,5.7206
5200,1992,5.4823
5200,1993,5.5709
5200,1994,5.1099
5200,1982,6.4013
5102,2030,0.0004
5104,2030,0.0978
5104,2016,0.0821
5103,1991,1.7367
5103,1992,1.1689
5103,1993,0.7955
5103,1994,1.2239
5103,1995,0.6317
5103,1996,1.8277
5103,1997,0.6487
5103,1998,1.0591
5103,1999,0.8669
5103,2000,0.5394
5103,2001,0.7597
5103,2002,0.7686
5103,2003,1.2943
5103,2004,1.3691
5103,2005,0.9656
5103,2006,1.2873
5103,2007,0.9556
5103,2008,0.7932
5103,2009,1.896
5103,2010,1.2831
5103,2011,1.3048
5103,2012,1.1594
5103,2013,1.3487
5103,2014,1.0586
5103,2015,1.3898
5103,1990,1.2232
5103,1989,1.3093
5103,1988,1.2261
5103,1987,1.1005
5103,1961,0.5496
5103,1962,0.8352
5103,1963,1.017
5103,1964,0.7566
5103,1965,0.7861
5103,1966,0.5592
5103,1967,0.7949
5103,1968,1.2253
5103,1969,0.9453
5103,1970,0.9251
5103,1971,0.9911
5103,1972,1.0926
5103,2016,0.7143
5103,1973,0.8068
5103,1975,0.9672
5103,1976,1.2442
5103,1977,0.7543
5103,1978,1.0798
5103,1979,0.9943
5103,1980,1.1107
5103,1981,0.8223
5103,1982,1.0523
5103,1983,0.8785
5103,1984,0.9096
5103,1985,1.4868
5103,1986,1.4904
5103,1974,1.0089
5104,2017,0.0726
5103,2017,1.2285
5103,2050,1.7739
5104,1991,0.0492
5104,1992,0.0693
5104,1993,0.0601
5104,1994,0.069
5104,1995,0.0747
5104,1996,0.0496
5104,1997,0.0513
5104,1998,0.0559
5104,1999,0.0294
5104,2000,0.0374
5104,2001,0.0367
5104,2002,0.0453
5104,2003,0.0581
5104,2004,0.0467
5104,2005,0.0557
5104,2006,0.0579
5104,2007,0.0535
5104,2008,0.0467
5104,2009,0.0524
5104,2010,0.0487
5104,2011,0.0725
5104,2012,0.0701
5104,2013,0.0635
5104,2014,0.0709
5104,2015,0.078
5104,1990,0.0651
5104,1989,0.0647
5104,1988,0.0344
5104,1987,0.068
5104,1961,0.0145
5104,1962,0.0163
5104,1963,0.0158
5104,1964,0.0166
5104,1965,0.0152
5104,1966,0.0149
5104,1967,0.0192
5104,1968,0.0147
5104,1969,0.0105
5104,1970,0.0116
5104,1971,0.0116
5104,1972,0.0123
5103,2030,1.4274
5104,1973,0.0131
5104,1975,0.0221
5104,1976,0.0244
5104,1977,0.0313
5104,1978,0.0381
5104,1979,0.0403
5104,1980,0.0196
5104,1981,0.0291
5104,1982,0.0294
5104,1983,0.04
5104,1984,0.0447
5104,1985,0.0632
5104,1986,0.0505
5104,1974,0.0201
351,1965,1.3224
5100,1996,2.2441
351,1963,1.3591
5802,1993,3.0593
5802,1994,2.5626
5802,1995,1.7167
5802,1996,1.6297
5802,1997,1.4914
5802,1998,1.0388
5802,1999,1.2719
5802,2000,1.0515
5802,2001,1.2934
5802,2002,1.4085
5802,2003,1.3679
5802,2004,1.3567
5802,2005,1.3525
5802,2006,1.4309
5802,2007,1.535
5802,2008,1.5739
5802,2009,1.802
5802,2010,1.4111
5802,2011,1.6395
5802,2012,1.5291
5802,2013,1.8717
5802,2014,1.8287
5802,2015,1.9793
5802,2016,2.0838
5802,2017,1.9665
5802,1992,3.015
5802,2030,2.1579
5802,1991,0.1195
5802,1989,0.1413
5802,1964,0.1504
5802,1965,0.1501
5802,1966,0.1492
5802,1967,0.1416
5802,1968,0.1408
5802,1969,0.1419
5802,1970,0.1441
5802,1971,0.1459
5802,1972,0.1475
5802,1973,0.1572
5802,1974,0.1628
5802,1975,0.1733
5802,1976,0.1772
5802,1977,0.1484
5802,1978,0.152
5802,1979,0.1522
5802,1980,0.1468
5802,1981,0.1421
5802,1982,0.1429
5802,1983,0.1285
5802,1984,0.1353
5802,1985,0.1503
5802,1986,0.1524
5802,1987,0.142
5802,1988,0.141
5802,1990,0.1329
5802,2050,2.7513
5815,1961,1.5352
5815,1962,1.7126
5815,1993,1.5697
5815,1994,1.5058
5815,1995,1.5501
5815,1996,1.5162
5815,1997,1.2931
5815,1998,1.3036
5815,1999,1.1573
5815,2000,0.974
5815,2001,1.0543
5815,2002,1.2873
5815,2003,1.3034
5815,2004,1.256
5815,2005,1.2946
5815,2006,1.371
5815,2007,1.2933
5815,2008,1.1659
5815,2009,1.5724
5815,2010,1.4422
5815,2011,1.3969
5815,2012,1.4764
5815,2013,1.6072
5815,2014,1.5403
5815,2015,1.5091
5815,2016,1.4723
5815,2017,1.4711
5815,1992,1.5728
5815,1991,1.2464
5815,1990,1.3324
5815,1989,1.2907
5815,1963,1.5496
5815,1964,1.4073
5815,1965,1.4972
5815,1966,1.325
5815,1967,1.4292
5815,1968,1.6982
5815,1969,1.4391
5815,1970,1.4802
5815,1971,1.4275
5815,1972,1.4551
5815,1973,1.3145
5815,1974,1.4213
5802,1963,0.1498
5815,1975,1.5789
5815,1977,1.327
5815,1978,1.3498
5815,1979,1.3011
5815,1980,1.4661
5815,1981,1.5744
5815,1982,1.3427
5815,1983,1.3986
5815,1984,1.1079
5815,1985,1.1511
5815,1986,1.3656
5815,1987,1.1965
5815,1988,1.7355
5815,1976,1.6535
5802,1962,0.1503
5802,1961,0.1475
5801,2050,1.3388
5706,1994,13.1928
5706,1995,13.0076
5706,1996,14.6199
5706,1997,15.12
5706,1998,14.5765
5706,1999,13.5887
5706,2000,13.8282
5706,2001,13.657
5706,2002,13.5767
5706,2003,12.892
5706,2004,14.629
5706,2005,12.692
5706,2006,12.9445
5706,2007,13.3383
5706,2008,14.9427
5706,2009,14.2008
5706,2010,12.136
5706,2011,11.8602
5706,2012,12.5536
5706,2013,13.5276
5706,2014,13.6845
5706,2015,13.9846
5706,2016,13.5107
5706,2017,12.9393
5706,2030,13.6405
5706,1993,13.9153
5706,1992,13.3095
5706,1991,15.3769
5706,1990,15.0736
5706,1964,8.0403
5706,1965,8.5159
5706,1966,8.9311
5706,1967,10.1567
5706,1968,10.2278
5706,1969,10.7218
5706,1970,10.0386
5706,1971,11.5441
5706,1972,12.1644
5706,1973,12.4852
5706,1974,13.3666
5706,1975,13.1145
5706,2050,13.38
5706,1976,12.4816
5706,1978,15.5278
5706,1979,14.8627
5706,1980,15.8081
5706,1981,14.4477
5706,1982,15.2738
5706,1983,14.0534
5706,1984,16.9316
5706,1985,16.057
5706,1986,15.1853
5706,1987,14.9579
5706,1988,15.862
5706,1989,15.3469
5706,1977,14.378
5815,2030,2.1053
5801,1961,0.4218
5801,1963,0.4321
5801,1994,0.3942
5801,1995,0.43
5801,1996,0.4508
5801,1997,0.4009
5801,1998,0.416
5801,1999,0.4092
5801,2000,0.3227
5801,2001,0.3767
5801,2002,0.4575
5801,2003,0.4443
5801,2004,0.5385
5801,2005,0.5483
5801,2006,0.5336
5801,2007,0.5078
5801,2008,0.5014
5801,2009,0.6457
5801,2010,0.6182
5801,2011,0.5503
5801,2012,0.6515
5801,2013,0.6784
5801,2014,0.692
5801,2015,0.6735
5801,2016,0.642
5801,2017,0.5853
5801,2030,0.9342
5801,1993,0.3401
5801,1992,0.3415
5801,1991,0.3362
5801,1990,0.4121
5801,1964,0.4322
5801,1965,0.4366
5801,1966,0.44
5801,1967,0.4251
5801,1968,0.4186
5801,1969,0.4247
5801,1970,0.4295
5801,1971,0.4315
5801,1972,0.4257
5801,1973,0.4055
5801,1974,0.4022
5801,1975,0.3556
5801,1962,0.4268
5801,1976,0.3155
5801,1978,0.352
5801,1979,0.4039
5801,1980,0.4376
5801,1981,0.4291
5801,1982,0.3916
5801,1983,0.4397
5801,1984,0.3493
5801,1985,0.3605
5801,1986,0.3843
5801,1987,0.398
5801,1988,0.4712
5801,1989,0.4123
5801,1977,0.38
5815,2050,2.8333
5817,1961,0.9134
5817,1962,1.0636
5849,1993,8.2806
5849,1994,8.0369
5849,1995,6.4553
5849,1996,7.5512
5849,1997,5.8569
5849,1998,5.7493
5849,1999,5.125
5849,2000,4.3112
5849,2001,5.099
5849,2002,5.681
5849,2003,6.2278
5849,2004,6.1172
5849,2005,5.6843
5849,2006,6.2786
5849,2007,5.8879
5849,2008,5.2304
5849,2009,6.7636
5849,2010,6.2965
5849,2011,6.5592
5849,2012,6.6695
5849,2013,7.1648
5849,2014,6.6946
5849,2015,6.9388
5849,2016,6.946
5849,2017,6.9714
5849,1992,8.7168
5849,1991,6.1345
5849,1990,5.8794
5849,1989,5.4418
5849,1963,5.511
5849,1964,5.0694
5849,1965,5.3629
5849,1966,4.5823
5849,1967,4.9122
5849,1968,5.5522
5849,1969,4.9531
5849,1970,4.8613
5849,1971,4.8092
5849,1972,5.2186
5849,1973,4.681
5849,1974,4.8808
5849,2030,8.6141
5849,1975,5.2502
5849,1977,4.3596
5849,1978,5.0395
5849,1979,4.9264
5849,1980,4.8555
5849,1981,5.0252
5849,1982,4.9268
5849,1983,4.8664
5849,1984,4.6134
5849,1985,5.2794
5849,1986,5.4297
5849,1987,4.9414
5849,1988,5.9822
5849,1976,5.6746
5849,1962,5.8922
5849,2050,10.7705
5873,1962,12.6375
5873,1994,19.9599
5873,1995,20.9302
5873,1996,23.9379
5873,1997,23.5637
5873,1998,22.922
5873,1999,21.2148
5873,2000,22.2719
5873,2001,20.9724
5873,2002,20.5112
5873,2003,20.5474
5873,2004,23.5077
5873,2005,20.7733
5873,2006,20.8779
5873,2007,20.1657
5873,2008,22.1965
5873,2009,21.2711
5873,2010,18.4953
5873,2011,18.1147
5873,2012,19.3488
5873,2013,20.5371
5873,2014,19.7895
5873,2015,20.8561
5873,2016,20.2902
5873,2017,20.2762
351,1964,1.2653
5873,1993,22.3004
5873,1992,21.0354
5873,1991,23.3475
5873,1990,23.1726
5873,1963,13.4314
5873,1964,13.1374
5873,1965,13.8315
5873,1966,14.8847
5873,1967,15.6826
5873,1968,16.6306
5873,1970,16.7141
5873,1971,19.7567
5873,1972,19.3018
5873,1973,19.2999
5873,1974,19.2416
5873,1975,19.989
5873,1961,11.4932
5873,1976,19.5586
5873,1978,22.8948
5873,1979,21.4805
5873,1980,22.5961
5873,1981,22.6457
5873,1982,23.3324
5873,1983,22.0234
5873,1984,25.8249
5873,1985,25.3516
5873,1986,24.5142
5873,1987,23.6428
5873,1988,22.3861
5873,1989,22.256
5873,1977,21.5575
5706,1963,7.8188
5849,1961,4.9341
5848,2030,31.9653
5817,1993,1.0732
5817,1994,1.6196
5817,1995,0.9555
5817,1996,1.8815
5817,1997,1.0778
5817,1998,1.323
5817,1999,1.1951
5817,2000,0.8761
5817,2001,1.0446
5817,2002,1.191
5817,2003,1.4717
5817,2004,1.6257
5817,2005,1.2928
5817,2006,1.5512
5817,2007,1.1739
5817,2008,1.2221
5817,2009,2.0206
5817,2010,1.5508
5817,2011,1.5722
5817,2012,1.4459
5817,2013,1.6956
5817,2014,1.5485
5817,2015,1.8371
5817,2016,1.1207
5817,2017,1.5771
5817,1992,1.1346
5817,1991,1.6085
5817,1990,1.4067
5817,1989,1.5278
5817,1963,1.2828
5817,1964,1.1543
5817,1965,1.1646
5817,1966,0.9813
5817,1967,1.143
5817,1968,1.5015
5817,1969,1.2431
5817,1970,1.2195
5817,1971,1.3538
5817,1972,1.3607
5817,1973,1.0969
5817,1974,1.3406
5817,2030,2.0628
5817,1975,1.1349
5817,1977,1.1033
5817,1978,1.3213
5817,1979,1.3023
5817,1980,1.3611
5817,1981,1.1403
5817,1982,1.3587
5817,1983,1.2205
5817,1984,1.1304
5817,1985,1.5253
5817,1986,1.6165
5817,1987,1.2929
5817,1988,1.6277
5817,1976,1.3876
5848,2050,32.9362
5817,2050,2.7328
5848,1962,18.2665
5848,1993,34.1511
5848,1994,32.4483
5848,1995,29.4425
5848,1996,31.0157
5848,1997,32.3215
5848,1998,28.278
5848,1999,26.6356
5848,2000,28.6023
5848,2001,29.4915
5848,2002,28.9232
5848,2003,27.7096
5848,2004,31.8379
5848,2005,28.0905
5848,2006,29.1881
5848,2007,26.676
5848,2008,31.9837
5848,2009,29.7612
5848,2010,23.8801
5848,2011,25.6533
5848,2012,25.5842
5848,2013,27.3776
5848,2014,28.1721
5848,2015,28.2952
5848,2016,27.844
5848,2017,28.0808
5848,1992,32.8146
5848,1991,36.5101
5848,1990,38.2554
5848,1989,35.8463
5848,1963,19.6139
5848,1964,20.9274
5848,1965,19.8561
5848,1966,22.3266
5848,1967,22.571
5848,1968,24.298
5848,1969,26.1237
5848,1970,26.4857
5848,1971,29.1216
5848,1972,29.6218
5848,1973,33.3271
5848,1974,33.543
5848,1961,15.598
5848,1975,30.8293
5848,1977,36.2177
5848,1978,39.1579
5848,1979,35.5448
5848,1980,35.4122
5848,1981,34.1191
5848,1982,36.2268
5848,1983,36.061
5848,1984,38.2635
5848,1985,38.3202
5848,1986,39.0949
5848,1987,39.0814
5848,1988,35.3373
5848,1976,36.8872
5706,1962,7.2372
5873,1969,17.2767
5501,2050,3.3983
5401,1994,14.1623
5401,1995,10.3044
5401,1996,8.7478
5401,1997,10.693
5401,1998,7.1284
5401,1999,7.1339
5401,2000,7.7203
5401,2001,10.2737
5401,2002,10.0562
5401,2003,8.7679
5401,2004,10.287
5401,2005,9.1463
5401,2006,10.0014
5401,2007,8.245
5401,2008,11.742
5401,2009,10.2756
5401,2010,6.9311
5401,2011,9.0669
5401,2012,7.994
5401,2013,8.2622
5401,2014,10.0431
5401,2015,9.066
5401,2016,9.4044
5401,2017,9.6573
5401,2030,10.5936
5401,1993,13.6345
5401,1992,12.8991
5401,1991,14.7595
5401,1990,16.6398
5401,1964,8.8645
5401,1965,7.2186
5401,1966,8.6645
5401,1967,8.0878
5401,1968,8.9284
5401,1969,10.1716
5401,1970,11.0612
5401,1971,10.733
5401,1972,11.8192
5401,1973,15.6065
5401,1974,15.9956
5401,1975,12.5964
5401,2050,10.8815
5401,1976,19.1117
5401,1978,17.9013
5401,1979,15.7412
5401,1980,14.2847
5401,1981,12.9714
5401,1982,14.3487
5401,1983,15.4834
5401,1984,13.9748
5401,1985,14.5002
5401,1986,16.1075
5401,1987,16.956
5401,1988,14.3975
5401,1989,15.0846
5401,1977,16.0753
5401,1963,7.1498
5402,1961,2.4011
5402,1963,3.027
5402,1994,3.7644
5402,1995,3.9878
5402,1996,4.4125
5402,1997,4.427
5402,1998,3.8212
5402,1999,3.8471
5402,2000,3.9629
5402,2001,3.9258
5402,2002,3.8134
5402,2003,3.7583
5402,2004,3.6785
5402,2005,3.7033
5402,2006,3.3473
5402,2007,3.4055
5402,2008,3.8199
5402,2009,3.8656
5402,2010,3.0925
5402,2011,3.3652
5402,2012,3.6223
5402,2013,4.1411
5402,2014,4.0392
5402,2015,4.1161
5402,2016,3.8244
5402,2017,3.9075
5402,2030,3.6721
5402,1993,3.8062
5402,1992,3.8186
5402,1991,4.1065
5402,1990,4.2129
5402,1964,3.3256
5402,1965,3.5913
5402,1966,3.7668
5402,1967,3.985
5402,1968,4.0309
5402,1969,4.1316
5402,1970,3.9073
5402,1971,4.3482
5402,1972,4.4902
5402,1973,4.3479
5402,1974,4.6461
5402,1975,4.2894
5402,1962,2.6592
5402,1976,4.0632
5402,1978,5.1373
5402,1979,5.2063
5402,1980,5.1737
5402,1981,5.1055
5402,1982,5.3859
5402,1983,4.6823
5402,1984,5.4149
5402,1985,4.8568
5402,1986,4.8137
5402,1987,4.271
5402,1988,4.5024
5402,1989,4.1987
5402,1977,5.1134
5402,2050,3.6078
5401,1962,6.708
5400,2050,22.4505
5305,1994,3.283
5305,1995,3.1475
5305,1996,3.2385
5305,1997,2.9036
5305,1998,3.0286
5305,1999,2.57
5305,2000,2.5272
5305,2001,2.566
5305,2002,2.966
5305,2003,2.8694
5305,2004,2.9361
5305,2005,3.0916
5305,2006,3.1965
5305,2007,2.6379
5305,2008,2.0671
5305,2009,2.5029
5305,2010,2.6482
5305,2011,2.6212
5305,2012,2.5169
5305,2013,2.818
5305,2014,2.6084
5305,2015,2.7995
5305,2016,2.4879
5305,2017,2.4478
5305,2030,3.4554
5305,1993,3.5149
5305,1992,3.0806
5305,1991,2.8127
5305,1990,3.0295
351,1962,1.7601
5706,1961,6.4465
351,1961,1.1292
5305,1966,1.5
5305,1967,1.6411
5305,1968,1.5591
5305,1969,1.6069
5305,1970,1.3773
5305,1971,1.4575
5305,1972,1.5889
5305,1973,1.1595
5305,1974,1.4057
5305,2050,3.9348
5305,1975,1.6264
5305,1977,1.6215
5305,1978,1.7459
5305,1979,1.804
5305,1980,2.1152
5305,1981,2.2952
5305,1982,2.2969
5305,1983,2.1378
5305,1984,2.0672
5305,1985,2.4443
5305,1986,2.6095
5305,1987,2.3934
5305,1988,3.2351
5305,1976,1.8527
5401,1961,5.1971
5400,1961,11.0282
5400,1963,14.3569
5400,1994,25.0501
5400,1995,21.094
5400,1996,21.5322
5400,1997,23.4948
5400,1998,19.7058
5400,1999,18.8779
5400,2000,20.0632
5400,2001,21.9471
5400,2002,21.7146
5400,2003,20.053
5400,2004,22.7347
5400,2005,19.8974
5400,2006,21.2796
5400,2007,19.7988
5400,2008,24.5857
5400,2009,22.4462
5400,2010,17.3344
5400,2011,19.1601
5400,2012,18.7186
5400,2013,20.1379
5400,2014,21.7787
5400,2015,21.1737
5400,2016,20.958
5400,2017,20.609
5400,2030,22.3726
5400,1993,25.3984
5400,1992,24.6752
5400,1991,28.1156
5400,1990,29.8594
5400,1964,16.3319
5400,1965,15.054
5400,1966,16.9124
5400,1967,17.5574
5400,1968,18.4838
5400,1969,20.067
5400,1970,20.2712
5400,1971,21.2621
5400,1972,22.8452
5400,1973,26.9455
5400,1974,27.9758
5400,1975,24.3292
5400,1962,13.2745
5400,1976,30.1494
5400,1978,31.815
5400,1979,29.0051
5400,1980,28.5377
5400,1981,25.7561
5400,1982,27.8391
5400,1983,28.0898
5400,1984,29.3132
5400,1985,29.087
5400,1986,29.6031
5400,1987,30.1889
5400,1988,28.3615
5400,1989,28.4312
5400,1977,29.0028
5403,1961,0.8371
5305,1989,2.0033
5403,1963,0.8876
5500,1994,0.9441
5500,1995,1.5843
5500,1996,1.8051
5500,1997,1.7868
5500,1998,1.6321
5500,1999,1.3707
5500,2000,1.8085
5500,2001,1.8231
5500,2002,2.1799
5500,2003,1.279
5500,2004,2.6433
5500,2005,2.1371
5500,2006,2.4622
5500,2007,1.388
5500,2008,2.0693
5500,2009,2.2586
5500,2010,2.1405
5500,2011,2.1026
5500,2012,2.1673
5500,2013,2.0014
5500,2014,2.3647
5500,2015,2.2916
5500,2016,2.3492
5500,2017,3.3329
5500,2030,2.9702
5500,1993,1.8106
5500,1992,1.4849
5500,1991,1.2912
5500,1990,1.1957
5500,1964,0.3472
5500,1965,0.3171
5500,1966,0.4186
5500,1967,0.3131
5500,1968,0.5289
5500,1969,0.5614
5500,1970,0.7324
5500,1971,0.9546
5500,1972,0.6568
5500,1973,0.7552
5500,1974,0.7645
5500,1975,0.9593
5500,2050,3.3983
5500,1976,0.8932
5500,1978,1.1718
5500,1979,1.0799
5500,1980,0.8596
5500,1981,1.05
5500,1982,0.7362
5500,1983,1.4054
5500,1984,1.6348
5500,1985,1.4693
5500,1986,1.0924
5500,1987,1.0373
5500,1988,0.974
5500,1989,1.1449
5500,1977,0.8454
5500,1963,0.31
5501,1961,0.3125
5501,1963,0.31
5501,1994,0.9441
5501,1995,1.5843
5501,1996,1.8051
5501,1997,1.7868
5501,1998,1.6321
5501,1999,1.3707
5501,2000,1.8085
5501,2001,1.8231
5501,2002,2.1799
5501,2003,1.279
5501,2005,2.1371
5501,2006,2.4622
5501,2007,1.388
5501,2008,2.0693
5501,2009,2.2586
5501,2010,2.1405
5501,2011,2.1026
5501,2012,2.1673
5501,2013,2.0014
5501,2014,2.3647
5501,2015,2.2916
5501,2016,2.3492
5501,2030,2.9702
5403,1962,0.9073
5501,2017,3.3329
5501,1993,1.8106
5501,1992,1.4849
5501,1991,1.2912
5501,1990,1.1957
5501,1964,0.3472
5501,1965,0.3171
5501,1966,0.4186
5501,1967,0.3131
5501,1968,0.5289
5501,1969,0.5614
5501,1970,0.7324
5501,1971,0.9546
5501,1972,0.6568
5501,1973,0.7552
5501,1974,0.7645
5501,1975,0.9593
5501,1962,0.2895
5501,1976,0.8932
5501,1978,1.1718
5501,1979,1.0799
5501,1980,0.8596
5501,1981,1.05
5501,1982,0.7362
5501,1983,1.4054
5501,1984,1.6348
5501,1985,1.4693
5501,1986,1.0924
5501,1987,1.0373
5501,1988,0.974
5501,1989,1.1449
5501,1977,0.8454
5500,1962,0.2895
5501,2004,2.6433
5404,2050,5.3249
5403,1994,2.5132
5403,1995,2.0114
5403,1996,3.1222
5403,1997,2.6725
5403,1998,3.1924
5403,1999,2.3914
5403,2000,3.137
5403,2001,2.1249
5403,2002,2.5824
5403,2003,2.5471
5403,2004,3.0575
5403,2005,1.7985
5403,2006,2.5631
5403,2007,3.3294
5403,2008,3.2825
5403,2009,2.357
5403,2010,2.448
5403,2011,2.4605
5403,2012,1.9858
5403,2013,2.837
5403,2014,2.2155
5403,2015,2.1912
5403,2016,2.7013
5403,2017,1.9774
5403,2030,2.6811
5403,1993,2.9972
5403,1992,2.3517
5403,1991,3.0965
5403,1990,3.0475
5403,1965,0.9119
5500,1961,0.3125
5403,1966,0.9785
5403,1967,1.1485
5403,1964,0.8501
5403,1968,1.2691
5403,1969,1.3653
5403,1970,1.275
5403,1971,1.6764
5403,1972,1.6299
5403,1974,2.0257
5403,1975,2.3167
5403,2050,2.6364
5403,1976,2.0774
5403,1978,2.6032
5403,1979,2.2404
5403,1980,2.8343
5403,1981,1.964
5403,1982,2.1071
5403,1983,2.3921
5403,1984,3.4336
5403,1985,3.3688
5403,1986,2.7137
5403,1987,3.1641
5403,1988,3.6036
5403,1989,3.1116
5403,1977,2.2602
5404,1961,2.5929
5403,1973,1.7175
5404,1963,3.2925
5404,1993,4.9604
5404,1994,4.6102
5404,1995,4.7904
5404,1996,5.2497
5404,1997,5.7022
5404,1998,5.5637
5404,1999,5.5055
5404,2000,5.243
5404,2001,5.6227
5404,2002,5.2625
5404,2003,4.9797
5404,2004,5.7117
5404,1992,5.6059
5404,2005,5.2492
5404,2007,4.819
5404,2008,5.7413
5404,2009,5.9481
5404,2010,4.8628
5404,2012,5.1165
5404,2013,4.8976
5404,2030,5.4258
5404,2014,5.4809
5404,1962,3.0001
5404,2015,5.8003
5404,2016,5.0279
5404,2017,5.0667
5404,2006,5.3677
5404,1991,6.1531
5404,2011,4.2674
5404,1989,6.0363
5404,1966,3.5025
5404,1968,4.2554
5404,1990,5.9593
5404,1969,4.3985
5404,1965,3.3322
5404,1970,4.0278
5404,1971,4.5045
5404,1972,4.906
5404,1973,5.2737
5404,1974,5.3084
5404,1975,5.1266
5404,1976,4.8971
5404,1977,5.5539
5404,1967,4.336
5404,1978,6.1731
5404,1987,5.7977
5404,1986,5.9683
5404,1985,6.3611
5404,1988,5.858
5404,1983,5.532
5404,1984,6.4899
5404,1964,3.2917
5404,1981,5.7152
5404,1980,6.2451
5404,1979,5.8173
5404,1982,5.9975
199,1996,0.1704
199,1997,0.203
199,2002,0.1625
199,1998,0.2049
199,1999,0.1737
199,2016,0.1315
199,2000,0.102
199,2001,0.1449
199,2003,0.1926
199,2008,0.2045
199,2005,0.1725
199,2006,0.1505
199,2007,0.1568
199,2015,0.1513
199,2009,0.1586
199,2010,0.0878
199,2011,0.1215
199,1995,0.1868
199,2013,0.1039
199,2014,0.1527
199,2004,0.2105
199,2012,0.1117
186,1998,0.0896
199,1993,0.1941
272,2011,0.0652
272,2012,0.0654
272,2013,0.0835
272,2014,0.0756
199,2017,0.124
272,2010,0.0588
272,2015,0.0841
272,2016,0.0904
272,2017,0.0713
272,2030,0.0726
272,2050,0.0744
199,1994,0.2036
186,1992,0.0632
186,1994,0.0712
186,1995,0.0754
186,1996,0.0702
186,1997,0.0839
186,1999,0.0736
186,2000,0.0633
186,2001,0.101
186,2002,0.0863
186,2003,0.0518
186,2004,0.0952
186,2005,0.0746
186,1993,0.0587
199,2030,0.1678
198,2015,0.0211
198,1992,0.0063
202,1962,0.0153
202,1963,0.0149
202,1964,0.0158
202,1965,0.0145
202,1966,0.0143
202,1967,0.0186
202,1968,0.0143
202,1969,0.0102
202,1970,0.0114
202,1971,0.0114
202,1961,0.0135
202,1972,0.0121
202,1974,0.0199
202,1975,0.0219
202,1976,0.0242
202,1977,0.0311
202,1978,0.0379
272,2009,0.0718
202,1979,0.0401
202,1982,0.0292
202,1980,0.0194
202,1981,0.0289
202,1973,0.013
198,2050,0.0152
198,2030,0.0155
198,2017,0.0221
198,1993,0.0063
198,1994,0.0104
198,1995,0.0103
198,1996,0.0096
198,1997,0.0091
198,1998,0.01
198,1999,0.0096
198,2000,0.0089
198,2001,0.0104
198,2002,0.0111
198,2003,0.0096
198,2004,0.0138
198,2005,0.0141
198,2006,0.0144
198,2007,0.0158
198,2008,0.0177
198,2009,0.0166
198,2010,0.0183
198,2011,0.0181
198,2012,0.0192
198,2013,0.016
198,2014,0.0203
198,2016,0.0207
199,2050,0.1646
272,2008,0.08
194,1966,0.0033
272,2006,0.0661
185,2012,3.6544
185,2013,3.9869
185,2014,5.1239
185,2015,4.4508
185,2016,4.5316
185,2017,5.0338
185,2030,5.2103
185,2050,5.3585
184,1961,0.0001
184,1962,0.0001
185,2011,4.2695
184,1963,0.0001
184,1965,0.0003
184,1966,0.0003
184,1967,0.0006
184,1968,0.0001
184,1969,0.0001
194,1961,0.0027
194,1962,0.0028
194,1963,0.0029
194,1964,0.003
194,1965,0.0031
184,1964,0.0003
185,2010,2.2257
185,2009,4.4654
185,2008,5.7203
183,2014,0.4037
183,2015,0.3815
183,2016,0.4218
202,1983,0.0398
183,2017,0.4374
183,2030,0.2086
183,2050,0.2044
185,1992,7.0459
185,1993,7.1129
185,1994,7.2536
185,1995,4.7737
185,1996,4.4905
185,1997,5.4854
185,1998,2.7395
185,1999,2.9419
185,2000,3.7581
185,2001,5.0013
185,2002,4.8158
185,2003,4.6333
185,2004,4.4973
185,2005,4.1211
185,2006,4.6938
185,2007,4.0595
194,1967,0.0077
272,2007,0.0628
194,1968,0.0046
194,1970,0.0048
194,1998,0.0559
194,1999,0.0436
194,2000,0.0269
194,2001,0.0518
194,2002,0.0308
194,2003,0.0306
194,2004,0.0148
194,2005,0.0105
194,2006,0.0069
194,2007,0.0062
194,1997,0.0706
194,2008,0.0054
194,2010,0.0036
194,2011,0.0034
194,2012,0.003
194,2013,0.0025
194,2014,0.1325
194,2015,0.1489
194,2016,0.1427
194,2017,0.1403
194,2030,0.0107
194,2050,0.0107
194,2009,0.0045
194,1996,0.1121
194,1995,0.1774
194,1994,0.4439
194,1971,0.0028
194,1972,0.0035
194,1973,0.0029
194,1974,0.0042
194,1975,0.0042
194,1976,0.0035
194,1977,0.0036
194,1978,0.0039
194,1979,0.0036
194,1980,0.0016
194,1981,0.0021
194,1982,0.0012
194,1983,0.0005
194,1984,0.0005
194,1985,0.0011
194,1986,0.028
194,1987,0.0355
194,1988,0.063
194,1989,0.074
194,1990,0.0819
194,1991,0.0895
194,1992,0.0917
194,1993,0.3125
194,1969,0.0048
202,1984,0.0445
210,1974,0.5439
202,1986,0.0502
210,1996,0.481
210,1997,0.477
210,1998,0.3914
210,1999,0.4291
210,2000,0.3733
210,2001,0.3734
210,2002,0.4028
210,2003,0.351
210,2004,0.3874
210,2005,0.3652
210,1995,0.4139
210,2006,0.2592
210,2008,0.3835
210,2009,0.3814
210,2010,0.2844
210,2011,0.3218
210,2012,0.3864
210,2013,0.4371
210,2014,0.3562
210,2015,0.3751
210,2016,0.3461
210,2017,0.3666
210,2007,0.3277
210,1994,0.3865
210,1993,0.383
210,1992,0.3031
210,1968,0.4215
210,1969,0.3842
210,1970,0.453
210,1971,0.478
210,1972,0.4391
210,1973,0.4178
210,1975,0.4524
210,1976,0.4313
210,1977,0.4645
210,1978,0.5682
210,1979,0.5532
210,1980,0.5119
210,1981,0.5725
210,1982,0.5526
210,1983,0.479
210,1984,0.6285
210,1985,0.5422
210,1986,0.5425
210,1987,0.4469
210,1988,0.4406
210,1989,0.4321
210,1990,0.4828
210,1991,0.4446
210,2030,0.3323
210,1967,0.3753
210,2050,0.3259
211,1962,0.0292
211,1990,0.0764
211,1991,0.0767
211,1992,0.0773
211,1993,0.0815
211,1994,0.0639
211,1995,0.0659
211,1996,0.0713
211,1997,0.0673
211,1998,0.0725
211,1999,0.0564
211,1989,0.0791
211,2000,0.0608
211,2002,0.0546
211,2003,0.0487
211,2004,0.0565
211,2005,0.0512
211,2006,0.0509
211,2007,0.0467
211,2008,0.0444
183,2013,0.3671
211,2009,0.0437
211,2010,0.0386
211,2001,0.0547
211,1988,0.067
211,1987,0.0547
211,1986,0.0528
211,1963,0.0228
211,1964,0.0246
211,1965,0.0226
211,1966,0.0252
211,1967,0.0271
211,1968,0.026
211,1969,0.0309
211,1970,0.0333
211,1971,0.0384
211,1972,0.036
211,1973,0.0399
211,1974,0.0476
211,1975,0.0399
211,1976,0.0419
211,1977,0.0398
211,1978,0.0487
211,1979,0.0504
211,1980,0.0481
211,1981,0.0513
211,1982,0.0532
211,1983,0.0546
211,1984,0.0692
211,1985,0.0603
211,1961,0.0219
202,1985,0.0629
210,1966,0.3474
210,1964,0.327
202,2014,0.0706
202,2015,0.0777
202,2016,0.0819
202,2017,0.0723
202,2030,0.0976
202,2050,0.1332
203,1961,0.5089
203,1962,0.5942
203,1963,0.5754
203,1964,0.539
202,2013,0.0632
203,1965,0.5311
203,1967,0.6841
203,1968,0.9054
203,1969,1.0142
203,1970,0.8681
203,1971,1.227
203,1972,1.1555
203,1973,1.1913
203,1974,1.4225
203,1975,1.7178
203,1976,1.4591
203,1966,0.5507
202,2012,0.0698
202,2011,0.0722
202,2010,0.0483
202,1987,0.0677
202,1988,0.0342
202,1989,0.0645
202,1990,0.0651
202,1991,0.0489
202,1992,0.0691
202,1993,0.0598
202,1994,0.0688
202,1995,0.0744
202,1996,0.0493
202,1997,0.0511
202,1998,0.0557
202,1999,0.0293
202,2000,0.0373
202,2001,0.0365
202,2002,0.0451
202,2003,0.0579
202,2004,0.0465
202,2005,0.0554
202,2006,0.0577
202,2007,0.0532
202,2008,0.0464
202,2009,0.052
203,1977,1.7346
210,1965,0.3424
203,1978,2.0186
203,1980,2.1545
203,2008,2.6647
203,2009,1.8088
203,2010,1.9695
203,2011,1.9771
203,2012,1.5
203,2013,2.3368
203,2014,1.7204
203,2015,1.6432
203,2016,2.1442
203,2017,1.4554
203,2007,2.7798
203,2030,2.1013
206,1961,0
206,1962,0.0001
206,1963,0.0005
206,1964,0
206,1965,0
206,1966,0
206,1967,0
210,1961,0.228
210,1962,0.2253
210,1963,0.2834
203,2050,2.0601
203,2006,1.9986
203,2005,1.2773
203,2004,2.508
203,1981,1.3412
203,1982,1.4571
203,1983,1.7541
203,1984,2.6274
203,1985,2.6323
203,1986,1.9749
203,1987,2.4725
203,1988,2.9137
203,1989,2.3728
203,1990,2.3753
203,1991,2.3566
203,1992,1.6801
203,1993,2.3543
203,1994,1.8874
203,1995,1.4053
203,1996,2.5611
203,1997,2.1341
203,1998,2.5977
203,1999,1.8457
203,2000,2.6049
203,2001,1.5915
203,2002,2.0347
203,2003,2.1106
203,1979,1.6432
183,2012,0.2461
174,1973,0.0201
183,2010,0.3215
173,1976,0.8663
173,1977,0.8238
173,1978,0.8692
173,1979,0.9168
173,1980,0.8377
173,1981,0.8593
173,1982,0.8752
173,1983,0.7819
173,1984,0.8372
173,1985,0.9654
173,1975,0.8838
173,1986,1.0418
173,1988,0.9087
173,1989,0.9221
173,1990,0.9851
173,1991,0.9998
173,1992,0.7019
173,1993,0.7878
173,1994,0.6573
173,1995,0.78
173,1996,0.8209
173,1997,0.9205
173,1987,1.0208
173,1974,0.9279
173,1973,0.7592
173,1972,0.6688
170,2008,0.0535
170,2009,0.0601
170,2010,0.0604
170,2011,0.0567
170,2012,0.0597
170,2013,0.0621
170,2014,0.0621
170,2015,0.0618
170,2016,0.0561
170,2017,0.0555
170,2030,0.0793
170,2050,0.0973
173,1961,0.3451
173,1962,0.3384
173,1963,0.3809
173,1964,0.3356
173,1965,0.3677
173,1966,0.357
173,1967,0.3526
173,1968,0.368
173,1969,0.4777
173,1970,0.5362
173,1971,0.5952
173,1998,0.8575
170,2007,0.0513
173,1999,0.8113
173,2001,0.7931
174,1970,0.0222
174,1971,0.0271
174,1972,0.0222
174,1974,0.0251
174,1975,0.0283
174,1976,0.039
174,1977,0.0152
174,1978,0.018
174,1979,0.016
174,1980,0.0194
174,1969,0.0237
174,1981,0.0161
174,1983,0.0198
174,1984,0.0274
174,1985,0.0224
174,1986,0.0261
174,1987,0.0237
174,1988,0.017
174,1989,0.0245
174,1990,0.0231
174,1991,0.0322
174,1992,0.0199
174,1982,0.0186
174,1968,0.0335
174,1967,0.0264
174,1966,0.0219
173,2002,0.799
173,2003,0.6854
173,2004,0.8361
173,2005,0.8487
173,2006,0.7742
173,2007,0.9484
173,2008,0.8664
173,2009,0.9356
173,2010,0.7961
173,2011,0.7865
173,2012,0.976
173,2013,0.6855
173,2014,0.754
173,2015,0.6931
173,2016,0.7992
173,2017,0.8752
173,2030,0.898
173,2050,0.8805
174,1961,0.024
174,1962,0.0289
174,1963,0.0258
174,1964,0.0209
174,1965,0.0279
173,2000,0.6839
174,1993,0.0266
170,2006,0.0549
170,2004,0.0513
165,2014,0.021
165,2015,0.02
165,2016,0.0194
165,2017,0.0183
165,2030,0.0492
165,2050,0.0623
299,1994,0.0042
299,1995,0.0067
299,1996,0.0057
299,1997,0.0042
165,2013,0.0214
299,1998,0.0045
299,2000,0.0038
299,2001,0.0037
299,2002,0.0056
299,2003,0.0056
299,2004,0.0041
299,2005,0.0057
299,2006,0.004
299,2007,0.0042
299,2008,0.0031
299,2009,0.0032
299,1999,0.0013
165,2012,0.021
165,2011,0.0227
165,2010,0.0234
165,1988,0.0381
211,2011,0.0404
165,1989,0.0417
165,1990,0.0431
165,1991,0.0455
165,1992,0.0443
165,1993,0.0491
165,1994,0.0456
165,1995,0.0509
165,1996,0.0537
165,1997,0.0467
165,1998,0.0527
165,1999,0.0425
165,2000,0.037
165,2001,0.0321
165,2002,0.032
165,2003,0.0317
165,2004,0.0306
165,2005,0.0286
165,2006,0.0273
165,2007,0.0288
165,2008,0.0274
165,2009,0.0257
299,2010,0.0022
170,2005,0.0553
299,2011,0.0016
299,2013,0.0043
170,1982,0.0346
170,1983,0.0291
170,1984,0.0324
170,1985,0.0377
170,1986,0.0351
170,1987,0.0342
170,1988,0.0393
170,1989,0.0383
170,1990,0.0225
170,1991,0.0359
170,1981,0.0358
170,1992,0.0227
170,1994,0.0384
170,1995,0.0389
170,1996,0.0448
170,1997,0.0418
170,1998,0.0493
170,1999,0.0497
170,2000,0.0543
170,2001,0.0525
170,2002,0.0567
170,2003,0.0555
170,1993,0.0336
170,1980,0.0316
170,1979,0.0429
170,1978,0.0424
299,2014,0.0043
299,2015,0.0057
299,2016,0.0049
299,2017,0.004
299,2030,0.0048
299,2050,0.0048
170,1961,0.0652
170,1962,0.061
170,1963,0.0604
170,1964,0.0563
170,1965,0.0551
170,1966,0.0503
170,1967,0.0547
170,1968,0.0481
170,1969,0.0526
170,1970,0.0543
170,1971,0.0517
170,1972,0.0523
170,1973,0.0499
170,1974,0.0487
170,1975,0.0475
170,1976,0.0477
170,1977,0.0477
299,2012,0.0022
183,2011,0.3157
174,1994,0.0253
174,1996,0.0191
146,1994,0.0819
146,1995,0.0832
146,1996,0.0402
146,1997,0.0726
146,1998,0.0554
146,1999,0.0487
146,2000,0.0383
146,2001,0.0575
146,2002,0.0569
146,2003,0.0198
146,1993,0.1129
146,2004,0.068
146,2006,0.0523
146,2007,0.0363
146,2008,0.0858
146,2009,0.0695
146,2010,0.056
146,2011,0.0505
146,2012,0.0337
146,2013,0.0555
146,2014,0.0552
146,2015,0.0454
146,2005,0.0558
146,1992,0.0957
117,2050,0.051
117,2030,0.0463
117,1995,0.0668
117,1996,0.0685
117,1997,0.0455
117,1998,0.0463
117,1999,0.0559
117,2000,0.04
117,2001,0.0645
117,2002,0.0516
117,2003,0.0388
117,2004,0.0424
117,2005,0.0455
117,2006,0.0362
117,2007,0.0402
117,2008,0.0404
117,2009,0.0355
117,2010,0.0206
117,2011,0.0185
117,2012,0.0139
117,2013,0.0151
117,2014,0.0212
117,2015,0.0191
117,2016,0.019
117,2017,0.0146
146,2016,0.0609
117,1994,0.0562
146,2017,0.0594
146,2050,0.0774
183,1988,0.7345
183,1989,0.7827
183,1990,0.6262
183,1991,0.7099
183,1992,0.4089
183,1993,0.3843
183,1994,0.5185
183,1995,0.4322
183,1996,0.2805
183,1997,0.4512
183,1987,0.5607
183,1998,0.3066
183,2000,0.2196
183,2001,0.3781
183,2002,0.2949
183,2003,0.1439
183,2004,0.3306
183,2005,0.2701
183,2006,0.1923
183,2007,0.1442
183,2008,0.2878
183,2009,0.2957
183,1999,0.2514
183,1986,0.5251
183,1985,0.4318
183,1984,0.5707
183,1961,0.1255
183,1962,0.112
183,1963,0.0954
183,1964,0.0918
183,1965,0.1237
183,1966,0.1245
183,1967,0.1355
183,1968,0.1512
183,1969,0.1434
183,1970,0.1353
183,1971,0.1959
183,1972,0.2057
183,1973,0.1822
183,1974,0.2296
183,1975,0.241
183,1976,0.2945
183,1977,0.4423
183,1978,0.5472
183,1979,0.4988
183,1980,0.565
183,1981,0.6217
183,1982,0.7227
183,1983,0.5258
146,2030,0.0665
174,1995,0.0162
117,1993,0.0775
117,1991,0.0827
179,1975,0.0001
179,1976,0.0001
179,1977,0.0001
179,1978,0.0001
179,1979,0.0001
179,1980,0.0001
179,1981,0.0001
179,1982,0.0003
179,1983,0.0002
179,1984,0.0002
179,1974,0
179,1985,0.0003
179,1987,0.0007
179,1988,0.0007
179,1989,0.0007
179,1990,0.0006
179,1991,0.0008
179,1992,0.0008
179,1993,0.0012
179,1994,0.0008
179,1995,0.0009
179,1996,0.001
179,1986,0.0004
179,1973,0
179,1972,0
179,1971,0
174,1997,0.0093
174,1998,0.0081
174,1999,0.0086
174,2000,0.0097
174,2001,0.0038
174,2002,0.0053
174,2003,0.0039
174,2004,0.007
174,2005,0.009
174,2006,0.0262
174,2007,0.0208
174,2008,0.0249
174,2009,0.0192
174,2010,0.0084
174,2011,0.006
174,2012,0.0063
174,2013,0.0087
174,2014,0.0096
174,2015,0.0113
174,2016,0.0117
174,2017,0.0122
174,2030,0.0187
174,2050,0.0184
179,1997,0.0011
117,1992,0.0752
179,1998,0.0011
179,2000,0.001
117,1969,0.5527
117,1970,0.5283
117,1971,0.4996
117,1972,0.5286
117,1973,0.4795
117,1974,0.4677
117,1975,0.5571
117,1976,0.5739
117,1977,0.2851
117,1978,0.4356
117,1968,0.5597
117,1979,0.4696
117,1981,0.2737
117,1982,0.2497
117,1983,0.2711
117,1984,0.2664
117,1985,0.1869
117,1986,0.1484
117,1987,0.1681
117,1988,0.1799
117,1989,0.1651
117,1990,0.1348
117,1980,0.2595
117,1967,0.5224
117,1966,0.5438
117,1965,0.5011
179,2001,0.0009
179,2002,0.0009
179,2003,0.0012
179,2004,0.0007
179,2005,0.0012
179,2006,0.0012
179,2007,0.0007
179,2008,0.0004
179,2009,0.0002
179,2010,0.0002
179,2011,0.0001
179,2012,0.0001
179,2013,0.0001
179,2014,0.0002
179,2015,0.0002
179,2016,0.0002
179,2017,0.0002
179,2030,0.0014
179,2050,0.0014
117,1961,0.4079
117,1962,0.3866
117,1963,0.2871
117,1964,0.4276
179,1999,0.0011
211,2012,0.0406
231,2000,1.6349
211,2014,0.0439
228,1973,13.4316
228,1974,13.4617
228,1975,10.1552
228,1976,16.6723
228,1977,13.538
228,1978,15.1122
228,1979,12.9466
228,1980,11.5144
228,1981,10.1516
228,1982,11.3672
228,1972,9.7799
228,1983,12.9363
228,1985,11.8637
228,1986,13.2642
228,1987,14.1237
228,1988,11.4001
228,1989,11.9131
228,1990,13.4866
228,1991,11.4894
235,1992,0.1101
235,1993,0.0943
235,1994,0.0965
228,1984,11.1622
228,1971,8.7767
228,1970,9.4159
228,1969,8.5038
234,2005,0.0577
234,2006,0.1017
234,2007,0.0779
234,2008,0.0973
234,2009,0.1096
234,2010,0.0446
234,2011,0.0778
234,2012,0.0573
234,2013,0.0514
234,2014,0.0601
234,2015,0.0822
234,2016,0.1585
234,2017,0.0938
234,2030,0.1917
234,2050,0.3063
228,1961,3.9177
228,1962,5.3797
228,1963,5.8774
228,1964,7.6566
228,1965,5.8942
228,1966,7.2817
228,1967,6.6485
228,1968,7.4697
235,1995,0.0973
234,2004,0.0974
235,1996,0.0623
235,1998,0.0242
205,1974,0.0004
205,1975,0.0004
205,1976,0.0004
205,1977,0.0004
205,1978,0.0005
205,1979,0.0005
205,1980,0.0005
205,1981,0.0006
205,1982,0.0006
205,1983,0.0006
205,1973,0.0004
205,1984,0.0006
205,1986,0.0007
205,1987,0.0007
205,1988,0.0007
205,1989,0.0007
205,1990,0.0008
205,1991,0.0008
205,1992,0.0008
205,1993,0.0008
205,1994,0.0008
205,1995,0.0008
205,1985,0.0006
205,1972,0.0003
205,1971,0.0003
205,1970,0.0003
235,1999,0.0306
235,2000,0.025
235,2001,0.0372
235,2002,0.0617
235,2003,0.0454
235,2004,0.0308
235,2005,0.0307
235,2006,0.0209
235,2007,0.0255
235,2008,0.0397
235,2009,0.0651
235,2010,0.0464
235,2011,0.0395
235,2012,0.0379
235,2013,0.0373
235,2014,0.0382
235,2015,0.0408
235,2016,0.0652
235,2017,0.0379
235,2030,0.0357
235,2050,0.0417
205,1968,0.0003
205,1969,0.0003
235,1997,0.0423
205,1996,0.0008
234,2003,0.0785
234,2001,0.0376
231,1984,3.1375
231,1985,3.1187
231,1986,3.2165
231,1987,2.7435
231,1988,1.6151
231,1989,2.1517
231,1990,2.1984
231,1991,2.4235
231,1992,2.3343
231,1993,2.0579
231,1983,2.675
231,1994,1.9512
231,1996,2.031
231,1997,1.8646
231,1998,1.8129
231,1999,1.4045
231,2001,1.2865
231,2002,1.1848
231,2003,1.439
231,2004,1.4154
231,2005,1.0816
231,2006,0.927
231,1995,1.8658
231,1982,2.6785
231,1981,2.4909
231,1980,1.9154
215,2016,0.004
215,2017,0.0035
215,2030,0.0072
215,2050,0.0101
231,1961,2.2914
231,1962,2.4231
231,1963,2.2262
231,1964,2.1553
231,1965,2.1389
231,1966,2.1809
231,1967,2.0558
231,1968,2.3102
231,1969,2.3066
231,1970,2.2645
231,1971,2.4873
231,1972,2.2866
231,1973,2.2952
231,1974,1.6662
231,1975,2.0534
231,1976,2.0629
231,1977,2.317
231,1978,2.4165
231,1979,2.0249
231,2007,1.0836
234,2002,0.0552
231,2008,1.2241
231,2010,0.9066
234,1979,0.0193
234,1980,0.0152
234,1981,0.024
234,1982,0.0119
234,1983,0.0218
234,1984,0.0303
234,1985,0.0231
234,1986,0.0181
234,1987,0.0318
234,1988,0.0503
234,1978,0.0177
234,1989,0.0509
234,1991,0.0371
234,1992,0.076
234,1993,0.0357
234,1994,0.044
234,1995,0.081
234,1996,0.085
234,1997,0.0531
234,1998,0.0477
234,1999,0.0285
234,2000,0.053
234,1990,0.0347
234,1977,0.0123
234,1976,0.0137
234,1975,0.0115
231,2011,0.7839
231,2012,1.1134
231,2013,1.0934
231,2014,0.9137
231,2015,1.0855
231,2016,0.9952
231,2017,0.7144
231,2030,1.371
231,2050,1.5112
234,1961,0.0105
234,1962,0.0114
234,1963,0.0087
234,1964,0.0123
234,1965,0.0061
234,1966,0.0101
234,1967,0.0059
234,1968,0.014
234,1969,0.0109
234,1970,0.0137
234,1971,0.012
234,1972,0.0092
234,1973,0.0101
234,1974,0.008
231,2009,1.1404
215,2015,0.0036
205,1997,0.0009
205,1999,0.0009
251,2005,0.0008
251,2006,0.0008
251,2007,0.0008
251,2008,0.0011
251,2009,0.0014
251,2010,0.0017
251,2011,0.002
251,2012,0.0025
251,2013,0.0031
251,2014,0.0037
251,2004,0.0008
251,2015,0.0028
251,2017,0.0033
251,2030,0.0013
251,2050,0.0018
181,1961,0.0003
181,1962,0.0004
181,1963,0.0004
181,1964,0.0003
181,1965,0.0003
181,1966,0.0003
181,1967,0.0004
251,2016,0.0031
251,2003,0.0008
251,2002,0.0007
251,2001,0.0007
248,1988,0.1491
248,1989,0.1688
248,1990,0.1671
248,1991,0.1758
251,1982,0.0005
251,1983,0.0006
251,1984,0.0006
251,1985,0.0007
251,1986,0.0007
251,1987,0.0007
251,1988,0.0007
251,1989,0.0007
251,1990,0.0005
251,1991,0.0001
251,1992,0.0005
251,1993,0.0008
251,1994,0.0007
251,1995,0.0005
251,1996,0.0006
251,1997,0.0006
251,1998,0.0005
251,1999,0.0006
251,2000,0.0006
181,1968,0.0004
248,1987,0.1254
181,1969,0.0005
181,1971,0.0008
181,1999,0.0037
181,2000,0.0071
181,2001,0.0056
181,2002,0.0037
181,2003,0.0135
181,2004,0.0081
181,2005,0.0096
181,2006,0.0121
181,2007,0.0108
181,2008,0.0112
181,1998,0.0127
181,2009,0.0108
181,2011,0.0111
181,2012,0.0113
181,2013,0.0116
181,2014,0.0118
181,2015,0.0121
181,2016,0.0123
181,2017,0.0126
181,2030,0.0235
181,2050,0.0356
165,1987,0.0413
181,2010,0.0111
181,1997,0.0104
181,1996,0.0067
181,1995,0.0028
181,1972,0.0008
181,1973,0.0009
181,1974,0.0009
181,1975,0.0049
181,1976,0.0046
181,1977,0.0046
181,1978,0.0043
181,1979,0.0053
181,1980,0.0053
181,1981,0.0074
181,1982,0.0087
181,1983,0.0029
181,1984,0.002
181,1985,0.0056
181,1986,0.0064
181,1987,0.0049
181,1988,0.0062
181,1989,0.0064
181,1990,0.0059
181,1991,0.0071
181,1992,0.0011
181,1993,0.0074
181,1994,0.0073
181,1970,0.0006
205,1998,0.0008
248,1986,0.1718
248,1984,0.1813
249,1968,0.0387
249,1969,0.0378
249,1970,0.0374
249,1971,0.0369
249,1972,0.0333
249,1973,0.0288
249,1974,0.0203
249,1975,0.0192
249,1976,0.018
249,1977,0.0141
249,1967,0.039
249,1978,0.0136
249,1980,0.0147
249,1981,0.0171
249,1982,0.0169
249,1983,0.012
249,1984,0.0114
249,1985,0.0116
249,1986,0.0135
249,1987,0.0132
249,1988,0.0146
249,1989,0.0175
249,1979,0.0141
249,1966,0.0391
249,1965,0.0397
249,1964,0.0403
205,2000,0.0007
205,2001,0.0008
205,2002,0.0007
205,2003,0.0007
205,2004,0.0007
205,2005,0.0008
205,2006,0.0006
205,2007,0.0007
205,2008,0.0007
205,2009,0.0007
205,2010,0.0008
205,2011,0.0007
205,2012,0.0007
205,2013,0.0008
205,2014,0.0008
205,2015,0.0007
205,2016,0.0007
205,2017,0.0007
205,2030,0.001
205,2050,0.0013
249,1961,0.0422
249,1962,0.0419
249,1963,0.0412
249,1990,0.0167
248,1985,0.1716
249,1991,0.0103
249,1993,0.0187
248,1962,0.134
248,1963,0.1439
248,1964,0.1479
248,1965,0.182
248,1966,0.1871
248,1967,0.1599
248,1968,0.1248
248,1969,0.1253
248,1970,0.1116
248,1971,0.1243
248,1961,0.1557
248,1972,0.13
248,1974,0.1969
248,1975,0.1816
248,1976,0.1643
248,1977,0.165
248,1978,0.1431
248,1979,0.1596
248,1980,0.2028
248,1981,0.1797
248,1982,0.1666
248,1983,0.1645
248,1973,0.1726
249,2050,0.0208
249,2030,0.0144
249,2017,0.0077
249,1994,0.018
249,1995,0.0182
249,1996,0.0161
249,1997,0.0148
249,1998,0.0167
249,1999,0.0126
249,2000,0.0126
249,2001,0.0137
249,2002,0.0123
249,2003,0.0097
249,2004,0.0087
249,2005,0.008
249,2006,0.0096
249,2007,0.0116
249,2008,0.0094
249,2009,0.0082
249,2010,0.0131
249,2011,0.0108
249,2012,0.0117
249,2013,0.0114
249,2014,0.0096
249,2015,0.0074
249,2016,0.0063
249,1992,0.018
211,2013,0.0367
215,2014,0.0031
215,2012,0.0029
222,1971,0.0561
222,1972,0.083
222,1973,0.0802
222,1974,0.0834
222,1975,0.1002
222,1976,0.0911
222,1977,0.0428
222,1978,0.0816
222,1979,0.1128
222,1980,0.1007
222,1970,0.0624
222,1981,0.1018
222,1983,0.1283
222,1984,0.1153
222,1985,0.2266
222,1986,0.0735
222,1987,0.1769
222,1988,0.0288
222,1989,0.0842
222,1990,0.1512
222,1991,0.2054
222,1992,0.1659
222,1982,0.1108
222,1969,0.0435
222,1968,0.0633
222,1967,0.0437
216,2003,0.0057
216,2004,0.006
216,2005,0.007
216,2006,0.0073
216,2007,0.0064
216,2008,0.0063
216,2009,0.0064
216,2010,0.0065
216,2011,0.0066
216,2012,0.0067
216,2013,0.0068
216,2014,0.0069
216,2015,0.007
216,2016,0.007
216,2017,0.0071
216,2030,0.0079
216,2050,0.0085
222,1961,0.0354
222,1962,0.0559
222,1963,0.1241
222,1964,0.081
222,1965,0.0932
222,1966,0.0505
222,1993,0.1515
216,2002,0.0035
222,1994,0.0554
222,1996,0.2446
223,1965,0.9658
223,1966,1.0616
223,1967,1.0632
223,1968,1.0147
223,1969,1.0425
223,1970,0.935
223,1971,1.1225
223,1972,1.0245
223,1973,0.8456
223,1974,0.9519
223,1964,0.9432
223,1975,1.193
223,1977,1.2461
223,1978,1.2357
223,1979,1.3641
223,1980,1.3755
223,1981,1.5174
223,1982,1.6376
223,1983,1.4135
223,1984,1.6689
223,1985,1.6789
223,1986,1.7804
223,1976,1.2781
223,1963,1.176
223,1962,1.0098
223,1961,0.8956
222,1997,0.051
222,1998,0.0945
222,1999,0.1324
222,2000,0.0885
222,2001,0.0685
222,2002,0.0287
222,2003,0.1173
222,2004,0.1397
222,2005,0.1445
222,2006,0.1177
222,2007,0.1553
222,2008,0.0791
222,2009,0.2317
222,2010,0.0678
222,2011,0.1981
222,2012,0.2094
222,2013,0.1079
222,2014,0.2144
222,2015,0.1285
222,2016,0.099
222,2017,0.1441
222,2030,0.1656
222,2050,0.2013
222,1995,0.0292
223,1987,1.7567
216,2001,0.0034
216,1999,0.0045
212,1983,0.3732
212,1984,0.1978
212,1985,0.2972
212,1986,0.3909
212,1987,0.2831
212,1988,0.7735
212,1989,0.3599
212,1990,0.4602
212,1991,0.4225
212,1992,0.4617
212,1982,0.3023
212,1993,0.5457
212,1995,0.5551
212,1996,0.5009
212,1997,0.3663
212,1998,0.3399
212,1999,0.2359
212,2000,0.182
212,2001,0.1772
212,2002,0.3178
212,2003,0.3524
212,2004,0.2436
212,1994,0.5021
212,1981,0.429
212,1980,0.4517
212,1979,0.1967
211,2015,0.0436
211,2016,0.0357
211,2017,0.0454
211,2030,0.0563
211,2050,0.0577
212,1961,0.145
212,1962,0.2391
212,1963,0.2447
212,1964,0.2107
212,1965,0.2128
212,1966,0.0769
212,1967,0.1885
212,1968,0.171
212,1969,0.194
212,1970,0.1666
212,1971,0.1166
212,1972,0.2075
212,1973,0.1171
212,1974,0.2073
212,1975,0.2284
212,1976,0.3397
212,1977,0.1764
212,1978,0.2576
212,2005,0.2965
216,2000,0.003
212,2006,0.3832
212,2008,0.2043
208,2008,0.0186
208,2009,0.0269
208,2010,0.0311
208,2011,0.0227
208,2012,0.0286
208,2013,0.033
208,2014,0.0309
208,2015,0.0364
208,2016,0.0372
208,2017,0.0378
208,2007,0.019
208,2030,0.0245
216,1989,0.0002
216,1990,0.0003
216,1991,0.0005
216,1992,0.0007
216,1993,0.0019
216,1994,0.0029
216,1995,0.0043
216,1996,0.0056
216,1997,0.0037
216,1998,0.0041
208,2050,0.0285
208,2006,0.0168
208,2005,0.0177
208,2004,0.0175
212,2009,0.3086
212,2010,0.2996
212,2011,0.2723
212,2012,0.268
212,2013,0.3191
212,2014,0.2511
212,2015,0.2368
212,2016,0.2395
212,2017,0.244
212,2030,0.438
212,2050,0.5429
208,1992,0.0143
208,1993,0.0101
208,1994,0.0092
208,1995,0.0084
208,1996,0.0067
208,1997,0.0074
208,1998,0.0082
208,1999,0.0086
208,2000,0.0076
208,2001,0.0051
208,2002,0.01
208,2003,0.0139
212,2007,0.3038
215,2013,0.003
223,1988,1.8927
223,1990,1.8408
229,1996,1.7172
229,1997,1.742
229,1998,1.4847
229,1999,1.4683
229,2000,1.4448
229,2001,1.4914
229,2002,1.3676
229,2003,1.4124
229,2004,1.2905
229,2005,1.2211
229,1995,1.5214
229,2006,1.1629
229,2008,1.3636
229,2009,1.4823
229,2010,1.1697
229,2011,1.2243
229,2012,1.2334
229,2013,1.5763
229,2014,1.5253
229,2015,1.6213
229,2016,1.4775
229,2017,1.5882
229,2007,1.132
229,1994,1.3307
229,1993,1.3559
229,1992,1.6399
229,1969,2.0253
229,1970,1.7754
229,1971,1.9906
229,1972,2.1307
229,1973,2.0799
229,1974,2.1003
229,1975,1.9858
229,1976,1.7919
229,1977,2.4038
229,1978,2.2596
229,1979,2.2123
229,1980,2.3532
229,1981,2.3346
229,1982,2.4726
229,1983,2.2642
229,1984,2.4682
229,1985,2.1965
229,1986,2.2473
229,1987,2.078
229,1988,1.9768
229,1989,1.823
229,1990,1.7726
229,1991,1.7039
229,2030,1.2347
229,1968,1.9438
229,2050,1.2111
215,1962,0
215,1990,0.0014
215,1991,0.0014
215,1992,0.0014
215,1993,0.0013
215,1994,0.0014
215,1995,0.0015
215,1996,0.0013
215,1997,0.0011
215,1998,0.0015
215,1999,0.0014
215,1989,0.0014
215,2000,0.0022
215,2002,0.0032
215,2003,0.0037
215,2004,0.0041
215,2005,0.0045
215,2006,0.0052
215,2007,0.0045
215,2008,0.0041
215,2009,0.004
215,2010,0.0039
215,2011,0.0022
215,2001,0.0028
215,1988,0.0014
215,1987,0.0014
215,1986,0.0014
215,1963,0.0001
215,1964,0.0001
215,1965,0.0001
215,1966,0.0001
215,1967,0.0001
215,1968,0.0001
215,1969,0
215,1970,0
215,1971,0.0001
215,1972,0.0001
215,1973,0.0004
215,1974,0.0003
215,1975,0.0006
215,1976,0.0006
215,1977,0.0006
215,1978,0.0006
215,1979,0.0009
215,1980,0.001
215,1981,0.0012
215,1982,0.0013
215,1983,0.0013
215,1984,0.0013
215,1985,0.0013
215,1961,0
223,1989,1.2701
229,1967,2.1405
229,1965,1.903
223,2030,2.3506
223,2050,2.5964
213,1992,0.0323
213,1993,0.0493
213,1994,0.0505
213,1995,0.0578
213,1996,0.01
213,1997,0.014
213,1998,0.0087
213,1999,0.0092
223,2017,1.7049
213,2000,0.0096
213,2002,0.014
213,2003,0.0161
213,2004,0.0191
213,2005,0.0201
213,2006,0.0228
213,2007,0.0022
213,2008,0.0007
213,2009,0.0018
213,2010,0.006
213,2011,0.0019
213,2001,0.0094
223,2016,1.6528
223,2015,1.9262
223,2014,1.5731
223,1991,1.9556
223,1992,1.7657
223,1993,1.8967
223,1994,1.7966
223,1995,1.9004
223,1996,2.0164
223,1997,2.0605
223,1998,2.2257
223,1999,1.9508
223,2000,2.0046
223,2001,1.9019
223,2002,2.0742
223,2003,2.0109
223,2004,2.216
223,2005,2.3227
223,2006,2.3343
223,2007,1.8416
223,2008,1.4975
223,2009,1.8046
223,2010,1.7968
223,2011,1.8531
223,2012,1.7397
223,2013,1.8998
213,2012,0.0048
229,1966,2.0447
213,2013,0.0083
213,2015,0.0083
230,2015,1.9884
230,2016,2.2284
230,2017,1.9557
230,2030,2.5167
230,2050,2.575
225,2007,0
225,2008,0
225,2009,0
225,2010,0
225,2011,0
230,2014,2.1639
225,2012,0
225,2014,0
225,2015,0
225,2016,0
225,2017,0
225,2030,0
225,2050,0
229,1961,1.1954
229,1962,1.368
229,1963,1.5704
229,1964,1.751
225,2013,0
230,2013,1.885
230,2012,1.7636
230,2011,2.2462
213,2016,0.0056
213,2017,0.0038
213,2030,0.0211
213,2050,0.0244
230,1992,2.4249
230,1993,3.2115
230,1994,3.4997
230,1995,2.4324
230,1996,1.5302
230,1997,1.9031
230,1998,1.574
230,1999,1.6782
230,2000,1.7921
230,2001,2.4934
230,2002,2.5542
230,2003,1.8803
230,2004,2.7395
230,2005,2.2914
230,2006,2.8679
230,2007,1.6522
230,2008,3.0148
230,2009,2.9428
230,2010,2.1877
213,2014,0.0083
165,1986,0.0472
2,1961,0.1141
165,1984,0.0495
167,2005,0.5033
167,2004,0.5254
167,2003,0.4805
167,2002,0.4175
167,2001,0.4536
167,2000,0.3849
167,1999,0.4937
167,1998,0.4884
167,1997,0.5756
167,1996,0.5253
167,1995,0.4959
167,1994,0.5616
167,1993,0.561
50,2050,0.0168
50,2030,0.0172
50,2017,0.0068
50,2016,0.0021
50,2015,0.0128
50,2014,0.0026
50,2013,0.0098
50,2012,0.0167
50,2011,0.012
50,2010,0.012
167,2006,0.4432
50,2009,0.0106
167,2007,0.4393
167,2009,0.457
51,1973,0.6967
51,1972,0.6309
51,1971,0.6717
51,1970,0.55
51,1969,0.5925
51,1968,0.5064
51,1967,0.47
51,1966,0.4008
51,1965,0.3546
51,1964,0.3636
51,1963,0.4035
51,1962,0.4307
51,1961,0.3958
167,2050,0.4754
167,2030,0.4848
167,2017,0.3842
167,2016,0.4112
167,2015,0.4453
167,2014,0.4387
167,2013,0.3623
167,2012,0.3704
167,2011,0.4097
167,2010,0.3646
167,2008,0.5091
50,2008,0.0039
50,2007,0.0142
50,2006,0.0171
50,1977,0.0151
50,1976,0.0149
50,1975,0.0135
50,1974,0.0306
50,1973,0.0105
50,1972,0.0241
50,1971,0.0306
50,1970,0.019
50,1969,0.0284
50,1968,0.0189
50,1967,0.0261
50,1966,0.0189
50,1965,0.0364
50,1964,0.021
50,1963,0.0254
50,1962,0.0257
50,1961,0.0157
98,2050,0.0542
98,2030,0.0528
98,2017,0.0589
98,2016,0.0597
98,2015,0.0441
98,2014,0.0407
50,1978,0.0174
50,1979,0.0167
50,1980,0.0207
50,1981,0.0198
50,2005,0.0178
50,2004,0.0268
50,2003,0.0375
50,2002,0.0318
50,2001,0.0291
50,2000,0.0124
50,1999,0.0285
50,1998,0.0166
50,1997,0.0113
50,1996,0.0319
50,1995,0.0334
51,1974,0.7799
50,1994,0.0378
50,1992,0.0412
50,1991,0.0168
50,1990,0.0255
50,1989,0.0343
50,1988,0.0353
50,1987,0.0279
50,1986,0.0174
50,1985,0.0261
50,1984,0.0219
50,1983,0.0172
50,1982,0.0211
50,1993,0.0462
51,1975,0.7386
51,1976,0.6825
51,1977,0.7447
250,1964,0.0001
250,1963,0.0002
250,1962,0.0002
250,1961,0.0002
116,2050,0.0417
116,2030,0.0319
116,2017,0.0059
116,2016,0.0047
116,2015,0.003
116,2014,0.0033
116,2013,0.0083
116,2012,0.008
116,2011,0.0141
116,2010,0.0196
116,2009,0.016
116,2008,0.0161
116,2007,0.0186
116,2006,0.0191
116,2005,0.0183
116,2004,0.0164
116,2003,0.0177
116,2002,0.0182
116,2001,0.018
250,1965,0.0001
250,1966,0.0002
250,1967,0.0002
250,1968,0.0007
250,1992,0.0001
250,1991,0.0001
250,1990,0.0001
250,1989,0.0001
250,1988,0.0001
250,1987,0.0001
250,1986,0.0001
250,1985,0.0001
250,1984,0.0001
250,1983,0.0001
250,1982,0.0001
116,2000,0.0095
250,1981,0.0001
250,1979,0.0001
250,1978,0.0001
250,1977,0.0001
250,1976,0.0001
250,1975,0.0001
250,1974,0.0002
250,1973,0.0005
250,1972,0.0007
250,1971,0.0007
250,1970,0.0007
250,1969,0.0009
250,1980,0.0001
98,2013,0.0468
116,1999,0.0156
116,1997,0.036
116,1968,0.0345
116,1967,0.0366
116,1966,0.0401
116,1965,0.0473
116,1964,0.0514
116,1963,0.0555
116,1962,0.0514
116,1961,0.0514
51,1992,0.8188
51,1991,0.8581
51,1990,0.9099
51,1989,0.8042
51,1988,0.7803
51,1987,0.8132
51,1986,0.8075
51,1985,0.8057
51,1984,0.8328
51,1983,0.7554
51,1982,0.8479
51,1981,0.7968
51,1980,0.8261
51,1979,0.8433
51,1978,0.8393
116,1969,0.0319
116,1970,0.034
116,1971,0.036
116,1972,0.0324
116,1996,0.0403
116,1995,0.0447
116,1994,0.0521
116,1993,0.0298
116,1992,0.0323
116,1991,0.036
116,1990,0.037
116,1989,0.037
116,1988,0.037
116,1987,0.037
116,1986,0.037
116,1998,0.0236
116,1985,0.037
116,1983,0.0354
116,1982,0.0375
116,1981,0.037
116,1980,0.038
116,1979,0.0426
116,1978,0.0411
116,1977,0.037
116,1976,0.037
116,1975,0.0375
116,1974,0.0396
116,1973,0.0391
116,1984,0.037
98,2012,0.0542
98,2011,0.0447
98,2010,0.0407
41,1981,0.7596
41,1980,0.6819
41,1979,0.8876
41,1978,0.8551
41,1977,0.7727
41,1976,0.7696
41,1975,0.7922
41,1974,0.826
41,1973,0.8761
41,1972,0.7757
41,1971,0.8058
41,1970,0.7951
41,1969,0.7304
41,1968,0.7268
41,1967,0.8323
41,1966,0.8532
41,1965,1.3221
41,1964,1.2651
41,1963,1.359
41,1962,1.76
41,1961,1.1291
40,2050,0.0378
40,2030,0.0329
41,1982,0.7737
41,1983,0.7391
41,1984,0.8004
41,1985,0.6589
41,2009,0.5395
41,2008,0.6602
41,2007,0.6502
41,2006,0.7268
41,2005,0.791
41,2004,0.7408
41,2003,0.7598
41,2002,0.7748
41,2001,0.672
41,2000,0.6531
41,1999,0.8131
40,2017,0.0209
41,1998,0.8379
41,1996,1.0433
41,1995,1.0818
41,1994,1.0876
41,1993,1.0056
41,1992,1.0672
41,1991,1.0316
41,1990,0.7993
41,1989,0.7339
41,1988,0.716
41,1987,0.6762
41,1986,0.6306
41,1997,1.054
41,2010,0.4639
40,2016,0.024
40,2014,0.0185
40,1985,0.021
40,1984,0.0185
40,1983,0.019
40,1982,0.0301
40,1981,0.0235
40,1980,0.0266
40,1979,0.0292
40,1978,0.0324
40,1977,0.0359
40,1976,0.0243
40,1975,0.0316
40,1974,0.039
40,1973,0.0287
40,1972,0.0355
40,1971,0.0287
40,1970,0.0249
40,1969,0.021
40,1968,0.0397
40,1967,0.0293
40,1966,0.0221
40,1965,0.0191
40,1964,0.0209
40,1963,0.0183
40,1986,0.0163
40,1987,0.0116
40,1988,0.0192
40,1989,0.02
40,2013,0.0177
40,2012,0.0171
40,2011,0.0272
40,2010,0.0217
40,2009,0.0169
40,2008,0.0218
40,2007,0.0199
40,2006,0.031
40,2005,0.0232
40,2004,0.0127
40,2003,0.0176
40,2015,0.0111
40,2002,0.0176
40,2000,0.014
40,1999,0.0194
40,1998,0.0264
40,1997,0.0189
40,1996,0.0156
40,1995,0.0212
40,1994,0.0235
40,1993,0.0196
40,1992,0.0253
40,1991,0.0252
40,1990,0.0215
40,2001,0.015
250,1993,0.0001
41,2011,0.3883
41,2013,0.396
44,2009,0.0044
44,2008,0.0029
44,2007,0.0021
44,2006,0.0018
44,2005,0.0024
44,2004,0.0023
44,2003,0.0019
44,2002,0.0029
44,2001,0.0016
44,2000,0.0033
44,1999,0.0031
44,1998,0.0031
44,1997,0.0049
44,1996,0.0101
44,1995,0.0113
44,1994,0.0148
44,1993,0.0186
44,1992,0.015
44,1991,0.0261
44,1990,0.0262
44,1989,0.0225
44,1988,0.0255
44,1987,0.0236
44,2010,0.0031
44,2011,0.0015
44,2012,0.0021
44,2013,0.0033
98,2009,0.056
98,2008,0.0639
98,2007,0.0522
98,2006,0.0502
98,2005,0.0385
98,2004,0.0556
98,2003,0.0396
98,2002,0.0486
98,2001,0.0457
98,2000,0.0425
98,1999,0.0302
44,1986,0.0189
98,1998,0.0338
98,1996,0.0213
98,1995,0.0245
98,1994,0.0258
98,1993,0.0295
98,1992,0.0253
44,2050,0.0026
44,2030,0.0026
44,2017,0.0028
44,2016,0.0029
44,2015,0.0021
44,2014,0.0035
98,1997,0.0257
41,2012,0.3837
44,1985,0.0155
44,1983,0.0075
214,1977,0.0002
214,1976,0.0002
214,1975,0.0001
214,1974,0.0002
214,1973,0.0002
214,1972,0.0002
214,1971,0.0002
214,1970,0.0002
214,1969,0.0004
214,1968,0.0002
214,1967,0.0002
214,1966,0.0003
214,1965,0.0003
214,1964,0.0002
214,1963,0.0001
214,1962,0.0001
214,1961,0.0001
41,2050,1.2168
41,2030,1.0281
41,2017,0.4368
41,2016,0.3024
41,2015,0.4286
41,2014,0.4195
214,1978,0.0002
214,1979,0
214,1980,0
214,1981,0
44,1982,0.015
44,1981,0.0153
44,1980,0.029
44,1979,0.0357
44,1978,0.0315
44,1977,0.0215
44,1976,0.0217
44,1975,0.0328
44,1974,0.026
44,1973,0.0222
44,1972,0.0267
44,1984,0.0076
44,1971,0.0278
44,1969,0.0222
44,1968,0.0202
44,1967,0.0259
44,1966,0.0252
44,1965,0.0232
44,1964,0.0293
44,1963,0.0301
44,1962,0.0272
44,1961,0.0254
214,1983,0.0001
214,1982,0
44,1970,0.0232
250,1994,0.0002
250,1995,0.0001
250,1996,0.0002
62,1976,0.1671
62,1975,0.2079
62,1974,0.2526
62,1973,0.2532
62,1972,0.2696
62,1971,0.2696
62,1970,0.2665
62,1969,0.2624
62,1968,0.2573
62,1967,0.2635
62,1966,0.2722
62,1965,0.2678
62,1964,0.2627
62,1963,0.26
62,1962,0.2553
62,1961,0.2513
238,2050,0.9931
238,2030,0.7079
238,2017,0.5156
238,2016,0.5146
238,2015,0.5175
238,2014,0.5037
238,2013,0.4971
62,1977,0.2576
62,1978,0.2249
62,1979,0.2784
62,1980,0.3105
67,1972,0.2819
67,1971,0.2582
67,1970,0.2331
67,1969,0.2108
67,1968,0.1844
67,1967,0.1755
67,1966,0.1557
67,1965,0.129
67,1964,0.1021
67,1963,0.1282
67,1962,0.0768
238,2012,0.4712
67,1961,0.0958
62,1991,0.2439
62,1990,0.3132
62,1989,0.3089
62,1988,0.3705
62,1987,0.2987
62,1986,0.2843
62,1985,0.2592
62,1984,0.2482
62,1983,0.3343
62,1982,0.2764
62,1981,0.3069
62,1992,0.2401
67,1973,0.2509
238,2011,0.4237
238,2009,0.4765
63,2007,0.0884
63,2006,0.0768
63,2005,0.0901
63,2004,0.0733
63,2003,0.0656
63,2002,0.0646
63,2001,0.0693
63,2000,0.0884
63,1999,0.0543
63,1998,0.0733
63,1997,0.0811
63,1996,0.0804
63,1995,0.0767
63,1994,0.0923
63,1993,0.1203
63,1992,0.0897
178,2050,0.028
178,2030,0.0215
178,2017,0.018
178,2016,0.018
178,2015,0.018
178,2014,0.018
178,2013,0.018
63,2008,0.0857
63,2009,0.0918
63,2010,0.0631
63,2011,0.0727
238,2008,0.3799
238,2007,0.3669
238,2006,0.393
238,2005,0.4129
238,2004,0.4131
238,2003,0.3354
238,2002,0.3282
238,2001,0.3065
238,2000,0.2569
238,1999,0.3066
238,1998,0.2952
238,2010,0.4581
238,1997,0.2892
238,1995,0.3215
238,1994,0.2772
238,1993,0.2218
63,2050,0.0871
63,2030,0.0888
63,2017,0.0977
63,2016,0.0873
63,2015,0.1275
63,2014,0.1068
63,2013,0.1041
63,2012,0.0812
238,1996,0.3414
178,2012,0.019
67,1974,0.2433
67,1976,0.3706
68,1995,1.6942
68,1994,1.6914
68,1993,1.9886
68,1992,2.3198
68,1991,2.3492
68,1990,2.2268
68,1989,2.2031
68,1988,2.2149
68,1987,2.3504
68,1986,2.2763
68,1985,2.5746
68,1984,2.5726
68,1983,2.0175
68,1982,2.3014
68,1981,2.3328
68,1980,2.6669
68,1979,2.5819
68,1978,2.6087
68,1977,2.4025
68,1976,2.035
68,1975,2.2002
68,1974,2.3351
68,1973,2.531
68,1996,2.08
68,1997,2.2184
68,1998,2.299
68,1999,2.0732
73,1995,0.0101
73,1994,0.0093
73,1993,0.0116
73,1992,0.02
68,2050,2.3077
68,2030,2.3525
68,2017,2.3299
68,2016,2.3051
68,2015,2.869
68,2014,2.5814
68,2013,2.2791
68,1972,2.4195
68,2012,2.4937
68,2010,2.2299
68,2009,2.8289
68,2008,2.6753
68,2007,2.1139
68,2006,2.2999
68,2005,2.2753
68,2004,2.4253
68,2003,2.1967
68,2002,2.4144
68,2001,2.1807
68,2000,2.1447
68,2011,1.955
67,1975,0.3025
68,1971,2.1183
68,1969,2.2316
67,1999,0.3814
67,1998,0.3297
67,1997,0.4706
67,1996,0.437
67,1995,0.4146
67,1994,0.4328
67,1993,0.3912
67,1992,0.3216
67,1991,0.4203
67,1990,0.4024
67,1989,0.3873
67,1988,0.401
67,1987,0.2839
67,1986,0.4121
67,1985,0.4466
67,1984,0.4096
67,1983,0.4183
67,1982,0.3834
67,1981,0.2806
67,1980,0.3694
67,1979,0.4037
67,1978,0.3838
67,1977,0.3564
67,2000,0.4643
67,2001,0.4224
67,2002,0.4102
67,2003,0.4025
68,1968,2.1596
68,1967,2.3137
68,1966,1.794
68,1965,1.7628
68,1964,1.6356
68,1963,1.7756
68,1962,1.4553
68,1961,1.3435
67,2050,0.4856
67,2030,0.4952
67,2017,0.336
68,1970,1.9747
67,2016,0.3688
67,2014,0.4312
67,2013,0.441
67,2012,0.3704
67,2011,0.3548
67,2010,0.3177
67,2009,0.5026
67,2008,0.4964
67,2007,0.4615
67,2006,0.4622
67,2005,0.4921
67,2004,0.4083
67,2015,0.368
40,1962,0.0195
178,2011,0.018
178,2009,0.0193
54,2015,0.8541
54,2014,0.7883
54,2013,0.8794
54,2012,0.9052
54,2011,0.7273
54,2010,0.6695
54,2009,0.7556
54,2008,0.7692
54,2007,0.7005
54,2006,0.7395
54,2005,0.8498
54,2004,0.8065
54,2003,0.8459
54,2002,0.9285
54,2001,0.8884
54,2000,0.8909
54,1999,0.8272
54,1998,0.8005
54,1997,0.8697
54,1996,0.8851
54,1995,0.872
54,1994,0.7781
54,1993,0.7634
54,2016,0.8812
54,2017,0.8855
54,2030,0.802
54,2050,0.7867
58,1984,0.0083
58,1983,0.0092
58,1982,0.0108
58,1981,0.0086
58,1980,0.0077
58,1979,0.0075
58,1978,0.0078
58,1977,0.0146
58,1976,0.0204
58,1975,0.0204
58,1974,0.0179
54,1992,0.7033
58,1973,0.026
58,1971,0.0267
58,1970,0.0304
58,1969,0.0291
58,1968,0.0297
58,1967,0.0318
58,1966,0.0308
58,1965,0.0355
58,1964,0.0337
58,1963,0.0439
58,1962,0.0376
58,1961,0.0242
58,1972,0.0275
58,1985,0.0086
54,1991,1.1285
54,1989,1.1169
250,2050,0.0006
250,2030,0.0004
250,2017,0.0004
250,2016,0.0004
250,2015,0.0004
250,2014,0.0003
250,2013,0.0003
250,2012,0.0003
250,2011,0.0003
250,2010,0.0003
250,2009,0.0003
250,2008,0.0002
250,2007,0.0002
250,2006,0.0002
250,2005,0.0002
250,2004,0.0002
250,2003,0.0002
250,2002,0.0002
250,2001,0.0002
250,2000,0.0002
250,1999,0.0002
250,1998,0.0002
250,1997,0.0002
54,1961,0.6578
54,1962,0.7613
54,1963,0.793
54,1964,0.8965
54,1988,1.2283
54,1987,0.9759
54,1986,1.1622
54,1985,1.1877
54,1984,1.3645
54,1983,1.0454
54,1982,1.4548
54,1981,1.3968
54,1980,1.4006
54,1979,1.5315
54,1978,1.4523
54,1990,1.1136
54,1977,1.4155
54,1975,1.2051
54,1974,1.3701
54,1973,1.2617
54,1972,1.286
54,1971,1.259
54,1970,1.1254
54,1969,1.2108
54,1968,1.1629
54,1967,1.0183
54,1966,0.9665
54,1965,0.9524
54,1976,1.1363
178,2010,0.0198
58,1986,0.0157
58,1988,0.0168
59,2007,0.0473
59,2006,0.0407
59,2005,0.0406
59,2004,0.0396
59,2003,0.0341
59,2002,0.0241
59,2001,0.0224
59,2000,0.0255
59,1999,0.0293
59,1998,0.0366
59,1997,0.0317
59,1996,0.0291
59,1995,0.095
59,1994,0.033
59,1993,0.0335
59,1992,0.0588
59,1991,0.0315
59,1990,0.0346
59,1989,0.0334
59,1988,0.0284
59,1987,0.0352
59,1986,0.0399
59,1985,0.0351
59,2008,0.0385
59,2009,0.0403
59,2010,0.0332
59,2011,0.0321
178,2008,0.0043
178,2007,0.0127
178,2006,0.0155
178,2005,0.0171
178,2004,0.0089
178,2003,0.0064
178,2002,0.0062
178,2001,0.0143
178,2000,0.0101
178,1999,0.0111
178,1998,0.0164
59,1984,0.0351
178,1997,0.0074
178,1995,0.0103
178,1994,0.0104
178,1993,0.0067
59,2050,0.0683
59,2030,0.0559
59,2017,0.0269
59,2016,0.023
59,2015,0.0233
59,2014,0.0273
59,2013,0.0353
59,2012,0.0308
178,1996,0.0066
58,1987,0.0153
59,1983,0.0322
59,1981,0.0251
58,2011,0.0081
58,2010,0.0066
58,2009,0.0081
58,2008,0.0071
58,2007,0.0091
58,2006,0.0087
58,2005,0.0089
58,2004,0.0081
58,2003,0.0085
58,2002,0.0092
58,2001,0.0101
58,2000,0.0098
58,1999,0.012
58,1998,0.0118
58,1997,0.0125
58,1996,0.0126
58,1995,0.0116
58,1994,0.0125
58,1993,0.0157
58,1992,0.0157
58,1991,0.0125
58,1990,0.0142
58,1989,0.0172
58,2012,0.0043
58,2013,0.0071
58,2014,0.0046
58,2015,0.0029
59,1980,0.0261
59,1979,0.0298
59,1978,0.0324
59,1977,0.0271
59,1976,0.0299
59,1975,0.0285
59,1974,0.0215
59,1973,0.0236
59,1972,0.0266
59,1971,0.0191
59,1970,0.0211
59,1982,0.0295
59,1969,0.0304
59,1967,0.0301
59,1966,0.0252
59,1965,0.032
59,1964,0.0346
59,1963,0.0328
59,1962,0.0357
59,1961,0.0325
58,2050,0.0094
58,2030,0.0094
58,2017,0.0039
58,2016,0.007
59,1968,0.0326
40,1961,0.0194
33,2050,3.1341
33,2030,3.0354
10,1995,1.5169
10,1994,0.8552
10,1993,1.7227
10,1992,1.4127
10,1991,1.2043
10,1990,1.0971
10,1989,1.0693
10,1988,0.8928
10,1987,0.945
10,1986,0.9642
10,1985,1.3216
10,1984,1.505
10,1983,1.3261
10,1982,0.6543
10,1981,0.9875
10,1980,0.8059
10,1979,1.0179
10,1978,1.1116
10,1977,0.782
10,1976,0.8259
10,1975,0.8946
10,1974,0.706
10,1973,0.6891
10,1996,1.7223
10,1997,1.6948
10,1998,1.5564
10,1999,1.3027
11,1964,0.1475
11,1963,0.1502
11,1962,0.134
11,1961,0.1243
10,2050,3.317
10,2030,2.8918
10,2017,3.2677
10,2016,2.2693
10,2015,2.1955
10,2014,2.2756
10,2013,1.9099
10,1972,0.5781
10,2012,2.0707
10,2010,2.072
10,2009,2.1615
10,2008,1.9787
10,2007,1.31
10,2006,2.4007
10,2005,2.0701
10,2004,2.592
10,2003,1.1963
10,2002,2.0816
10,2001,1.7411
10,2000,1.741
10,2011,2.0206
11,1965,0.13
10,1971,0.8931
10,1969,0.5072
1,1999,0.0186
1,1998,0.021
1,1997,0.0199
1,1996,0.0296
1,1995,0.0256
1,1994,0.0215
1,1993,0.0255
1,1992,0.0406
9,2050,0.6187
9,2030,0.4821
9,2017,0.8558
9,2016,1.1401
9,2015,0.6862
9,2014,0.6862
9,2013,1.0878
9,2012,1.232
9,2011,0.9526
9,2010,0.684
9,2009,0.3299
9,2008,0.4036
9,2007,0.345
9,2006,0.2946
9,2005,0.1915
1,2000,0.0117
1,2001,0.0304
1,2002,0.0289
1,2003,0.0203
10,1968,0.4775
10,1967,0.2818
10,1966,0.3918
10,1965,0.2917
10,1964,0.3164
10,1963,0.2868
10,1962,0.2698
10,1961,0.2938
1,2050,0.0315
1,2030,0.0308
1,2017,0.0251
10,1970,0.6908
1,2016,0.0478
1,2014,0.0455
1,2013,0.0453
1,2012,0.0416
1,2011,0.0436
1,2010,0.0306
1,2009,0.0367
1,2008,0.0374
1,2007,0.0401
1,2006,0.0153
1,2005,0.0295
1,2004,0.0336
1,2015,0.0454
9,2004,0.2117
11,1966,0.1684
11,1968,0.1824
52,2030,0.1445
52,2017,0.1954
52,2016,0.2271
52,2015,0.2497
52,2014,0.1746
52,2013,0.1979
52,2012,0.178
52,2011,0.1536
52,2010,0.1327
52,2009,0.1598
52,2008,0.1491
52,2007,0.1184
52,2006,0.1006
52,2005,0.093
52,2004,0.0882
52,2003,0.081
52,2002,0.0739
52,2001,0.0822
52,2000,0.0563
52,1999,0.0268
52,1998,0.0219
52,1997,0.0401
52,1996,0.0593
52,2050,0.1695
16,1961,0.0067
16,1962,0.0073
16,1963,0.0076
16,1987,0.0046
16,1986,0.0052
16,1985,0.0058
16,1984,0.0023
16,1983,0.0031
16,1982,0.0037
16,1981,0.0043
16,1980,0.0047
16,1979,0.0047
16,1978,0.005
16,1977,0.0055
52,1995,0.0712
16,1976,0.0062
16,1974,0.0057
16,1973,0.0061
16,1972,0.0074
16,1971,0.0093
16,1970,0.007
16,1969,0.0067
16,1968,0.0059
16,1967,0.0055
16,1966,0.0048
16,1965,0.0047
16,1964,0.0052
16,1975,0.006
11,1967,0.1821
52,1994,0.0705
52,1992,0.0909
11,1991,0.3227
11,1990,0.3414
11,1989,0.3211
11,1988,0.3099
11,1987,0.2714
11,1986,0.299
11,1985,0.3459
11,1984,0.3444
11,1983,0.3318
11,1982,0.3292
11,1981,0.2873
11,1980,0.3487
11,1979,0.2698
11,1978,0.3282
11,1977,0.2821
11,1976,0.297
11,1975,0.2388
11,1974,0.2865
11,1973,0.2554
11,1972,0.2308
11,1971,0.2386
11,1970,0.2171
11,1969,0.2196
11,1992,0.3031
11,1993,0.2525
11,1994,0.2685
11,1995,0.2417
11,2050,0.2042
11,2030,0.2082
11,2017,0.1744
11,2016,0.1904
11,2015,0.1876
11,2014,0.1881
11,2013,0.1649
11,2012,0.1512
11,2011,0.1917
11,2010,0.1767
11,2009,0.1897
52,1993,0.0764
11,2008,0.2173
11,2006,0.2084
11,2005,0.1999
11,2004,0.2258
11,2003,0.2026
11,2002,0.1971
11,2001,0.2297
11,2000,0.1981
11,1999,0.2611
11,1998,0.2754
11,1997,0.2844
11,1996,0.2485
11,2007,0.186
16,1988,0.0042
9,2003,0.2406
9,2001,0.1342
3,1980,0.0064
3,1979,0.006
3,1978,0.0052
3,1977,0.0048
3,1976,0.0042
3,1975,0.0031
3,1974,0.0031
3,1973,0.0028
3,1972,0.0025
3,1971,0.0025
3,1970,0.0029
3,1969,0.0025
3,1968,0.0026
3,1967,0.0032
3,1966,0.0028
3,1965,0.0023
3,1964,0.0025
3,1963,0.0026
3,1962,0.0023
3,1961,0.0027
2,2050,0.2707
2,2030,0.169
2,2017,0.0266
3,1981,0.0064
3,1982,0.0065
3,1983,0.0075
3,1984,0.0075
3,2008,0.0009
3,2007,0.0009
3,2006,0.0015
3,2005,0.001
3,2004,0.0009
3,2003,0.0008
3,2002,0.0009
3,2001,0.0007
3,2000,0.0005
3,1999,0.0008
3,1998,0.0008
2,2016,0.0847
3,1997,0.001
3,1995,0.0018
3,1994,0.0022
3,1993,0.0012
3,1992,0.0016
3,1991,0.0011
3,1990,0.0015
3,1989,0.0096
3,1988,0.0095
3,1987,0.0091
3,1986,0.0087
3,1985,0.0075
3,1996,0.0009
3,2009,0.0011
2,2015,0.112
2,2013,0.1343
2,1984,0.0765
2,1983,0.0798
2,1982,0.0834
2,1981,0.0906
2,1980,0.0978
2,1979,0.097
2,1978,0.099
2,1977,0.0939
2,1976,0.1144
2,1975,0.1121
2,1974,0.1134
2,1973,0.1072
2,1972,0.1052
2,1971,0.1057
2,1970,0.1087
2,1969,0.1079
2,1968,0.1071
2,1967,0.1062
2,1966,0.1135
2,1965,0.1145
2,1964,0.1145
2,1963,0.1141
2,1962,0.1141
2,1985,0.0723
2,1986,0.0696
2,1987,0.0696
2,1988,0.0703
2,2012,0.1324
2,2011,0.0825
2,2010,0.1116
2,2009,0.1274
2,2008,0.0929
2,2007,0.1004
2,2006,0.0992
2,2005,0.0941
2,2004,0.0924
2,2003,0.0775
2,2002,0.0953
2,2014,0.1425
2,2001,0.0269
2,1999,0.0631
2,1998,0.0701
2,1997,0.0721
2,1996,0.0681
2,1995,0.0645
2,1994,0.0733
2,1993,0.0774
2,1992,0.0672
2,1991,0.0658
2,1990,0.0657
2,1989,0.0694
2,2000,0.0282
9,2002,0.1387
3,2010,0.0018
3,2012,0.0017
9,1972,0.2431
9,1971,0.1634
9,1970,0.1125
9,1969,0.1646
9,1968,0.1703
9,1967,0.1724
9,1966,0.1327
9,1965,0.1229
9,1964,0.2269
9,1963,0.2815
9,1962,0.1085
9,1961,0.2415
4,2050,0.5276
4,2030,0.4111
4,2017,0.3353
4,2016,0.3181
4,2015,0.295
4,2014,0.2753
4,2013,0.4006
4,2012,0.4336
4,2011,0.3467
4,2010,0.4145
4,2009,0.5818
9,1973,0.2023
9,1974,0.1267
9,1975,0.153
9,1976,0.2054
9,2000,0.1737
9,1999,0.1051
9,1998,0.1323
9,1997,0.2231
9,1996,0.1359
9,1995,0.1018
9,1994,0.0861
9,1993,0.1148
9,1992,0.1432
9,1991,0.1417
9,1990,0.0824
4,2008,0.1268
9,1989,0.0916
9,1987,0.0713
9,1986,0.0366
9,1985,0.0321
9,1984,0.057
9,1983,0.044
9,1982,0.0557
9,1981,0.0389
9,1980,0.0625
9,1979,0.0952
9,1978,0.1505
9,1977,0.1048
9,1988,0.0818
3,2011,0.0021
4,2007,0.3447
4,2005,0.2831
4,1976,0.2184
4,1975,0.2417
4,1974,0.1404
4,1973,0.1591
4,1972,0.2314
4,1971,0.1526
4,1970,0.2067
4,1969,0.1728
4,1968,0.1861
4,1967,0.1281
4,1966,0.068
4,1965,0.1437
4,1964,0.1158
4,1963,0.2391
4,1962,0.2704
4,1961,0.1433
3,2050,0.0013
3,2030,0.0012
3,2017,0.0022
3,2016,0.0022
3,2015,0.0017
3,2014,0.0018
3,2013,0.0017
4,1977,0.1312
4,1978,0.1513
4,1979,0.1785
4,1980,0.2617
4,2004,0.3439
4,2003,0.332
4,2002,0.1273
4,2001,0.1717
4,2000,0.0561
4,1999,0.1536
4,1998,0.2419
4,1997,0.0669
4,1996,0.5028
4,1995,0.2063
4,1994,0.0858
4,2006,0.338
4,1993,0.1521
4,1991,0.5335
4,1990,0.2856
4,1989,0.2719
4,1988,0.1506
4,1987,0.2822
4,1986,0.3488
4,1985,0.4181
4,1984,0.2073
4,1983,0.167
4,1982,0.1846
4,1981,0.1989
4,1992,0.4497
73,1996,0.0089
16,1989,0.0043
16,1991,0.0041
21,1997,0.0663
21,1996,0.0516
21,1995,0.0287
21,1994,0.0242
21,1993,0.0295
21,1992,0.0326
21,1991,0.0331
21,1990,0.0432
21,1989,0.0625
21,1988,0.0364
21,1987,0.0504
21,1986,0.0487
21,1985,0.0465
21,1984,0.0235
21,1983,0.0383
21,1982,0.0377
21,1981,0.0325
21,1980,0.0228
21,1979,0.029
21,1978,0.0388
21,1977,0.0293
21,1976,0.0177
21,1975,0.0077
21,1998,0.0778
21,1999,0.0802
21,2000,0.0731
21,2001,0.0759
27,1966,0.2611
27,1965,0.218
27,1964,0.1937
27,1963,0.1623
27,1962,0.1543
27,1961,0.157
21,2050,0.1591
21,2030,0.1118
21,2017,0.0743
21,2016,0.0871
21,2015,0.0471
21,1974,0.0042
21,2014,0.0608
21,2012,0.065
21,2011,0.0714
21,2010,0.0658
21,2009,0.0493
21,2008,0.0567
21,2007,0.0587
21,2006,0.0501
21,2005,0.0819
21,2004,0.0961
21,2003,0.0831
21,2002,0.0655
21,2013,0.0768
27,1967,0.242
21,1973,0.0045
21,1971,0.0065
80,2001,0.0138
80,2000,0.0133
80,1999,0.0139
80,1998,0.0155
80,1997,0.0141
80,1996,0.0115
80,1995,0.0103
80,1994,0.0108
80,1993,0.0126
80,1992,0.0143
19,2050,0.0358
19,2030,0.0287
19,2017,0.0149
19,2016,0.0152
19,2015,0.0163
19,2014,0.0151
19,2013,0.0153
19,2012,0.0162
19,2011,0.0164
19,2010,0.0161
19,2009,0.0156
19,2008,0.0249
19,2007,0.0246
80,2002,0.015
80,2003,0.0104
80,2004,0.015
80,2005,0.0127
21,1970,0.0081
21,1969,0.0094
21,1968,0.0096
21,1967,0.0107
21,1966,0.0114
21,1965,0.0091
21,1964,0.0091
21,1963,0.0074
21,1962,0.0086
21,1961,0.0083
80,2050,0.0162
21,1972,0.0052
80,2030,0.0159
80,2016,0.0185
80,2015,0.015
80,2014,0.0119
80,2013,0.0166
80,2012,0.0155
80,2011,0.0156
80,2010,0.0122
80,2009,0.0181
80,2008,0.0183
80,2007,0.0146
80,2006,0.015
80,2017,0.0178
19,2006,0.0251
27,1968,0.2073
27,1970,0.2808
33,1989,2.9047
33,1988,2.524
33,1987,3.3778
33,1986,3.4841
33,1985,3.0304
33,1984,2.5829
33,1983,2.5415
33,1982,3.3948
33,1981,3.3799
33,1980,2.821
33,1979,2.1245
33,1978,2.5731
33,1977,2.9109
33,1976,2.6058
33,1975,2.4124
33,1974,2.2983
33,1973,2.5978
33,1972,2.8381
33,1971,3.2713
33,1970,2.2373
33,1969,2.05
33,1968,1.8273
33,1967,1.4706
33,1990,3.2224
33,1991,2.8169
33,1992,2.6526
33,1993,3.0876
33,2017,1.8433
33,2016,2.0516
33,2015,1.9343
33,2014,1.6786
33,2013,2.3794
33,2012,1.9262
33,2011,1.8648
33,2010,1.81
33,2009,2.2538
33,2008,2.7763
33,2007,2.6458
33,1966,1.6576
33,2006,2.2947
33,2004,2.9692
33,2003,2.9476
33,2002,1.8772
33,2001,2.6522
33,2000,3.1725
33,1999,3.1239
33,1998,3.0457
33,1997,3.2595
33,1996,3.6933
33,1995,3.1214
33,1994,2.8192
33,2005,2.7679
27,1969,0.2282
33,1965,1.2317
33,1963,1.2471
27,1993,0.2286
27,1992,0.2852
27,1991,0.3471
27,1990,0.3213
27,1989,0.359
27,1988,0.3045
27,1987,0.254
27,1986,0.2672
27,1985,0.1907
27,1984,0.2945
27,1983,0.2479
27,1982,0.3303
27,1981,0.3274
27,1980,0.3258
27,1979,0.363
27,1978,0.3538
27,1977,0.3583
27,1976,0.4191
27,1975,0.4075
27,1974,0.3844
27,1973,0.3277
27,1972,0.3383
27,1971,0.3017
27,1994,0.2745
27,1995,0.2812
27,1996,0.1207
27,1997,0.1961
33,1962,0.9629
33,1961,0.7366
27,2050,0.1364
27,2030,0.1392
27,2017,0.1351
27,2016,0.1577
27,2015,0.1611
27,2014,0.1967
27,2013,0.1697
27,2012,0.1554
27,2011,0.1633
33,1964,0.9833
27,2010,0.196
27,2008,0.2028
27,2007,0.1054
27,2006,0.1311
27,2005,0.1622
27,2004,0.2758
27,2003,0.1357
27,2002,0.2884
27,2001,0.2209
27,2000,0.1643
27,1999,0.1604
27,1998,0.177
27,2009,0.2026
16,1990,0.0043
19,2005,0.0248
19,2003,0.0238
15,1962,0.1211
15,1961,0.1009
255,2050,0.0785
255,2030,0.0801
255,2017,0.0826
255,2016,0.0764
255,2015,0.0938
255,2014,0.0867
255,2013,0.0836
255,2012,0.0782
255,2011,0.074
255,2010,0.0806
255,2009,0.0981
255,2008,0.0729
255,2007,0.0816
255,2006,0.0802
255,2005,0.0658
255,2004,0.0663
255,2003,0.0596
255,2002,0.0748
255,2001,0.0807
255,2000,0.0732
57,2050,0.7455
15,1963,0.1171
15,1964,0.1225
15,1965,0.1278
15,1966,0.1249
15,1990,0.1327
15,1989,0.1574
15,1988,0.1785
15,1987,0.1655
15,1986,0.1905
15,1985,0.1667
15,1984,0.2071
15,1983,0.1603
15,1982,0.1821
15,1981,0.1864
15,1980,0.1949
57,2030,0.6329
15,1979,0.1904
15,1977,0.1676
15,1976,0.1481
15,1975,0.1121
15,1974,0.1712
15,1973,0.1766
15,1972,0.1589
15,1971,0.1489
15,1970,0.1363
15,1969,0.1426
15,1968,0.1446
15,1967,0.154
15,1978,0.19
15,1991,0.1241
57,2017,0.3376
57,2015,0.4303
16,2014,0.0001
16,2013,0.0001
16,2012,0.0001
16,2011,0.0002
16,2010,0.0002
16,2009,0.0002
16,2008,0.0002
16,2007,0.0003
16,2006,0.0003
16,2005,0.0004
16,2004,0.0005
16,2003,0.0006
16,2002,0.001
16,2001,0.0014
16,2000,0.0017
16,1999,0.0019
16,1998,0.0022
16,1997,0.0022
16,1996,0.0022
16,1995,0.0023
16,1994,0.0023
16,1993,0.0028
16,1992,0.0038
16,2015,0.0001
16,2016,0.0001
16,2017,0.0001
16,2030,0.0003
57,2014,0.4636
57,2013,0.4018
57,2012,0.4503
57,2011,0.4747
57,2010,0.4731
57,2009,0.4973
57,2008,0.5163
57,2007,0.4611
57,2006,0.4456
57,2005,0.4446
57,2004,0.4804
57,2016,0.3033
57,2003,0.395
57,2001,0.4268
57,2000,0.3589
57,1999,0.3266
57,1998,0.4198
57,1997,0.575
57,1996,0.5465
57,1995,0.51
57,1994,0.7489
57,1993,0.7639
57,1992,0.7153
16,2050,0.0003
57,2002,0.4144
19,2004,0.0244
15,1992,0.1157
15,1994,0.0905
19,1974,0.0267
19,1973,0.0257
19,1972,0.025
19,1971,0.0237
19,1970,0.0223
19,1969,0.0222
19,1968,0.0219
19,1967,0.0205
19,1966,0.0221
19,1965,0.0226
19,1964,0.0224
19,1963,0.0226
19,1962,0.022
19,1961,0.0218
18,2050,0.0018
18,2030,0.0016
18,2017,0.0006
18,2016,0.0005
18,2015,0.0005
18,2014,0.0004
18,2013,0.0004
18,2012,0.0006
18,2011,0.0008
19,1975,0.028
19,1976,0.031
19,1977,0.024
19,1978,0.0211
19,2002,0.022
19,2001,0.0234
19,2000,0.0229
19,1999,0.0228
19,1998,0.0213
19,1997,0.0205
19,1996,0.0223
19,1995,0.021
19,1994,0.0209
19,1993,0.0225
19,1992,0.0219
18,2010,0.0004
19,1991,0.0201
19,1989,0.0212
19,1988,0.0234
19,1987,0.0259
19,1986,0.0259
19,1985,0.0253
19,1984,0.0206
19,1983,0.011
19,1982,0.0214
19,1981,0.0204
19,1980,0.0179
19,1979,0.0193
19,1990,0.0233
15,1993,0.1021
18,2009,0.0007
18,2007,0.0015
18,1978,0.0011
18,1977,0.001
18,1976,0.001
18,1975,0.0012
18,1974,0.0012
18,1973,0.0011
18,1972,0.001
18,1971,0.001
18,1970,0.001
18,1969,0.001
18,1968,0.001
18,1967,0.0009
18,1966,0.0008
18,1965,0.0008
18,1964,0.0008
18,1963,0.0008
18,1962,0.0007
18,1961,0.0007
15,1999,0.0847
15,1998,0.0835
15,1997,0.0968
15,1996,0.0995
15,1995,0.0927
18,1979,0.0012
18,1980,0.0011
18,1981,0.0012
18,1982,0.0013
18,2006,0.0013
18,2005,0.0013
18,2004,0.0004
18,2003,0.0003
18,2002,0.0005
18,2001,0.0004
18,2000,0.0005
18,1999,0.0015
18,1998,0.0015
18,1997,0.0015
18,1996,0.0013
18,2008,0.0006
18,1995,0.0013
18,1993,0.0013
18,1992,0.0012
18,1991,0.0012
18,1990,0.0012
18,1989,0.0009
18,1988,0.0009
18,1987,0.0012
18,1986,0.0012
18,1985,0.0012
18,1984,0.0013
18,1983,0.0012
18,1994,0.0013
165,1985,0.0469
73,1997,0.0135
73,1999,0.0134
134,1990,0.0009
134,1989,0.0008
134,1988,0.0009
134,1987,0.0009
134,1986,0.0009
134,1985,0.0009
134,1984,0.0009
134,1983,0.0009
134,1982,0.0009
134,1981,0.0009
134,1980,0.0008
134,1979,0.0007
134,1978,0.0006
134,1977,0.0006
134,1976,0.0006
134,1975,0.0005
134,1974,0.0005
134,1973,0.0004
134,1972,0.0004
134,1971,0.0004
134,1970,0.0004
134,1969,0.0005
134,1968,0.0005
134,1991,0.0005
134,1967,0.0006
134,1992,0.0004
134,1994,0.0003
134,2017,0.0005
134,2016,0.0005
134,2015,0.0005
134,2014,0.0005
134,2013,0.0005
134,2012,0.0005
134,2011,0.0005
134,2010,0.0005
134,2009,0.0005
134,2008,0.0005
134,2007,0.0005
134,2006,0.0005
134,2005,0.0005
134,2004,0.0005
134,2003,0.0005
134,2002,0.0005
134,2001,0.0005
134,2000,0.0005
134,1999,0.0004
134,1998,0.0004
134,1997,0.0004
134,1996,0.0007
134,1995,0.0003
134,1993,0.0004
134,1966,0.0005
134,1965,0.0006
134,1964,0.0005
126,2014,0.2361
126,2013,0.1621
126,2012,0.1744
126,2011,0.1818
126,2010,0.1368
126,2009,0.2045
126,2008,0.2332
126,2007,0.2472
126,2006,0.1923
126,2005,0.2305
126,2004,0.2064
126,2003,0.2163
126,2002,0.2164
126,2001,0.1939
126,2000,0.2128
126,1999,0.1958
126,1998,0.2743
126,1997,0.2967
126,1996,0.2902
126,1995,0.2394
126,1994,0.288
126,1993,0.3086
126,1992,0.2595
126,2015,0.1871
126,2016,0.1295
126,2017,0.1211
126,2030,0.2336
134,1963,0.0006
134,1962,0.0005
134,1961,0.0005
256,2050,0.0114
256,2030,0.0116
256,2017,0.0078
256,2016,0.0077
256,2015,0.0099
256,2014,0.0103
256,2013,0.0095
256,2012,0.0085
134,2030,0.0005
256,2011,0.0087
256,2009,0.0121
256,2008,0.0118
256,2007,0.0101
256,2006,0.0112
256,2005,0.0118
256,2004,0.0117
256,2003,0.0124
256,2002,0.0116
256,2001,0.0122
256,2000,0.012
126,2050,0.229
256,2010,0.0097
134,2050,0.0005
136,1961,0.0001
136,1962,0.0001
138,1989,0.1166
138,1988,0.1017
138,1987,0.1563
138,1986,0.1327
138,1985,0.1391
138,1984,0.1563
138,1983,0.1458
138,1982,0.1107
138,1981,0.1411
138,1980,0.1419
138,1979,0.1014
138,1978,0.1344
138,1977,0.1115
138,1976,0.1505
138,1975,0.1201
138,1974,0.0694
138,1973,0.1078
138,1972,0.0862
138,1971,0.0785
138,1970,0.0721
138,1969,0.0692
138,1968,0.0781
138,1967,0.0667
138,1990,0.1282
138,1991,0.1484
138,1992,0.1429
138,1993,0.1351
138,2017,0.2433
138,2016,0.2346
138,2015,0.1832
138,2014,0.2058
138,2013,0.1527
138,2012,0.2453
138,2011,0.1226
138,2010,0.1655
138,2009,0.1312
138,2008,0.1923
138,2007,0.1635
138,1966,0.0703
138,2006,0.2108
138,2004,0.2246
138,2003,0.2599
138,2002,0.1802
138,2001,0.1884
138,2000,0.1761
138,1999,0.1167
138,1998,0.1121
138,1997,0.1218
138,1996,0.1495
138,1995,0.1253
138,1994,0.075
138,2005,0.1876
124,2050,0.0481
138,1965,0.0633
138,1963,0.0624
136,1985,0.0001
136,1984,0.0001
136,1983,0.0001
136,1982,0.0001
136,1981,0.0001
136,1980,0.0001
136,1979,0.0001
136,1978,0.0001
136,1977,0.0001
136,1976,0.0001
136,1975,0.0001
136,1974,0.0001
136,1973,0.0001
136,1972,0.0001
136,1971,0.0001
136,1970,0.0001
136,1969,0.0001
136,1968,0.0001
136,1967,0.0001
136,1966,0.0001
136,1965,0.0001
136,1964,0.0001
136,1963,0.0001
136,1986,0.0001
136,1987,0.0001
136,1988,0.0001
136,1989,0.0001
138,1962,0.0512
138,1961,0.0601
136,2017,0.0003
136,2016,0.0003
136,2015,0.0003
136,2014,0.0003
136,2013,0.0003
136,2012,0.0003
136,2011,0.0003
136,2010,0.0003
136,2003,0.0003
138,1964,0.0571
136,2002,0.0002
136,2000,0.0002
136,1999,0.0002
136,1998,0.0001
136,1997,0.0001
136,1996,0.0001
136,1995,0.0001
136,1994,0.0001
136,1993,0.0001
136,1992,0.0001
136,1991,0.0001
136,1990,0.0001
136,2001,0.0003
124,2030,0.0438
124,2017,0.0069
124,2016,0.0196
121,1995,0.008
121,1994,0.0053
121,1993,0.0051
121,1992,0.0055
121,1991,0.0051
121,1990,0.0053
121,1989,0.0048
121,1988,0.0046
121,1987,0.0045
121,1986,0.0035
121,1985,0.0025
121,1984,0.0014
121,1983,0.0018
121,1982,0.0018
121,1981,0.0018
121,1980,0.0023
121,1979,0.0015
121,1978,0.0024
121,1977,0.0024
121,1976,0.0046
121,1975,0.004
121,1974,0.0037
121,1973,0.0021
121,1996,0.007
121,1997,0.007
121,1998,0.0043
121,1999,0.0042
122,1964,0.0008
122,1963,0.0009
122,1962,0.001
122,1961,0.0011
121,2050,0.0143
121,2030,0.0111
121,2017,0.0076
121,2016,0.0076
121,2015,0.0079
121,2014,0.0082
121,2013,0.0088
121,1972,0.0024
121,2012,0.0088
121,2010,0.0056
121,2009,0.0076
121,2008,0.0075
121,2007,0.0084
121,2006,0.0082
121,2005,0.0075
121,2004,0.0062
121,2003,0.0066
121,2002,0.0047
121,2001,0.0024
121,2000,0.0028
121,2011,0.0076
122,1965,0.0007
121,1971,0.0021
121,1969,0.0023
119,1999,0.063
119,1998,0.084
119,1997,0.094
119,1996,0.0947
119,1995,0.0794
119,1994,0.1263
119,1993,0.122
119,1992,0.1254
113,2050,0.0903
113,2030,0.0772
113,2017,0.107
113,2016,0.1043
113,2015,0.0939
113,2014,0.0566
113,2013,0.0788
113,2012,0.0589
113,2011,0.0606
113,2010,0.0602
113,2009,0.0722
113,2008,0.0571
113,2007,0.0596
113,2006,0.0525
113,2005,0.0543
119,2000,0.0675
119,2001,0.0609
119,2002,0.068
119,2003,0.0643
121,1968,0.0038
121,1967,0.0046
121,1966,0.0041
121,1965,0.004
121,1964,0.0046
121,1963,0.0031
121,1962,0.0041
121,1961,0.0038
119,2050,0.0874
119,2030,0.0891
119,2017,0.0566
121,1970,0.0019
119,2016,0.0678
119,2014,0.098
119,2013,0.0564
119,2012,0.0599
119,2011,0.0584
119,2010,0.0572
119,2009,0.0652
119,2008,0.0765
119,2007,0.0869
119,2006,0.0789
119,2005,0.0904
119,2004,0.0713
119,2015,0.0891
138,2030,0.2395
122,1966,0.0006
122,1968,0.0004
124,1987,0.0466
124,1986,0.0394
124,1985,0.0364
124,1984,0.0403
124,1983,0.0731
124,1982,0.0345
124,1981,0.049
124,1980,0.044
124,1979,0.0562
124,1978,0.0842
124,1977,0.0312
124,1976,0.0843
124,1975,0.078
124,1974,0.0648
124,1973,0.0719
124,1972,0.041
124,1971,0.0241
124,1970,0.0335
124,1969,0.0629
124,1968,0.0623
124,1967,0.0609
124,1966,0.0519
124,1965,0.0483
124,1988,0.0488
124,1989,0.0539
124,1990,0.0602
124,1991,0.0529
124,2015,0.0377
124,2014,0.0393
124,2013,0.0409
124,2012,0.04
124,2011,0.0403
124,2010,0.0405
124,2009,0.0417
124,2008,0.0419
124,2007,0.0419
124,2006,0.0419
124,2005,0.0419
124,1964,0.0548
124,2004,0.0367
124,2002,0.0361
124,2001,0.0364
124,2000,0.0363
124,1999,0.0316
124,1998,0.0275
124,1997,0.0176
124,1996,0.012
124,1995,0.01
124,1994,0.0171
124,1993,0.0213
124,1992,0.0379
124,2003,0.0363
122,1967,0.0005
124,1963,0.0556
124,1961,0.0547
122,1991,0.0003
122,1990,0
122,1989,0.0002
122,1988,0.0002
122,1987,0.0002
122,1986,0.0002
122,1985,0.0002
122,1984,0.0002
122,1983,0.0002
122,1982,0.0002
122,1981,0.0002
122,1980,0.0002
122,1979,0.0002
122,1978,0.0002
122,1977,0.0002
122,1976,0.0002
122,1975,0.0002
122,1974,0.0002
122,1973,0.0002
122,1972,0.0002
122,1971,0.0002
122,1970,0.0002
122,1969,0.0003
122,1992,0.0003
122,1993,0.0003
122,1994,0.0002
122,1995,0.0002
122,2050,0.0002
122,2030,0.0002
122,2017,0.0003
122,2016,0.0003
122,2015,0.0003
122,2014,0.0003
122,2013,0.0003
122,2012,0.0003
122,2011,0.0003
122,2010,0.0004
122,2009,0.0004
124,1962,0.0601
122,2008,0.0003
122,2006,0.0002
122,2005,0.0002
122,2004,0.0002
122,2003,0.0002
122,2002,0.0002
122,2001,0.0002
122,2000,0.0001
122,1999,0.0001
122,1998,0.0002
122,1997,0.0002
122,1996,0.0003
122,2007,0.0003
138,2050,0.3032
141,1961,0.004
141,1962,0.0059
156,2006,0.0615
156,2005,0.0669
156,2004,0.0513
156,2003,0.0826
156,2002,0.0983
156,2001,0.0819
156,2000,0.0674
156,1999,0.068
156,1998,0.0756
156,1997,0.092
156,1996,0.0828
156,1995,0.0674
156,1994,0.0889
156,1993,0.088
156,1992,0.0722
156,1991,0.0869
156,1990,0.0987
156,1989,0.0756
156,1988,0.0812
156,1987,0.0923
156,1986,0.1282
156,1985,0.1477
156,1984,0.1298
156,2007,0.0781
156,2008,0.0906
156,2009,0.0971
156,2010,0.0685
154,2006,0.0326
154,2005,0.0333
154,2004,0.0353
154,2003,0.0219
154,2002,0.0313
154,2001,0.0238
154,2000,0.0277
154,1999,0.0311
154,1998,0.0346
154,1997,0.0299
154,1996,0.0251
156,1983,0.0794
154,1995,0.0369
154,1993,0.0271
154,1992,0.0318
156,2050,0.0813
156,2030,0.0784
156,2017,0.0652
156,2016,0.0799
156,2015,0.096
156,2014,0.0891
156,2013,0.0915
156,2012,0.0965
156,2011,0.082
154,1994,0.0368
154,2007,0.0268
156,1982,0.0819
156,1980,0.0536
150,2010,0.0453
150,2009,0.0679
150,2008,0.0686
150,2007,0.0578
150,2006,0.0596
150,2005,0.0681
150,2004,0.0638
150,2003,0.0771
150,2002,0.0704
150,2001,0.086
150,2000,0.0637
150,1999,0.0807
150,1998,0.0479
150,1997,0.0592
150,1996,0.0517
150,1995,0.0451
150,1994,0.0511
150,1993,0.0559
150,1992,0.0453
150,1991,0.053
150,1990,0.049
150,1989,0.0565
150,1988,0.0683
150,2011,0.0454
150,2012,0.0452
150,2013,0.0456
150,2014,0.0431
156,1979,0.062
156,1978,0.0603
156,1977,0.0634
156,1976,0.0672
156,1975,0.0647
156,1974,0.0585
156,1973,0.066
156,1972,0.0787
156,1971,0.0615
156,1970,0.0415
156,1969,0.0542
156,1981,0.0625
156,1968,0.0514
156,1966,0.0269
156,1965,0.0253
156,1964,0.0308
156,1963,0.0232
156,1962,0.0198
156,1961,0.0186
150,2050,0.0639
150,2030,0.0651
150,2017,0.0449
150,2016,0.0519
150,2015,0.0503
156,1967,0.0313
150,1987,0.0588
154,2008,0.0382
154,2010,0.0303
221,2013,0.0007
221,2012,0.0007
221,2011,0.0007
221,2010,0.0005
221,2009,0.0005
221,2008,0.0008
221,2007,0.0008
221,2006,0.0008
221,2005,0.0008
221,2004,0.0009
162,2050,0.1455
162,2030,0.1419
162,2017,0.1293
162,2016,0.1441
162,2015,0.1173
162,2014,0.121
162,2013,0.122
162,2012,0.1336
162,2011,0.1166
162,2010,0.1259
162,2009,0.111
162,2008,0.1277
162,2007,0.1139
221,2014,0.0005
221,2016,0.0004
221,2017,0.0004
221,2030,0.0011
165,1983,0.0656
165,1982,0.0555
165,1981,0.0632
165,1980,0.0409
165,1979,0.0451
165,1978,0.0422
165,1977,0.0436
165,1976,0.0461
165,1975,0.0484
165,1974,0.05
165,1973,0.0396
162,2006,0.1259
165,1972,0.0375
165,1970,0.0377
165,1969,0.0362
165,1968,0.0403
165,1967,0.035
165,1966,0.0332
165,1965,0.0436
165,1964,0.0413
165,1963,0.046
165,1962,0.0433
165,1961,0.0442
221,2050,0.0011
165,1971,0.0334
154,2009,0.035
162,2005,0.1376
162,2003,0.1365
162,1974,0.1505
162,1973,0.1273
162,1972,0.1256
162,1971,0.135
162,1970,0.1379
162,1969,0.1186
162,1968,0.1454
162,1967,0.118
162,1966,0.1025
162,1965,0.1189
162,1964,0.1172
162,1963,0.1135
162,1962,0.0873
162,1961,0.1035
154,2050,0.0356
154,2030,0.0347
154,2017,0.0237
154,2016,0.0339
154,2015,0.0251
154,2014,0.0356
154,2013,0.0301
154,2012,0.0228
154,2011,0.0308
162,1975,0.1097
162,1976,0.1175
162,1977,0.1476
162,1978,0.156
162,2002,0.1401
162,2001,0.146
162,2000,0.1343
162,1999,0.1466
162,1998,0.1441
162,1997,0.1538
162,1996,0.1576
162,1995,0.1301
162,1994,0.1259
162,1993,0.147
162,1992,0.1182
162,2004,0.1445
162,1991,0.1544
162,1989,0.1438
162,1988,0.1289
162,1987,0.1329
162,1986,0.13
162,1985,0.1473
162,1984,0.1505
162,1983,0.1353
162,1982,0.1451
162,1981,0.1424
162,1980,0.1526
162,1979,0.1533
162,1990,0.1698
113,2004,0.0585
150,1986,0.058
150,1984,0.0427
143,1967,0.5321
143,1966,0.3636
143,1965,0.4689
143,1964,0.4703
143,1963,0.5649
143,1962,0.413
143,1961,0.2836
273,2050,0.0003
273,2030,0.0003
273,2017,0.0003
273,2016,0.0003
273,2015,0.0002
273,2014,0.0003
273,2013,0.0003
273,2012,0.0002
273,2011,0.0003
273,2010,0.0001
273,2009,0.0001
273,2008,0.0001
273,2007,0.0001
273,2006,0.0005
141,2050,0.0022
141,2030,0.0019
143,1968,0.8809
143,1969,0.6353
143,1970,0.601
143,1971,0.7388
143,1995,0.2904
143,1994,1.0318
143,1993,0.4363
143,1992,0.4559
143,1991,0.9126
143,1990,0.691
143,1989,0.8651
143,1988,0.9687
143,1987,0.559
143,1986,0.9881
143,1985,0.77
141,2017,0.0007
143,1984,0.5109
143,1982,0.6922
143,1981,0.4469
143,1980,0.6778
143,1979,0.6166
143,1978,0.7299
143,1977,0.5217
143,1976,0.8201
143,1975,0.5184
143,1974,0.6984
143,1973,0.4717
143,1972,0.7103
143,1983,0.4773
143,1996,1.0384
141,2016,0.002
141,2014,0.0025
141,1985,0.0371
141,1984,0.0269
141,1983,0.026
141,1982,0.0197
141,1981,0.0149
141,1980,0.0169
141,1979,0.0219
141,1978,0.019
141,1977,0.0178
141,1976,0.0182
141,1975,0.0188
141,1974,0.0122
141,1973,0.0142
141,1972,0.0072
141,1971,0.0065
141,1970,0.0034
141,1969,0.0024
141,1968,0.0027
141,1967,0.0039
141,1966,0.0031
141,1965,0.0031
141,1964,0.0041
141,1963,0.0043
141,1986,0.0404
141,1987,0.0313
141,1988,0.0312
141,1989,0.0338
141,2013,0.0012
141,2012,0.0017
141,2011,0.0013
141,2010,0.0014
141,2009,0.0005
141,2008,0.0004
141,2007,0.0011
141,2006,0.0019
141,2005,0.0008
141,2004,0.0007
141,2003,0.0006
141,2015,0.0012
141,2002,0.0006
141,2000,0.0005
141,1999,0.0006
141,1998,0.001
141,1997,0.0008
141,1996,0.0014
141,1995,0.0014
141,1994,0.0029
141,1993,0.0095
141,1992,0.0127
141,1991,0.016
141,1990,0.0274
141,2001,0.0007
150,1985,0.0444
143,1997,0.4807
143,1999,0.5191
149,2014,0.0101
149,2013,0.01
149,2012,0.0101
149,2011,0.0092
149,2010,0.0084
149,2009,0.0075
149,2008,0.0085
149,2007,0.0086
149,2006,0.0084
149,2005,0.0088
149,2004,0.0092
149,2003,0.0094
149,2002,0.0092
149,2001,0.0092
149,2000,0.0093
149,1999,0.0099
149,1998,0.0114
149,1997,0.0116
149,1996,0.0126
149,1995,0.0094
149,1994,0.0091
149,1993,0.0088
149,1992,0.0088
149,2015,0.0106
149,2016,0.0097
149,2017,0.0091
149,2030,0.0103
150,1983,0.0401
150,1982,0.0551
150,1981,0.0563
150,1980,0.0583
150,1979,0.0654
150,1978,0.08
150,1977,0.0655
150,1976,0.0603
150,1975,0.0774
150,1974,0.0721
150,1973,0.0876
149,1991,0.0088
150,1972,0.0781
150,1970,0.0793
150,1969,0.09
150,1968,0.0908
150,1967,0.1026
150,1966,0.0977
150,1965,0.0865
150,1964,0.0859
150,1963,0.0897
150,1962,0.0986
150,1961,0.0895
149,2050,0.0115
150,1971,0.0866
143,1998,0.6579
149,1990,0.0087
149,1988,0.008
28,1987,0.0001
28,1986,0.0001
28,1985,0.0001
143,2050,0.9274
143,2030,0.7499
143,2017,0.7146
143,2016,0.2538
143,2015,0.9045
143,2014,0.5015
143,2013,0.7633
143,2012,0.4448
143,2011,0.6867
143,2010,0.7264
143,2009,0.9998
143,2008,0.5061
143,2007,0.3657
143,2006,0.7483
143,2005,0.4547
143,2004,0.8086
143,2003,0.7739
143,2002,0.5518
143,2001,0.4599
143,2000,0.3324
28,1988,0
149,1961,0.0055
149,1962,0.0061
149,1963,0.0067
149,1987,0.008
149,1986,0.0079
149,1985,0.0077
149,1984,0.0072
149,1983,0.0069
149,1982,0.0076
149,1981,0.0075
149,1980,0.0075
149,1979,0.0074
149,1978,0.0073
149,1977,0.0068
149,1989,0.0086
149,1976,0.0078
149,1974,0.0081
149,1973,0.0079
149,1972,0.0081
149,1971,0.008
149,1970,0.0078
149,1969,0.0075
149,1968,0.0072
149,1967,0.0085
149,1966,0.0085
149,1965,0.0078
149,1964,0.0072
149,1975,0.0081
113,2003,0.0496
113,2002,0.0372
113,2001,0.0357
100,2002,0.3604
100,2001,0.3741
100,2000,0.3719
100,1999,0.3976
100,1998,0.4334
100,1997,0.3784
100,1996,0.3952
100,1995,0.3559
100,1994,0.3518
100,1993,0.4053
100,1992,0.4474
100,1991,0.4348
100,1990,0.4078
100,1989,0.4655
100,1988,0.4424
100,1987,0.47
100,1986,0.545
100,1985,0.4498
100,1984,0.5206
100,1983,0.5375
100,1982,0.5889
100,1981,0.6587
100,1980,0.5182
100,2003,0.3614
100,2004,0.3342
100,2005,0.3115
100,2006,0.3157
102,1971,0.3363
102,1970,0.3837
102,1969,0.4026
102,1968,0.409
102,1967,0.3694
102,1966,0.3808
102,1965,0.3279
102,1964,0.252
102,1963,0.2617
102,1962,0.2721
102,1961,0.2849
100,1979,0.63
100,2050,0.6885
100,2017,0.4265
100,2016,0.3563
100,2015,0.4039
100,2014,0.4447
100,2013,0.4306
100,2012,0.3986
100,2011,0.4139
100,2010,0.3424
100,2009,0.4193
100,2008,0.3086
100,2007,0.3397
100,2030,0.523
102,1972,0.3661
100,1978,0.6829
100,1976,0.947
97,2006,0.2504
97,2005,0.2765
97,2004,0.3235
97,2003,0.2014
97,2002,0.2526
97,2001,0.3041
97,2000,0.2181
97,1999,0.248
97,1998,0.3053
97,1997,0.3107
97,1996,0.2225
97,1995,0.3289
97,1994,0.3628
97,1993,0.2777
97,1992,0.4025
97,1991,0.3552
97,1990,0.3108
97,1989,0.3035
97,1988,0.2695
97,1987,0.1837
97,1986,0.2017
97,1985,0.243
97,1984,0.2775
97,2007,0.2417
97,2008,0.3344
97,2009,0.2511
97,2010,0.2224
100,1975,0.9441
100,1974,0.7634
100,1973,0.7439
100,1972,0.785
100,1971,0.8378
100,1970,0.846
100,1969,0.7856
100,1968,1.0711
100,1967,0.7772
100,1966,0.7646
100,1965,0.7974
100,1977,0.7148
100,1964,0.7084
100,1962,0.9922
100,1961,0.9133
97,2050,0.2638
97,2030,0.269
97,2017,0.3149
97,2016,0.3586
97,2015,0.3189
97,2014,0.2907
97,2013,0.2445
97,2012,0.2325
97,2011,0.2293
100,1963,0.8123
97,1983,0.236
102,1973,0.3265
102,1975,0.4551
103,1994,0.36
103,1993,0.5628
103,1992,0.5201
103,1991,0.2951
103,1990,0.5812
103,1989,0.2317
103,1988,0.4318
103,1987,0.2542
103,1986,0.367
103,1985,0.4148
103,1984,0.1538
103,1983,0.2988
103,1982,0.3012
103,1981,0.2925
103,1980,0.2268
103,1979,0.1968
103,1978,0.2013
103,1977,0.1499
103,1976,0.179
103,1975,0.149
103,1974,0.1635
103,1973,0.1432
103,1972,0.2713
103,1995,0.3285
103,1996,0.4393
103,1997,0.2825
103,1998,0.3032
104,1963,0.1386
104,1962,0.1405
104,1961,0.1207
103,2050,0.4944
103,2030,0.403
103,2017,0.0827
103,2016,0.1293
103,2015,0.1299
103,2014,0.3817
103,2013,0.2906
103,2012,0.2253
103,1971,0.1299
103,2011,0.2432
103,2009,0.1436
103,2008,0.1278
103,2007,0.268
103,2006,0.2958
103,2005,0.266
103,2004,0.2652
103,2003,0.2878
103,2002,0.3478
103,2001,0.2387
103,2000,0.1986
103,1999,0.2306
103,2010,0.3382
102,1974,0.3115
103,1970,0.2025
103,1968,0.2869
102,1998,0.8664
102,1997,0.6685
102,1996,0.7352
102,1995,0.7875
102,1994,0.8069
102,1993,0.831
102,1992,0.8457
102,1991,0.8607
102,1990,1.0015
102,1989,0.8608
102,1988,0.9481
102,1987,0.7908
102,1986,0.7194
102,1985,0.6886
102,1984,0.6962
102,1983,0.6267
102,1982,0.5827
102,1981,0.6493
102,1980,0.4423
102,1979,0.4086
102,1978,0.3725
102,1977,0.3858
102,1976,0.4413
102,1999,0.5561
102,2000,0.4702
102,2001,0.6515
102,2002,0.806
103,1967,0.28
103,1966,0.2753
103,1965,0.2701
103,1964,0.2115
103,1963,0.2562
103,1962,0.3352
103,1961,0.2809
102,2050,1.2343
102,2030,1.0492
102,2017,0.8017
102,2016,0.946
103,1969,0.2757
102,2015,0.8396
102,2013,0.7466
102,2012,0.7364
102,2011,0.6848
102,2010,0.8397
102,2009,0.6495
102,2008,0.4288
102,2007,0.8069
102,2006,0.7689
102,2005,0.7582
102,2004,0.7691
102,2003,0.753
102,2014,0.7841
104,1964,0.1318
97,1982,0.2054
97,1980,0.2157
79,2030,2.6521
79,2017,2.3817
79,2016,2.3607
79,2015,2.5462
79,2014,2.5274
79,2013,2.2781
79,2012,2.2991
79,2011,1.9522
79,2010,2.2821
79,2009,2.7076
79,2008,2.6509
79,2007,2.3229
79,2006,2.6575
79,2005,2.5772
79,2004,2.8623
79,2003,2.3826
79,2002,2.4396
79,2001,2.9787
79,2000,2.6904
79,1999,2.9495
79,1998,2.7853
79,1997,2.9762
79,1996,2.6987
79,2050,2.6015
84,1961,0.0652
84,1962,0.067
84,1963,0.0607
84,1987,0.1364
84,1986,0.1671
84,1985,0.1519
84,1984,0.2129
84,1983,0.1621
84,1982,0.201
84,1981,0.1836
84,1980,0.2224
84,1979,0.2163
84,1978,0.2195
84,1977,0.1732
79,1995,2.6509
84,1976,0.2333
84,1974,0.2413
84,1973,0.2171
84,1972,0.2216
84,1971,0.1996
84,1970,0.1867
84,1969,0.1211
84,1968,0.1312
84,1967,0.195
84,1966,0.145
84,1965,0.0903
84,1964,0.067
84,1975,0.2286
84,1988,0.147
79,1994,2.4448
79,1992,2.7447
79,1963,1.1373
79,1962,1.1618
79,1961,0.9129
73,2050,0.0202
73,2030,0.0174
73,2017,0.0113
73,2016,0.0121
73,2015,0.0108
73,2014,0.0076
73,2013,0.01
73,2012,0.0056
73,2011,0.0079
73,2010,0.0069
73,2009,0.0059
73,2008,0.0132
73,2007,0.0111
73,2006,0.009
73,2005,0.0183
73,2004,0.0164
73,2003,0.0137
73,2002,0.0158
73,2001,0.0249
73,2000,0.0094
79,1964,1.2755
79,1965,1.2025
79,1966,1.2924
79,1967,1.5565
79,1991,3.2274
79,1990,3.133
79,1989,3.2191
79,1988,3.0194
79,1987,2.8969
79,1986,3.0916
79,1985,3.1692
79,1984,3.2539
79,1983,2.9277
79,1982,3.0766
79,1981,2.801
79,1993,2.4797
79,1980,2.9283
79,1978,2.9175
79,1977,2.5964
79,1976,2.3148
79,1975,2.4584
79,1974,2.396
79,1973,2.1831
79,1972,1.9826
79,1971,1.8738
79,1970,1.5871
79,1969,1.6838
79,1968,1.6519
79,1979,2.6592
97,1981,0.2147
84,1989,0.1498
84,1991,0.1144
89,2010,0
89,2009,0
89,2008,0
89,2007,0
89,2006,0
89,2005,0
89,2004,0
89,2003,0
89,2002,0
89,2001,0
89,2000,0.0003
89,1999,0.0004
89,1998,0.0003
89,1997,0.0003
89,1996,0.0002
89,1995,0.0002
89,1994,0.0003
89,1993,0.0002
89,1992,0.0002
89,1991,0.0002
89,1990,0.0002
89,1989,0.0002
89,1988,0.0002
89,2011,0
89,2012,0
89,2013,0
89,2014,0
97,1979,0.1727
97,1978,0.1795
97,1977,0.1682
97,1976,0.1771
97,1975,0.1703
97,1974,0.2122
97,1973,0.2092
97,1972,0.1955
97,1971,0.1918
97,1970,0.1429
97,1969,0.226
89,1987,0.0002
97,1968,0.2258
97,1966,0.2395
97,1965,0.2604
97,1964,0.2232
97,1963,0.2303
97,1962,0.2929
97,1961,0.256
89,2050,0
89,2030,0
89,2017,0
89,2016,0
89,2015,0
97,1967,0.2392
84,1990,0.0826
89,1986,0.0002
89,1984,0.0002
84,2014,0.1016
84,2013,0.0923
84,2012,0.0822
84,2011,0.0779
84,2010,0.0763
84,2009,0.0831
84,2008,0.0858
84,2007,0.0686
84,2006,0.0609
84,2005,0.0559
84,2004,0.0577
84,2003,0.057
84,2002,0.0695
84,2001,0.0685
84,2000,0.0715
84,1999,0.072
84,1998,0.082
84,1997,0.0866
84,1996,0.089
84,1995,0.1005
84,1994,0.1018
84,1993,0.1019
84,1992,0.1056
84,2015,0.1241
84,2016,0.0914
84,2017,0.0856
84,2030,0.0647
89,1983,0.0001
89,1982,0.0001
89,1981,0.0001
89,1980,0.0001
89,1979,0.0001
89,1978,0.0001
89,1977,0.0001
89,1976,0.0001
89,1975,0.0001
89,1974,0.0001
89,1973,0.0001
89,1985,0.0002
89,1972,0.0001
89,1970,0
89,1969,0
89,1968,0
89,1967,0
89,1966,0
89,1965,0
89,1964,0
89,1963,0
89,1962,0
89,1961,0
84,2050,0.0634
89,1971,0
73,1998,0.0069
104,1965,0.1455
104,1967,0.1574
108,2001,0.6386
108,2000,0.511
108,1999,0.6417
108,1998,0.4094
108,1997,0.8185
108,1996,0.8962
108,1995,0.8653
108,1994,1.7178
108,1993,2.1852
108,1992,2.331
112,2050,0.0063
112,2030,0.0067
112,2017,0.0138
112,2016,0.0109
112,2015,0.0124
112,2014,0.012
112,2013,0.0124
112,2012,0.0104
112,2011,0.0089
112,2010,0.0042
112,2009,0.0068
112,2008,0.005
112,2007,0.0058
108,2002,0.6341
108,2003,0.6387
108,2004,0.4565
108,2005,0.4648
114,1970,0.0045
114,1969,0.0033
114,1968,0.0035
114,1967,0.0023
114,1966,0.0039
114,1965,0.0037
114,1964,0.0051
114,1963,0.0054
114,1962,0.0035
114,1961,0.0041
108,2050,0.8997
112,2006,0.0076
108,2030,0.7785
108,2016,0.8595
108,2015,0.761
108,2014,0.6937
108,2013,0.712
108,2012,0.4766
108,2011,0.6892
108,2010,0.4085
108,2009,0.6945
108,2008,0.6276
108,2007,0.6922
108,2006,0.5749
108,2017,0.893
114,1971,0.0059
112,2005,0.0103
112,2003,0.008
112,1974,0.015
112,1973,0.0032
112,1972,0.0133
112,1971,0.0109
112,1970,0.0054
112,1969,0.0147
112,1968,0.0116
112,1967,0.016
112,1966,0.0115
112,1965,0.0284
112,1964,0.0295
112,1963,0.0127
112,1962,0.0184
112,1961,0.0226
110,2050,0.0341
110,2030,0.0396
110,2017,0.0442
110,2016,0.0413
110,2015,0.0426
110,2014,0.041
110,2013,0.0436
110,2012,0.0416
110,2011,0.0414
112,1975,0.008
112,1976,0.0084
112,1977,0.0073
112,1978,0.0087
112,2002,0.0174
112,2001,0.0057
112,2000,0.0039
112,1999,0.0014
112,1998,0.0091
112,1997,0.0104
112,1996,0.0087
112,1995,0.0102
112,1994,0.0088
112,1993,0.0094
112,1992,0.0214
112,2004,0.0073
112,1991,0.0142
112,1989,0.0076
112,1988,0.015
112,1987,0.0115
112,1986,0.0039
112,1985,0.0082
112,1984,0.0078
112,1983,0.0105
112,1982,0.0091
112,1981,0.0089
112,1980,0.0132
112,1979,0.0057
112,1990,0.0137
110,2010,0.039
114,1972,0.0049
114,1974,0.0091
118,2000,0.0005
118,1999,0.0006
118,1998,0.0005
118,1997,0.0003
118,1996,0.0003
118,1995,0.0002
118,1994,0.0001
118,1993,0.0001
118,1992,0
118,1991,0.0002
118,1990,0.0003
118,1989,0.0004
118,1988,0.0004
118,1987,0.0003
118,1986,0.0003
118,1985,0.0003
118,1984,0.0002
118,1983,0.0002
118,1982,0.0001
118,1981,0.0001
118,1980,0
118,1979,0
118,1978,0
118,2001,0.0006
118,2002,0.0005
118,2003,0.0005
118,2004,0.0005
113,2000,0.0381
113,1999,0.0475
113,1998,0.0415
113,1997,0.0397
113,1996,0.0454
113,1995,0.0483
113,1994,0.085
113,1993,0.1289
113,1992,0.1545
118,2050,0.0009
118,2030,0.0007
118,1977,0
118,2017,0.0005
118,2015,0.0006
118,2014,0.0012
118,2013,0.0013
118,2012,0.0011
118,2011,0.0009
118,2010,0.0005
118,2009,0.0006
118,2008,0.0005
118,2007,0.0005
118,2006,0.0005
118,2005,0.0006
118,2016,0.0005
114,1973,0.0092
118,1976,0
118,1974,0
114,1997,0.0138
114,1996,0.0099
114,1995,0.0094
114,1994,0.0096
114,1993,0.0101
114,1992,0.0116
114,1991,0.0113
114,1990,0.0111
114,1989,0.0112
114,1988,0.007
114,1987,0.0056
114,1986,0.004
114,1985,0.0032
114,1984,0.0032
114,1983,0.0118
114,1982,0.0155
114,1981,0.0145
114,1980,0.0165
114,1979,0.0237
114,1978,0.0131
114,1977,0.0152
114,1976,0.0107
114,1975,0.0096
114,1998,0.006
114,1999,0.0108
114,2000,0.0114
114,2001,0.0261
118,1973,0
118,1972,0
118,1971,0
118,1970,0
118,1969,0
118,1968,0
114,2050,0.0288
114,2030,0.0201
114,2017,0.0179
114,2016,0.0144
114,2015,0.012
118,1975,0
114,2014,0.0156
114,2012,0.0166
114,2011,0.0153
114,2010,0.0158
114,2009,0.0101
114,2008,0.0107
114,2007,0.0108
114,2006,0.0191
114,2005,0.0098
114,2004,0.0095
114,2003,0.0064
114,2002,0.0221
114,2013,0.0136
104,1966,0.15
110,2009,0.0427
110,2007,0.0455
105,1986,0.0041
105,1985,0.0033
105,1984,0.0032
105,1983,0.01
105,1982,0.0053
105,1981,0.0065
105,1980,0.0087
105,1979,0.0046
105,1978,0.0052
105,1977,0.0064
105,1976,0.0065
105,1975,0.0071
105,1974,0.0091
105,1973,0.0059
105,1972,0.009
105,1971,0.0053
105,1970,0.0046
105,1969,0.0069
105,1968,0.0091
105,1967,0.016
105,1966,0.0095
105,1965,0.0193
105,1964,0.0315
105,1987,0.0058
105,1988,0.0035
105,1989,0.0022
105,1990,0.0031
105,2014,0.0037
105,2013,0.0038
105,2012,0.0038
105,2011,0.0016
105,2010,0.0015
105,2009,0.0017
105,2008,0.0018
105,2007,0.0025
105,2006,0.0026
105,2005,0.0032
105,2004,0.003
105,1963,0.0143
105,2003,0.0036
105,2001,0.0028
105,2000,0.0007
105,1999,0.0006
105,1998,0.0013
105,1997,0.0009
105,1996,0.0012
105,1995,0.0017
105,1994,0.0041
105,1993,0.003
105,1992,0.0029
105,1991,0.0027
105,2002,0.0035
105,2015,0.0041
105,1962,0.0167
104,2050,0.2495
104,1990,0.2716
104,1989,0.2955
104,1988,0.3268
104,1987,0.3535
104,1986,0.3196
104,1985,0.3366
104,1984,0.3936
104,1983,0.34
104,1982,0.3773
104,1981,0.3787
104,1980,0.386
104,1979,0.3523
104,1978,0.3175
104,1977,0.3256
104,1976,0.2156
104,1975,0.2339
104,1974,0.2379
104,1973,0.2103
104,1972,0.2269
104,1971,0.2274
104,1970,0.1823
104,1969,0.1818
104,1968,0.173
104,1991,0.2548
104,1992,0.258
104,1993,0.2147
104,1994,0.2037
104,2030,0.2543
104,2017,0.3265
104,2016,0.3222
104,2015,0.3766
104,2014,0.3763
104,2013,0.3627
104,2012,0.2778
104,2011,0.3074
104,2010,0.2682
104,2009,0.2711
104,2008,0.284
105,1961,0.0201
104,2007,0.2473
104,2005,0.2265
104,2004,0.2903
104,2003,0.2639
104,2002,0.2152
104,2001,0.28
104,2000,0.2867
104,1999,0.2813
104,1998,0.2392
104,1997,0.242
104,1996,0.2693
104,1995,0.2402
104,2006,0.2498
110,2008,0.0503
105,2016,0.0035
105,2030,0.0029
110,1978,0.0767
110,1977,0.0502
110,1976,0.0514
110,1975,0.0533
110,1974,0.0558
110,1973,0.0526
110,1972,0.0791
110,1971,0.1199
110,1970,0.1407
110,1969,0.1957
110,1968,0.2417
110,1967,0.248
110,1966,0.2665
110,1965,0.2965
110,1964,0.296
110,1963,0.4188
110,1962,0.4171
110,1961,0.4766
106,2050,0.2968
106,2030,0.3027
106,2017,0.2274
106,2016,0.2278
106,2015,0.2207
110,1979,0.0952
110,1980,0.0916
110,1981,0.0911
110,1982,0.0925
110,2006,0.0412
110,2005,0.0432
110,2004,0.0469
110,2003,0.0472
110,2002,0.0512
110,2001,0.0485
110,2000,0.0494
110,1999,0.0474
110,1998,0.0351
110,1997,0.0455
110,1996,0.0536
106,2014,0.1973
110,1995,0.0508
110,1993,0.066
110,1992,0.0673
110,1991,0.0675
110,1990,0.0818
110,1989,0.0878
110,1988,0.0935
110,1987,0.0838
110,1986,0.0817
110,1985,0.089
110,1984,0.0931
110,1983,0.0905
110,1994,0.0525
105,2017,0.0034
106,2013,0.2038
106,2011,0.2223
106,1982,0.2565
106,1981,0.2361
106,1980,0.2281
106,1979,0.1986
106,1978,0.1982
106,1977,0.1667
106,1976,0.1769
106,1975,0.1568
106,1974,0.1363
106,1973,0.1132
106,1972,0.0977
106,1971,0.0955
106,1970,0.0831
106,1969,0.0781
106,1968,0.0712
106,1967,0.0793
106,1966,0.0704
106,1965,0.0778
106,1964,0.0721
106,1963,0.0787
106,1962,0.0804
106,1961,0.0801
105,2050,0.0029
106,1983,0.2832
106,1984,0.3761
106,1985,0.3822
106,1986,0.3641
106,2010,0.2312
106,2009,0.2466
106,2008,0.2874
106,2007,0.2866
106,2006,0.2967
106,2005,0.2817
106,2004,0.2683
106,2003,0.2411
106,2002,0.2792
106,2001,0.265
106,2000,0.2941
106,2012,0.218
106,1999,0.3055
106,1997,0.2785
106,1996,0.3137
106,1995,0.3298
106,1994,0.3411
106,1993,0.3786
106,1992,0.4032
106,1991,0.4159
106,1990,0.3969
106,1989,0.3853
106,1988,0.3664
106,1987,0.3961
106,1998,0.3198
221,2015,0.0006
