geo,year,fo_industrial_roundwood_import_value
1,1998,0
1,1999,0
1,2000,0
1,2001,637
1,2002,206
1,2003,37
1,2004,91
1,2005,114
1,2006,633
1,2007,206
1,2008,191
1,2009,665
1,2010,1
1,2011,51
1,2012,152
1,2013,185
1,2014,332
1,2015,22
1,2016,203
1,2017,344.54
1,2018,301
1,2019,338
1,2020,479
1,2021,465
1,2022,270
1,2023,234
10,1961,3959
10,1962,2349
10,1963,3284
10,1964,2977
10,1965,3779
10,1966,2401
10,1967,3243
10,1968,4805
10,1969,4382
10,1970,4112
10,1971,3544
10,1972,3137
10,1973,4517
10,1974,7151
10,1975,2471
10,1976,2801
10,1977,2136
10,1978,2268
10,1979,1894
10,1980,172
10,1981,75
10,1982,212
10,1983,287
10,1984,179
10,1985,103
10,1986,206
10,1987,270
10,1988,307
10,1989,1529
10,1990,347
10,1991,218
10,1992,766
10,1993,585
10,1994,504
10,1995,804
10,1996,848
10,1997,418
10,1998,999
10,1999,421
10,2000,585
10,2001,297
10,2002,740
10,2003,780
10,2004,1096
10,2005,905
10,2006,700
10,2007,700
10,2008,483
10,2009,1182
10,2010,717
10,2011,544
10,2012,899
10,2013,808
10,2014,2734
10,2015,3606
10,2016,2937
10,2017,3473
10,2018,1294
10,2019,4181
10,2020,2772
10,2021,1791
10,2022,3602
10,2023,1576
100,1961,2550
100,1962,2263
100,1963,1423
100,1964,2220
100,1965,1922
100,1966,878
100,1967,507
100,1968,416
100,1969,290
100,1970,138
100,1971,161
100,1972,161
100,1973,901
100,1974,1104
100,1975,727
100,1976,508
100,1977,928
100,1978,928
100,1979,2105
100,1980,2105
100,1981,1754
100,1982,3005
100,1983,3005
100,1984,3005
100,1985,3005
100,1986,30000
100,1987,67100
100,1988,101000
100,1989,88000
100,1990,237291
100,1991,165542
100,1992,208687
100,1993,30570
100,1994,38099
100,1995,48754
100,1996,108069
100,1997,130231
100,1998,186360
100,1999,198640
100,2000,392077
100,2001,417245
100,2002,400154
100,2003,682968
100,2004,827088
100,2005,867094
100,2006,799730
100,2007,1089848
100,2008,1240512
100,2009,1122055
100,2010,1326729
100,2011,1803056
100,2012,1947128
100,2013,2002409
100,2014,2015926
100,2015,1523002
100,2016,1232877
100,2017,1111204
100,2018,1022010
100,2019,995738
100,2020,580853
100,2021,1039368
100,2022,1060584
100,2023,918674
101,1990,15031
101,1991,11219
101,1992,27177
101,1993,21966
101,1994,27887
101,1995,26093
101,1996,48613
101,1997,42458
101,1998,42965
101,1999,76002
101,2000,36137
101,2001,30947
101,2002,26493
101,2003,19992
101,2004,20994
101,2005,27350
101,2006,17613
101,2007,28828
101,2008,21175
101,2009,14383
101,2010,22259
101,2011,15580
101,2012,13802
101,2013,14576
101,2014,23791
101,2015,37227
101,2016,53154
101,2017,58729
101,2018,43458
101,2019,38652
101,2020,29129
101,2021,7524
101,2022,13641
101,2023,5692
102,1961,1155
102,1962,297
102,1963,297
102,1964,815
102,1965,1102
102,1966,403
102,1967,576
102,1968,1639
102,1969,1236
102,1970,2368
102,1971,2048
102,1972,2266
102,1973,1231
102,1974,1729
102,1975,15276
102,1976,13449
102,1977,11144
102,1978,11144
102,1979,11144
102,1980,11144
102,1981,11144
102,1982,11144
102,1983,11144
102,1984,11144
102,1990,762
102,1991,5072
102,1992,5743
102,1993,403
102,1994,764
102,1995,680
102,1996,1843
102,1997,729
102,1998,591
102,1999,1064
102,2000,1064
102,2001,1050
102,2002,2432
102,2003,1318
102,2004,830
102,2005,5503
102,2006,5503
102,2007,7944
102,2008,6628
102,2009,6299
102,2010,857
102,2011,6517
102,2012,4692
102,2013,587
102,2014,1020
102,2015,611
102,2016,2001
102,2017,3829
102,2018,1968
102,2019,2194
102,2020,331
102,2021,0
102,2022,268
102,2023,1203
103,1990,3931
103,1991,3931
103,1992,3931
103,1993,171
103,1994,35
103,1995,35
103,1996,35
103,1997,4
103,1998,0
103,1999,3
103,2000,5
103,2001,153
103,2002,153
103,2003,153
103,2004,91
103,2005,91
103,2006,91
103,2007,91
103,2008,479
103,2009,153
103,2010,169
103,2011,338
103,2012,318
103,2013,459
103,2014,174
103,2015,109
103,2016,121
103,2017,1797
103,2018,5285
103,2019,4850
103,2020,4942
103,2021,3639
103,2022,3311
103,2023,1080
104,1961,714
104,1962,814
104,1963,1543
104,1964,1825
104,1965,2668
104,1966,1635
104,1967,1986
104,1968,2426
104,1969,2014
104,1970,1488
104,1971,995
104,1972,1893
104,1973,6546
104,1974,8560
104,1975,4991
104,1976,4827
104,1977,4372
104,1978,5652
104,1979,10932
104,1980,6282
104,1981,8071
104,1982,4277
104,1983,1987
104,1984,2784
104,1985,1543
104,1986,2246
104,1987,1930
104,1988,2652
104,1989,1693
104,1990,2519
104,1991,1531
104,1992,3859
104,1993,10890
104,1994,14657
104,1995,12827
104,1996,557
104,1997,28766
104,1998,29616
104,1999,21618
104,2000,25529
104,2001,24218
104,2002,22826
104,2003,44986
104,2004,55314
104,2005,65003
104,2006,73511
104,2007,103559
104,2008,71484
104,2009,41936
104,2010,38026
104,2011,35522
104,2012,30927
104,2013,34378
104,2014,42349
104,2015,48451
104,2016,39156
104,2017,46348.47
104,2018,40354
104,2019,40354
104,2020,31831
104,2021,51760
104,2022,36029
104,2023,36029
105,1961,5860
105,1962,7359
105,1963,7300
105,1964,8330
105,1965,7877
105,1966,6331
105,1967,6655
105,1968,8017
105,1969,9279
105,1970,9191
105,1971,11311
105,1972,13111
105,1973,19056
105,1974,24671
105,1975,15996
105,1976,15989
105,1977,16209
105,1978,24684
105,1979,35356
105,1980,34773
105,1981,27232
105,1982,27127
105,1983,22919
105,1984,22089
105,1985,21071
105,1986,31406
105,1987,29798
105,1988,34977
105,1989,29833
105,1990,41869
105,1991,40946
105,1992,40050
105,1993,41328
105,1994,30180
105,1995,20414
105,1996,31278
105,1997,24552
105,1998,40780
105,1999,18491
105,2000,12144
105,2001,5090
105,2002,1995
105,2003,930
105,2004,680
105,2005,1452
105,2006,1289
105,2007,1148
105,2008,1333
105,2009,1327
105,2010,842
105,2011,1109
105,2012,600
105,2013,600
105,2014,890
105,2015,728
105,2016,728
105,2017,728
105,2018,1719
105,2019,2202
105,2020,2202
105,2021,2202
105,2022,2202
105,2023,2202
106,1961,89953
106,1962,96272
106,1963,101243
106,1964,87483
106,1965,94089
106,1966,97386
106,1967,109034
106,1968,119299
106,1969,140819
106,1970,141758
106,1971,135885
106,1972,160192
106,1973,285612
106,1974,376339
106,1975,260763
106,1976,358284
106,1977,403074
106,1978,412043
106,1979,556486
106,1980,740228
106,1981,520058
106,1982,455585
106,1983,329508
106,1984,356160
106,1985,342032
106,1986,397395
106,1987,469479
106,1988,509465
106,1989,531542
106,1990,701284
106,1991,695421
106,1992,643208
106,1993,486022
106,1994,641385
106,1995,637473
106,1996,407431
106,1997,498508
106,1998,497600
106,1999,517275
106,2000,499503
106,2001,434107
106,2002,419089
106,2003,462628
106,2004,524968
106,2005,477542
106,2006,511376
106,2007,567291
106,2008,466573
106,2009,338444
106,2010,364543
106,2011,464057
106,2012,276439
106,2013,294318
106,2014,313648
106,2015,253485
106,2016,259356
106,2017,289751.14
106,2018,285436
106,2019,251329
106,2020,179075
106,2021,284926
106,2022,294927
106,2023,263645
107,1961,9
107,1962,8
107,1963,32
107,1964,30
107,1965,30
107,1966,30
107,1967,109
107,1968,65
107,1969,100
107,1970,23
107,1971,23
107,1972,23
107,1973,23
107,1974,23
107,1975,23
107,1994,0
107,1995,0
107,1996,0
107,1997,0
107,1998,0
107,1999,21000
107,2000,9300
107,2001,9300
107,2002,2600
107,2003,2600
107,2004,2600
107,2005,2600
107,2006,2600
107,2007,0
107,2008,15
107,2009,0
107,2010,90
107,2011,0
107,2012,43
107,2013,18
107,2014,7
107,2015,92
107,2016,114
107,2017,124
107,2018,910
107,2019,86
107,2020,18
107,2021,3
107,2022,69
107,2023,17
108,1993,263
108,1994,8
108,1995,8
108,1996,4973
108,1997,6731
108,1998,296
108,1999,6731
108,2000,2739
108,2001,2739
108,2002,3395
108,2003,4647
108,2004,6075
108,2005,7720
108,2006,7175
108,2007,9135
108,2008,8987
108,2009,5857
108,2010,8922
108,2011,15977
108,2012,16843
108,2013,12696
108,2014,9754
108,2015,9754
108,2016,9754
108,2017,9754.18
108,2018,14432
108,2019,18330
108,2020,12951
108,2021,17295
108,2022,8737
108,2023,10562
109,1961,286
109,1962,253
109,1963,118
109,1964,277
109,1965,316
109,1966,544
109,1967,1483
109,1968,539
109,1969,191
109,1970,567
109,1971,511
109,1972,1265
109,1973,1265
109,1974,1265
109,1975,1265
109,1976,1894
109,1977,1987
109,1978,548
109,1979,850
109,1980,2140
109,1981,793
109,1982,32
109,1983,900
109,1984,900
109,1985,900
109,1986,1098
109,1987,165
109,1988,165
109,1989,161
109,1990,4136
109,1991,1440
109,1992,842
109,1993,3791
109,1994,4703
109,1995,4597
109,1996,3905
109,1997,7005
109,1998,4736
109,1999,6229
109,2000,397
109,2001,194
109,2002,834
109,2003,1130
109,2004,1130
109,2005,1130
109,2006,722
109,2007,510
109,2008,737
109,2009,1146
109,2010,162
109,2011,313
109,2012,2639
109,2013,3789
109,2014,4019
109,2015,1815
109,2016,765
109,2017,121
109,2018,374
109,2019,3183
109,2020,7039
109,2021,8288
109,2022,6923
109,2023,5316
11,1961,10078
11,1962,7776
11,1963,11324
11,1964,15231
11,1965,13588
11,1966,10626
11,1967,12613
11,1968,16277
11,1969,16752
11,1970,31656
11,1971,30250
11,1972,29989
11,1973,63146
11,1974,101502
11,1975,66641
11,1976,68797
11,1977,78279
11,1978,83874
11,1979,128624
11,1980,190769
11,1981,141807
11,1982,134819
11,1983,115802
11,1984,101520
11,1985,134258
11,1986,166115
11,1987,222950
11,1988,225993
11,1989,223263
11,1990,291740
11,1991,359109
11,1992,326855
11,1993,246791
11,1994,303699
11,1995,322021
11,1996,299108
11,1997,324444
11,1998,339363
11,1999,469602
11,2000,435775
11,2001,370215
11,2002,399775
11,2003,470475
11,2004,570822
11,2005,599278
11,2006,713813
11,2007,805614
11,2008,732325
11,2009,672803
11,2010,738668
11,2011,813428
11,2012,739037
11,2013,841239
11,2014,760961
11,2015,652548
11,2016,729865
11,2017,712829.07
11,2018,799403
11,2019,682093
11,2020,719072
11,2021,962003
11,2022,880085
11,2023,873477
110,1961,233636
110,1962,287920
110,1963,362893
110,1964,396124
110,1965,452058
110,1966,613972
110,1967,837621
110,1968,1035942
110,1969,1153020
110,1970,1392356
110,1971,1332064
110,1972,1512231
110,1973,2905318
110,1974,3158596
110,1975,2262948
110,1976,3086169
110,1977,3354512
110,1978,3587377
110,1979,6312270
110,1980,5784995
110,1981,3495768
110,1982,3629980
110,1983,3048012
110,1984,3101568
110,1985,2821919
110,1986,3006019
110,1987,4415701
110,1988,3870744
110,1989,4716219
110,1990,4499194
110,1991,4132564
110,1992,4005840
110,1993,5652558
110,1994,4994020
110,1995,4731759
110,1996,4410409
110,1997,3204666
110,1998,2110847
110,1999,2330547
110,2000,2331429
110,2001,1872114
110,2002,1596253
110,2003,1652019
110,2004,1958469
110,2005,1700700
110,2006,1835794
110,2007,1757986
110,2008,1381625
110,2009,814852
110,2010,1005013
110,2011,1111343
110,2012,1030051
110,2013,1105006
110,2014,1043316
110,2015,797025
110,2016,823760
110,2017,775351
110,2018,900290
110,2019,740191
110,2020,567312
110,2021,762100
110,2022,894998
110,2023,558233
112,1981,263
112,1982,169
112,1983,169
112,1984,5205
112,1985,7675
112,1986,105
112,1987,114
112,1988,0
112,1989,81
112,1990,15
112,1991,15
112,1992,298
112,1993,304
112,1994,770
112,1995,4034
112,1996,2943
112,1997,477
112,1998,477
112,1999,980
112,2000,2297
112,2001,34
112,2002,9
112,2003,9
112,2004,463
112,2005,463
112,2006,463
112,2007,463
112,2008,378
112,2009,113
112,2010,1943
112,2011,1438
112,2012,1361
112,2013,823
112,2014,1007
112,2015,794
112,2016,529
112,2017,361
112,2018,678
112,2019,417
112,2020,419
112,2021,1495
112,2022,1336
112,2023,107
113,1993,239
113,1994,2
113,1995,2
113,1996,245
113,1997,245
113,1998,2
113,1999,94
113,2000,152
113,2001,81
113,2002,49
113,2003,97
113,2004,319
113,2005,321
113,2006,368
113,2007,368
113,2008,1202
113,2009,1459
113,2010,379
113,2011,450
113,2012,783
113,2013,267
113,2014,220
113,2015,417
113,2016,271
113,2017,756.7
113,2018,160
113,2019,6984
113,2020,2304
113,2021,1266
113,2022,506
113,2023,667
114,1962,3
114,1963,5
114,1964,5
114,1965,9
114,1966,17
114,1967,15
114,1968,15
114,1969,30
114,1970,81
114,1971,28
114,1972,30
114,1973,20
114,1974,13
114,1975,6
114,1994,5
114,1995,5
114,1996,0
114,1997,22
114,1998,0
114,1999,0
114,2000,0
114,2001,0
114,2002,0
114,2003,42
114,2004,112
114,2005,117
114,2006,517
114,2007,1564
114,2008,2064
114,2009,2893
114,2010,503
114,2011,1123
114,2012,1682
114,2013,1704
114,2014,673
114,2015,2306
114,2016,141
114,2017,652
114,2018,1094
114,2019,2365
114,2020,1674
114,2021,177
114,2022,388
114,2023,280
115,2000,0
115,2001,0
115,2002,0
115,2003,0
115,2004,240
115,2005,1
115,2006,0
115,2007,0
115,2008,20
115,2009,82
115,2010,0
115,2011,0.2
115,2012,16
115,2013,6
115,2014,1103
115,2015,263
115,2016,483
115,2017,3517
115,2018,11686
115,2019,7428
115,2020,5887
115,2021,7962
115,2022,19303
115,2023,4042
116,1968,171
116,1969,119
116,1970,135
116,1971,135
116,1972,135
116,1973,135
116,1974,135
116,1975,135
116,1976,135
116,1977,186
116,1978,188
116,1979,200
116,1980,202
116,1981,8300
116,1982,8300
116,1983,8300
116,1984,8300
116,1993,1186
116,1994,824
116,1995,451
116,1996,253
116,1997,1379
116,1998,535
116,1999,535
116,2000,535
116,2001,0
116,2002,0
116,2003,0
116,2004,0
116,2005,0
116,2006,0
116,2007,4230
116,2008,4504
116,2009,2133
116,2010,2193
116,2011,407
116,2012,451
116,2013,824
116,2014,2281
116,2015,2962
116,2016,511
116,2017,379
116,2018,81
116,2019,493
116,2020,0
116,2021,248
116,2022,343
116,2023,0
117,1961,9815
117,1962,16846
117,1963,20712
117,1964,17969
117,1965,18139
117,1966,42132
117,1967,55779
117,1968,88388
117,1969,99966
117,1970,125451
117,1971,160995
117,1972,131233
117,1973,283590
117,1974,312572
117,1975,269190
117,1976,415298
117,1977,524195
117,1978,642737
117,1979,1008531
117,1980,838237
117,1981,634635
117,1982,611327
117,1983,587472
117,1984,571065
117,1985,489116
117,1986,484867
117,1987,638050
117,1988,900256
117,1989,960023
117,1990,988611
117,1991,1038440
117,1992,914682
117,1993,1181368
117,1994,1011576
117,1995,1047332
117,1996,961860
117,1997,877117
117,1998,349655
117,1999,520655
117,2000,560297
117,2001,536113
117,2002,597373
117,2003,609925
117,2004,745139
117,2005,707378
117,2006,755683
117,2007,909032
117,2008,837654
117,2009,623927
117,2010,723301
117,2011,704207
117,2012,567730
117,2013,675668
117,2014,649787
117,2015,593768
117,2016,578027
117,2017,585280
117,2018,517377
117,2019,407141
117,2020,368919
117,2021,528188
117,2022,452581
117,2023,452581
118,1990,201
118,1991,411
118,1992,513
118,1993,498
118,1994,1287
118,1995,92
118,1996,487
118,1997,487
118,1998,487
118,1999,403
118,2000,403
118,2001,531
118,2002,531
118,2003,531
118,2004,474
118,2005,474
118,2006,474
118,2007,474
118,2008,585
118,2009,175
118,2010,219
118,2011,463
118,2012,296
118,2013,1357
118,2014,2836
118,2015,4374
118,2016,1320
118,2017,2027
118,2018,1177
118,2019,2689
118,2020,310
118,2021,928
118,2022,190
118,2023,242
119,1992,87
119,1993,47
119,1994,1191
119,1995,4297
119,1996,2310
119,1997,4059
119,1998,6789
119,1999,6760
119,2000,6966
119,2001,9889
119,2002,16453
119,2003,25169
119,2004,49563
119,2005,66182
119,2006,72569
119,2007,159662
119,2008,62015
119,2009,5576
119,2010,25246
119,2011,31461
119,2012,48954
119,2013,77976
119,2014,115303
119,2015,98013
119,2016,88279
119,2017,84829.98
119,2018,84831
119,2019,108435
119,2020,112295
119,2021,184149
119,2022,207183
119,2023,118133
12,1962,24
12,1963,24
12,1964,14
12,1965,28
12,1966,38
12,1967,16
12,1968,16
12,1969,570
12,1970,436
12,1971,436
12,1972,185
12,1973,203
12,1974,345
12,1975,414
12,1976,97
12,1977,195
12,1978,195
12,1979,195
12,1980,195
12,1981,160
12,1982,6
12,1983,6
12,1984,6
12,1985,6
12,1986,22
12,1987,22
12,1988,924
12,1989,1680
12,1990,1316
12,1991,947
12,1992,1411
12,1993,2042
12,1994,1379
12,1995,3706
12,1996,2054
12,1997,2221
12,1998,1418
12,1999,1463
12,2000,2443
12,2001,4227
12,2002,1134
12,2003,1504
12,2004,4142
12,2005,4142
12,2006,2148
12,2007,2659
12,2008,2458
12,2009,1775
12,2010,1819
12,2011,1243
12,2012,866
12,2013,977
12,2014,519
12,2015,2077
12,2016,1454
12,2017,504
12,2018,2064
12,2019,9972
12,2020,14718
12,2021,18080
12,2022,21453
12,2023,11538
120,1994,0
120,1995,0
120,1996,0
120,1997,0
120,1998,0
120,1999,0
120,2000,0
120,2001,0
120,2002,0
120,2003,0
120,2004,0
120,2005,0
120,2006,0
120,2007,0
120,2008,13
120,2009,16
120,2010,0
120,2011,0
120,2012,0
120,2013,367
120,2014,6
120,2015,2
120,2016,1
120,2017,7
120,2018,1225
120,2019,12
120,2020,0
120,2021,0
120,2022,331
120,2023,0
121,1961,2493
121,1962,1325
121,1963,1518
121,1964,1819
121,1965,2720
121,1966,2656
121,1967,1718
121,1968,2254
121,1969,1422
121,1970,1073
121,1971,1800
121,1972,3116
121,1973,3550
121,1974,3574
121,1975,3260
121,1976,2660
121,1977,917
121,1978,917
121,1979,917
121,1980,917
121,1981,110
121,1982,90
121,1983,90
121,1984,90
121,1985,90
121,1986,228
121,1987,73
121,1988,184
121,1989,291
121,1990,116
121,1991,43
121,1992,77
121,1993,212
121,1994,248
121,1995,493
121,1996,2881
121,1997,624
121,1998,501
121,1999,168
121,2000,132
121,2001,171
121,2002,171
121,2003,171
121,2004,2364
121,2005,2364
121,2006,2364
121,2007,2364
121,2008,2364
121,2009,5264
121,2010,5112
121,2011,5198
121,2012,4814
121,2013,4287
121,2014,4314
121,2015,4692
121,2016,1000
121,2017,1393
121,2018,3147
121,2019,1440
121,2020,557
121,2021,939
121,2022,181
121,2023,131
122,2010,417
122,2011,1426
122,2012,1051
122,2013,1057
122,2014,1064
122,2015,695
122,2016,1282
122,2017,2924
122,2018,3336
122,2019,3093
122,2020,1432
122,2021,1689
122,2022,1627
122,2023,1945
123,1994,0
123,1995,0
123,1996,0
123,1997,0
123,1998,0
123,1999,0
123,2000,0
123,2001,0
123,2002,0
123,2003,79
123,2004,0
123,2005,81
123,2006,84
123,2007,6
123,2008,60
123,2009,67
123,2010,756
123,2011,12
123,2012,19
123,2013,6
123,2014,576
123,2015,112
123,2016,0
123,2017,9
123,2018,1033
123,2019,1021
123,2020,636
123,2021,2095
123,2022,678
123,2023,617
124,1964,352
124,1965,467
124,1966,404
124,1967,678
124,1968,802
124,1969,667
124,1970,444
124,1971,832
124,1972,1766
124,1973,4424
124,1974,6371
124,1975,6371
124,1976,3900
124,1977,17206
124,1978,22281
124,1979,22281
124,1980,22281
124,1981,16299
124,1982,9982
124,1983,9982
124,1984,9982
124,1985,9982
124,1986,9982
124,1987,9982
124,1988,9982
124,1989,9982
124,1990,366
124,1991,53
124,1992,195
124,1993,23
124,1994,29
124,1995,29
124,1996,1679
124,1997,1679
124,1998,152
124,1999,735
124,2000,735
124,2001,82
124,2002,82
124,2003,82
124,2004,481
124,2005,481
124,2006,481
124,2007,481
124,2008,481
124,2009,1070
124,2010,4298
124,2011,382
124,2012,2596
124,2013,9497
124,2014,8127
124,2015,1118
124,2016,222
124,2017,9354
124,2018,4440
124,2019,2079
124,2020,770
124,2021,341
124,2022,3666
124,2023,2040
126,1992,78
126,1993,78
126,1994,56
126,1995,574
126,1996,598
126,1997,4217
126,1998,4392
126,1999,4394
126,2000,4833
126,2001,4741
126,2002,4931
126,2003,5361
126,2004,13694
126,2005,17145
126,2006,13423
126,2007,27879
126,2008,14954
126,2009,9745
126,2010,18863
126,2011,18168
126,2012,19033
126,2013,22202
126,2014,24000
126,2015,17955
126,2016,20972
126,2017,15774.12
126,2018,16082
126,2019,14183
126,2020,13948
126,2021,23701
126,2022,24938
126,2023,32218
127,2015,6
127,2016,274
127,2017,278
127,2018,0
127,2019,6
127,2020,137
127,2021,89
127,2022,26
127,2023,24
128,1961,1400
128,1962,1700
128,1963,1564
128,1964,1681
128,1965,653
128,1966,305
128,1967,86
128,1968,140
128,1969,140
128,1978,1220
128,1979,2034
128,1980,1936
128,1981,1936
128,1982,1936
128,1983,1936
128,1984,1132
128,1985,958
128,1986,966
128,1987,1613
128,1988,1375
128,1989,354
128,1990,1089
128,1991,2117
128,1992,2137
128,1993,1569
128,1994,1235
128,1995,1235
128,1996,1243
128,1997,1051
128,1998,234
128,1999,234
128,2000,187
128,2001,106
128,2002,163
128,2003,49
128,2004,141
128,2005,47
128,2006,162
128,2007,373
128,2008,272
128,2009,103
128,2010,132
128,2011,28.2
128,2012,250
128,2013,382
128,2014,0
128,2015,3
128,2016,0
128,2017,4
128,2018,0
128,2019,0
128,2020,0
128,2021,0
128,2022,0
128,2023,0
129,1995,373
129,1996,373
129,1997,373
129,1998,12
129,1999,0
129,2000,0
129,2001,0
129,2002,0
129,2003,0
129,2004,13
129,2005,13
129,2006,785
129,2007,806
129,2008,1018
129,2009,235
129,2010,753
129,2011,124
129,2012,54
129,2013,1
129,2014,1
129,2015,168
129,2016,72
129,2017,26
129,2018,576
129,2019,628
129,2020,615
129,2021,282
129,2022,1063
129,2023,1098
13,1970,35
13,1971,60
13,1972,72
13,1973,29
13,1974,29
13,1975,29
13,1976,29
13,1977,40
13,1978,377
13,1979,1803
13,1980,12724
13,1981,11185
13,1982,14177
13,1983,14177
13,1984,14177
13,1985,3600
13,1986,3600
13,1987,3600
13,1988,3600
13,1989,3600
13,1990,38
13,1991,67
13,1992,91
13,1993,101
13,1994,22
13,1995,55
13,1996,143
13,1997,143
13,1998,0
13,1999,0
13,2000,0
13,2001,0
13,2002,9
13,2003,210
13,2004,87
13,2005,82
13,2006,416
13,2007,365
13,2008,336
13,2009,284
13,2010,580
13,2011,808
13,2012,1603
13,2013,889
13,2014,890
13,2015,1412
13,2016,968
13,2017,558
13,2018,415
13,2019,206
13,2020,101
13,2021,234
13,2022,474
13,2023,508
130,1995,2
130,1996,2
130,1997,2
130,1998,2
130,1999,2
130,2000,2
130,2001,2
130,2002,2
130,2003,62
130,2004,38
130,2005,38
130,2006,98
130,2007,3
130,2008,9
130,2009,45
130,2010,96
130,2011,26
130,2012,16
130,2013,45
130,2014,27
130,2015,176
130,2016,1
130,2017,895
130,2018,713
130,2019,1226
130,2020,5342
130,2021,67
130,2022,113
130,2023,93
131,1961,838
131,1962,939
131,1963,1065
131,1964,381
131,1965,220
131,1966,165
131,1967,117
131,1968,228
131,1969,172
131,1970,403
131,1971,1399
131,1972,4701
131,1973,5913
131,1974,737
131,1975,1001
131,1976,369
131,1977,660
131,1978,1690
131,1979,3392
131,1980,3392
131,1981,3485
131,1982,367
131,1983,417
131,1984,457
131,1985,497
131,1986,636
131,1987,601
131,1990,1292
131,1991,2987
131,1992,5919
131,1993,4338
131,1994,4475
131,1995,18716
131,1996,26677
131,1997,11665
131,1998,19835
131,1999,51339
131,2000,57087
131,2001,111074
131,2002,53370
131,2003,29900
131,2004,32567
131,2005,11344
131,2006,12665
131,2007,16219
131,2008,25671
131,2009,11567
131,2010,17562
131,2011,23813
131,2012,17548
131,2013,16021
131,2014,25965
131,2015,9636
131,2016,8649
131,2017,6860
131,2018,38376
131,2019,22490
131,2020,31212
131,2021,53108
131,2022,49113
131,2023,20961
132,1991,10
132,1992,111
132,1993,111
132,1994,119
132,1995,0
132,1996,0
132,1997,0
132,1998,0
132,1999,0
132,2000,0
132,2001,0
132,2002,0
132,2003,0
132,2004,0
132,2005,0
132,2006,0
132,2007,0
132,2008,0
132,2009,290
132,2010,28
132,2011,13
132,2012,234
132,2013,234
132,2014,442
132,2015,91
132,2016,206
132,2017,549
132,2018,1550
132,2019,818
132,2020,533
132,2021,35
132,2022,190
132,2023,51
133,1995,7
133,1996,7
133,1997,7
133,1998,7
133,1999,218
133,2000,218
133,2001,218
133,2002,3
133,2003,10
133,2004,60
133,2005,60
133,2006,60
133,2007,61
133,2008,169
133,2009,0
133,2010,12.1
133,2011,2
133,2012,2674
133,2013,6284
133,2014,640
133,2015,180
133,2016,85
133,2017,10
133,2018,0
133,2019,6
133,2020,99
133,2021,0
133,2022,0
133,2023,0
134,1961,17
134,1962,47
134,1963,56
134,1964,43
134,1965,98
134,1966,12
134,1967,45
134,1968,16
134,1969,25
134,1970,23
134,1971,15
134,1972,35
134,1973,39
134,1974,61
134,1975,98
134,1976,114
134,1977,45
134,1978,43
134,1979,152
134,1980,100
134,1981,100
134,1982,100
134,1983,100
134,1984,34
134,1985,137
134,1986,93
134,1987,93
134,1988,93
134,1989,83
134,1990,3819
134,1991,1184
134,1992,1987
134,1993,636
134,1994,1085
134,1995,2490
134,1996,2543
134,1997,202
134,1998,15
134,1999,54
134,2000,220
134,2001,219
134,2002,218
134,2003,0
134,2004,0
134,2005,0
134,2006,22
134,2007,3
134,2008,3
134,2009,18
134,2010,116
134,2011,184
134,2012,354
134,2013,156
134,2014,249
134,2015,190
134,2016,0
134,2017,88.33
134,2018,11
134,2019,7
134,2020,7
134,2021,7
134,2022,7
134,2023,7
135,1990,277
135,1991,349
135,1992,155
135,1993,43
135,1994,1073
135,1995,1140
135,1996,1140
135,1997,1140
135,1998,1140
135,1999,1140
135,2000,1140
135,2001,1140
135,2002,1140
135,2003,1140
135,2004,1140
135,2005,1140
135,2006,1140
135,2007,1140
135,2008,1140
135,2009,1140
135,2010,1140
135,2011,1140
135,2012,1140
135,2013,1140
135,2014,1140
135,2015,1140
135,2016,1140
135,2017,1140
135,2018,1140
135,2019,1140
135,2020,1140
135,2021,1140
135,2022,1140
135,2023,1140
136,1994,0
136,1995,12
136,1996,7
136,1997,7
136,1998,7
136,1999,7
136,2000,5
136,2001,5
136,2002,9
136,2003,19
136,2004,202
136,2005,202
136,2006,202
136,2007,365
136,2008,380
136,2009,455
136,2010,2821
136,2011,4603
136,2012,3368
136,2013,3207
136,2014,3160
136,2015,271
136,2016,1548
136,2017,2121
136,2018,1830
136,2019,1894
136,2020,298
136,2021,547
136,2022,1484
136,2023,4411
137,1970,42
137,1971,29
137,1972,70
137,1973,102
137,1974,295
137,1975,166
137,1976,347
137,1977,750
137,1978,296
137,1979,762
137,1980,623
137,1981,606
137,1982,324
137,1983,271
137,1984,264
137,1985,223
137,1986,459
137,1987,595
137,1988,392
137,1989,3204
137,1991,3214
137,1992,3587
137,1993,2937
137,1994,1754
137,1995,832
137,1996,4253
137,1997,1519
137,1998,1924
137,1999,2280
137,2000,1454
137,2001,990
137,2002,1528
137,2003,2987
137,2004,2085
137,2005,2085
137,2006,2085
137,2007,2424
137,2008,2242
137,2009,1608
137,2010,5007
137,2011,4989
137,2012,5726
137,2013,4390
137,2014,4420
137,2015,3147
137,2016,3244
137,2017,3941
137,2018,4900
137,2019,6210
137,2020,3613
137,2021,2156
137,2022,5846
137,2023,654
138,1961,758
138,1962,822
138,1963,1001
138,1964,433
138,1965,2201
138,1966,1411
138,1967,1767
138,1968,1314
138,1969,1719
138,1970,3544
138,1971,1389
138,1972,361
138,1973,978
138,1974,945
138,1975,2938
138,1976,3943
138,1977,936
138,1978,936
138,1979,7318
138,1980,15424
138,1981,7346
138,1982,3546
138,1983,3546
138,1984,2092
138,1985,2695
138,1986,895
138,1987,1054
138,1988,1239
138,1989,1037
138,1990,3479
138,1991,3502
138,1992,3282
138,1993,5192
138,1994,13028
138,1995,9732
138,1996,5716
138,1997,10847
138,1998,4058
138,1999,8328
138,2000,7926
138,2001,12000
138,2002,9629
138,2003,16309
138,2004,53596
138,2005,38688
138,2006,37037
138,2007,30105
138,2008,12471
138,2009,9085
138,2010,7031
138,2011,5355
138,2012,9425
138,2013,4887
138,2014,3820
138,2015,5277
138,2016,1305
138,2017,1723
138,2018,4116
138,2019,11224
138,2020,12222
138,2021,15217
138,2022,18487
138,2023,28346
14,1961,24
14,1962,46
14,1963,195
14,1964,155
14,1965,152
14,1966,204
14,1967,88
14,1968,63
14,1969,67
14,1970,59
14,1971,66
14,1972,77
14,1973,70
14,1974,70
14,1975,70
14,1976,150
14,1977,237
14,1978,237
14,1979,160
14,1980,161
14,1981,391
14,1982,87
14,1983,200
14,1984,416
14,1985,315
14,1986,315
14,1987,315
14,1988,315
14,1989,466
14,1990,50
14,1991,903
14,1992,16
14,1993,16
14,1994,380
14,1995,190
14,1996,116
14,1997,725
14,1998,653
14,1999,666
14,2000,666
14,2001,110
14,2002,338
14,2003,355
14,2004,417
14,2005,417
14,2006,513
14,2007,576
14,2008,249
14,2009,557
14,2010,697
14,2011,602
14,2012,436
14,2013,619
14,2014,486
14,2015,294
14,2016,396
14,2017,159
14,2018,48
14,2019,788
14,2020,246
14,2021,633
14,2022,760
14,2023,1494
141,1994,0
141,1995,3
141,1996,3
141,1997,779
141,1998,779
141,1999,556
141,2000,308
141,2001,308
141,2002,308
141,2003,308
141,2004,308
141,2005,308
141,2006,308
141,2007,308
141,2008,292
141,2009,292
141,2010,104
141,2011,60
141,2012,147
141,2013,136
141,2014,105
141,2015,10
141,2016,69
141,2017,117
141,2018,31
141,2019,25
141,2020,14
141,2021,31
141,2022,0
141,2023,0
142,2015,53
142,2016,12
142,2017,0
142,2018,0
142,2019,29
142,2020,31
142,2021,53
142,2022,36
142,2023,83
143,1961,3060
143,1962,3798
143,1963,4607
143,1964,4630
143,1965,4657
143,1966,5381
143,1967,5226
143,1968,5152
143,1969,6038
143,1970,7299
143,1971,8953
143,1972,8838
143,1973,8838
143,1974,20807
143,1975,17110
143,1976,17558
143,1977,21510
143,1978,21771
143,1979,26737
143,1980,34170
143,1981,27789
143,1982,30797
143,1983,22544
143,1984,22440
143,1985,22925
143,1986,23979
143,1987,27379
143,1988,57327
143,1989,46000
143,1990,7165
143,1991,35457
143,1992,53572
143,1993,43953
143,1994,60676
143,1995,66301
143,1996,45998
143,1997,49242
143,1998,33512
143,1999,46222
143,2000,44915
143,2001,70660
143,2002,45477
143,2003,49996
143,2004,61582
143,2005,61582
143,2006,56700
143,2007,77032
143,2008,90145
143,2009,33487
143,2010,64993
143,2011,63379
143,2012,33521
143,2013,13100
143,2014,12787
143,2015,14035
143,2016,13934
143,2017,15252
143,2018,13202
143,2019,15773
143,2020,8271
143,2021,7420
143,2022,8730
143,2023,6043
144,1994,0
144,1995,0
144,1996,0
144,1997,0
144,1998,0
144,1999,369
144,2000,7
144,2001,31
144,2002,31
144,2003,953
144,2004,1038
144,2005,1038
144,2006,559
144,2007,525
144,2008,7191
144,2009,1519
144,2010,377
144,2011,329
144,2012,1203
144,2013,2256
144,2014,1972
144,2015,380
144,2016,151
144,2017,211
144,2018,6544
144,2019,10175
144,2020,6808
144,2021,6774
144,2022,5997
144,2023,5926
145,1992,6
145,1993,66
145,1994,32
145,1995,32
145,1996,32
145,1997,32
145,1998,32
145,1999,32
145,2000,32
145,2001,32
145,2002,32
145,2003,32
145,2004,32
145,2005,32
145,2006,32
145,2007,32
145,2008,32
145,2009,32
145,2010,45
145,2011,16
145,2012,0
145,2013,25
145,2014,43
145,2015,21
145,2016,41
145,2017,1
145,2018,21
145,2019,53
145,2020,175
145,2021,93
145,2022,74
145,2023,282
146,1994,837
146,1995,1112
146,1996,1112
146,1997,1112
146,1998,1316
146,1999,1316
146,2000,1316
146,2001,1316
146,2002,1316
146,2003,1316
146,2004,1316
146,2005,1316
146,2006,3144
146,2007,3018
146,2008,3018
146,2009,3018
146,2010,3018
146,2011,3354
146,2012,3807
146,2013,2740
146,2014,2281
146,2015,2281
146,2016,1343
146,2017,34.93
146,2018,35
146,2019,26
146,2020,7
146,2021,7
146,2022,7
146,2023,7
147,2000,347
147,2001,396
147,2002,234
147,2003,296
147,2004,524
147,2005,931
147,2006,1391
147,2007,1529
147,2008,1655
147,2009,1701
147,2010,2017
147,2011,1708
147,2012,1925
147,2013,1651
147,2014,800
147,2015,812
147,2016,753
147,2017,4874
147,2018,6553
147,2019,6657
147,2020,6973
147,2021,7795
147,2022,6864
147,2023,7991
148,1994,1
148,1995,1
148,1996,1
148,1997,1
148,1998,1
148,1999,1
148,2000,1
148,2001,1
148,2002,1
148,2003,1
148,2004,1
148,2005,1
148,2006,1
148,2007,1
148,2008,1
148,2009,1
148,2010,1
148,2011,1
148,2012,1
148,2013,1
148,2014,1
148,2015,53
148,2016,40
148,2017,147
148,2018,181
148,2019,50
148,2020,78
148,2021,247
148,2022,591
148,2023,16
149,1993,2
149,1994,2
149,1995,2
149,1996,0
149,1997,0
149,1998,0
149,1999,0
149,2000,0
149,2001,0
149,2002,0
149,2003,285
149,2004,45
149,2005,9.2
149,2006,29
149,2007,4
149,2008,20
149,2009,16
149,2010,2
149,2011,8
149,2012,0.28
149,2013,23
149,2014,369
149,2015,653
149,2016,102
149,2017,3757
149,2018,31
149,2019,113
149,2020,23
149,2021,23
149,2022,27
149,2023,29
15,1961,18994
15,1962,18246
15,1963,19311
15,1964,26583
15,1965,23350
15,1966,24449
15,1967,24113
15,1968,26368
15,1969,34331
15,1970,34402
15,1971,39405
15,1972,32458
15,1973,72979
15,1974,100746
15,1975,64672
15,1976,77835
15,1977,104002
15,1978,116830
15,1979,128896
15,1980,158147
15,1981,139382
15,1982,141104
15,1983,94822
15,1984,96325
15,1985,95651
15,1986,115728
15,1987,131368
15,1988,133444
15,1989,143344
15,1990,120447
15,1991,140066
15,1992,137644
15,1993,122800
15,1994,169686
15,1995,186367
15,1996,153090
15,1997,148853
15,1998,148888
15,1999,199801
150,1961,28158
150,1962,25754
150,1963,27194
150,1964,33778
150,1965,32452
150,1966,34080
150,1967,28883
150,1968,33727
150,1969,36093
150,1970,34725
150,1971,31643
150,1972,32581
150,1973,60235
150,1974,75324
150,1975,52881
150,1976,58377
150,1977,70147
150,1978,67272
150,1979,68482
150,1980,77634
150,1981,47254
150,1982,40434
150,1983,37820
150,1984,37764
150,1985,36653
150,1986,50992
150,1987,57605
150,1988,65419
150,1989,62741
150,1990,13236
150,1991,63912
150,1992,58662
150,1993,50049
150,1994,56628
150,1995,55864
150,1996,46138
150,1997,38017
150,1998,46842
150,1999,43003
150,2000,33957
150,2001,36462
150,2002,36587
150,2003,30972
150,2004,21560
150,2005,26313
150,2006,33014
150,2007,45512
150,2008,36606
150,2009,24775
150,2010,25365
150,2011,37330
150,2012,18522
150,2013,30004
150,2014,28627
150,2015,19940
150,2016,22646
150,2017,44530.6
150,2018,50516
150,2019,51119
150,2020,54343
150,2021,46862
150,2022,40808
150,2023,40808
151,1964,24
151,1965,51
151,1966,15
151,1967,30
151,1968,48
151,1969,106
151,1970,151
151,1971,151
151,1972,151
151,1973,151
151,1974,232
151,1975,328
151,1976,328
151,1977,328
151,1978,328
151,1979,328
151,1980,328
151,1981,50
151,1982,3
151,1983,3
151,1990,126
151,1991,53
151,1992,58
151,1993,164
151,1994,390
151,1995,91
151,1996,247
151,1997,105
151,1998,130
151,1999,89
151,2000,41
151,2001,41
151,2002,79
151,2003,62
151,2004,97
151,2005,97
151,2006,151
151,2007,1225
151,2008,4419
151,2009,355
151,2010,246
153,1975,30
153,1976,132
153,1977,135
153,1978,107
153,1979,750
153,1980,750
153,1981,700
153,1982,350
153,1983,350
153,1984,350
153,1985,350
153,1986,350
153,1987,350
153,1988,42
153,1989,98
153,1990,14
153,1991,182
153,1992,87
153,1993,170
153,1994,81
153,1995,68
153,1996,72
153,1997,1
153,1998,110
153,1999,78
153,2000,78
153,2001,78
153,2002,157
153,2003,214
153,2004,248
153,2005,248
153,2006,312
153,2007,137
153,2008,297
153,2009,277
153,2010,523
153,2011,223
153,2012,213
153,2013,279
153,2014,453
153,2015,59
153,2016,28
153,2017,215
153,2018,315
153,2019,180
153,2020,282
153,2021,270
153,2022,485
153,2023,354
154,1993,33
154,1994,106
154,1995,66
154,1996,66
154,1997,87
154,1998,76
154,1999,51
154,2000,84
154,2001,183
154,2002,118
154,2003,103
154,2004,31
154,2005,33
154,2006,91
154,2007,105
154,2008,141
154,2009,2117
154,2010,2595
154,2011,2582
154,2012,1302
154,2013,1433
154,2014,1228
154,2015,597
154,2016,1266
154,2017,1265.22
154,2018,1543
154,2019,969
154,2020,1454
154,2021,1247
154,2022,978
154,2023,650
155,1994,0
155,1995,0
155,1996,6
155,1997,6
155,1998,2
155,1999,26
155,2000,22
155,2001,22
155,2002,0
155,2003,52
155,2004,202
155,2005,90
155,2006,108
155,2007,41
155,2008,49
155,2009,44
155,2010,2
155,2011,81
155,2012,0
155,2013,5
155,2014,3
155,2015,0
155,2016,3
155,2017,58
155,2018,114
155,2019,1
155,2020,27
155,2021,7
155,2022,33
155,2023,61
156,1961,640
156,1962,357
156,1963,469
156,1964,515
156,1965,749
156,1966,584
156,1967,456
156,1968,408
156,1969,630
156,1970,754
156,1971,538
156,1972,553
156,1973,560
156,1974,701
156,1975,1296
156,1976,992
156,1977,1007
156,1978,749
156,1979,562
156,1980,1462
156,1981,1977
156,1982,3593
156,1983,766
156,1984,831
156,1985,799
156,1986,951
156,1987,2859
156,1988,3795
156,1989,2826
156,1990,1831
156,1991,1009
156,1992,1357
156,1993,1320
156,1994,1128
156,1995,924
156,1996,1158
156,1997,1010
156,1998,1167
156,1999,989
156,2000,1778
156,2001,1714
156,2002,2112
156,2003,1371
156,2004,1181
156,2005,1695
156,2006,1978
156,2007,3496
156,2008,2543
156,2009,1262
156,2010,2945
156,2011,1940
156,2012,2931
156,2013,4077
156,2014,8243
156,2015,2041
156,2016,1658
156,2017,4943
156,2018,2685
156,2019,3028
156,2020,1670
156,2021,3114
156,2022,2474
156,2023,3944
157,1961,34
157,1962,34
157,1963,57
157,1964,44
157,1965,44
157,1966,189
157,1967,321
157,1968,321
157,1969,40
157,1970,1290
157,1971,232
157,1972,232
157,1973,71
157,1974,71
157,1975,306
157,1976,510
157,1977,720
157,1978,936
157,1979,1171
157,1980,1171
157,1981,1171
157,1982,65
157,1983,65
157,1984,65
157,1991,29
157,1992,29
157,1993,29
157,1994,58
157,1995,389
157,1996,102
157,1997,102
157,1998,10
157,1999,50
157,2000,38
157,2001,38
157,2002,39
157,2003,32
157,2004,13
157,2005,13
157,2006,93
157,2007,113
157,2008,205
157,2009,205
157,2010,84
157,2011,133
157,2012,148
157,2013,82
157,2014,96
157,2015,16
157,2016,9
157,2017,1625
157,2018,3717
157,2019,1843
157,2020,1083
157,2021,426
157,2022,334
157,2023,49
158,2002,2
158,2003,66
158,2004,66
158,2005,66
158,2006,66
158,2007,29
158,2008,50
158,2009,50
158,2010,144
158,2011,326
158,2012,13
158,2013,4857
158,2014,72
158,2015,8
158,2016,11
158,2017,69
158,2018,129
158,2019,74
158,2020,8
158,2021,12
158,2022,43
158,2023,4
159,1974,356
159,1975,233
159,1976,237
159,1977,1358
159,1978,1358
159,1979,1358
159,1980,1358
159,1981,1358
159,1982,1358
159,1983,164
159,1984,207
159,1985,207
159,1986,207
159,1987,207
159,1988,0
159,1989,0
159,1994,170
159,1995,170
159,1996,170
159,1997,170
159,1998,72
159,1999,0
159,2000,0
159,2001,221
159,2002,136
159,2003,35
159,2004,221
159,2005,267
159,2006,28
159,2007,111
159,2008,736
159,2009,172
159,2010,9.2
159,2011,568
159,2012,39
159,2013,159
159,2014,669
159,2015,93
159,2016,354
159,2017,302
159,2018,1251
159,2019,449
159,2020,5900
159,2021,6996
159,2022,9681
159,2023,9808
16,1985,9258
16,1986,2349
16,1987,3629
16,1988,5150
16,1989,8500
16,1990,500
16,1991,551
16,1992,2425
16,1993,2425
16,1994,1789
16,1995,1517
16,1996,2696
16,1997,1474
16,1998,9137
16,1999,835
16,2000,835
16,2001,556
16,2002,10654
16,2003,20523
16,2004,22577
16,2005,674
16,2006,7
16,2007,33
16,2008,58
16,2009,73
16,2010,10762
16,2011,2911
16,2012,3380
16,2013,843
16,2014,18762
16,2015,9767
16,2016,17755
16,2017,20071
16,2018,8262
16,2019,13464
16,2020,10311
16,2021,4208
16,2022,6730
16,2023,2720
160,1994,0
160,1995,0
160,1996,0
160,1997,0
160,1998,0
160,1999,0
160,2000,0
160,2001,0
160,2002,0
160,2003,0
160,2004,0
160,2005,0
160,2006,0
160,2007,0
160,2008,0
160,2009,0
160,2010,0
160,2011,0
160,2012,0
160,2013,0
160,2014,0
160,2015,0
160,2016,0
160,2017,5
160,2018,0
160,2019,1
160,2020,6
160,2021,6
160,2022,0
160,2023,9
161,1994,0
161,1995,0
161,1996,0
161,1997,0
161,1998,0
161,1999,0
161,2000,0
161,2001,0
161,2002,0
161,2003,0
161,2004,0
161,2005,0
161,2006,0
161,2007,0
161,2008,0
161,2009,0
161,2010,0
161,2011,0
161,2012,0
161,2013,0
161,2014,0
161,2015,0
161,2016,0
161,2017,35
161,2018,17
161,2019,39
161,2020,0
161,2021,18
161,2022,0
161,2023,0
162,1961,27073
162,1962,21491
162,1963,18930
162,1964,30927
162,1965,37378
162,1966,46041
162,1967,42532
162,1968,41015
162,1969,38467
162,1970,61907
162,1971,52420
162,1972,32574
162,1973,35396
162,1974,60291
162,1975,95510
162,1976,53251
162,1977,42450
162,1978,36699
162,1979,35950
162,1980,45256
162,1981,48746
162,1982,31217
162,1983,30928
162,1984,37156
162,1985,38438
162,1986,64313
162,1987,100525
162,1988,99985
162,1989,67743
162,1990,73473
162,1991,75104
162,1992,82201
162,1993,58546
162,1994,137152
162,1995,243320
162,1996,159093
162,1997,161544
162,1998,184813
162,1999,151895
162,2000,145810
162,2001,123826
162,2002,115084
162,2003,137122
162,2004,168608
162,2005,200050
162,2006,151173
162,2007,213225
162,2008,171700
162,2009,70596
162,2010,108135
162,2011,114454
162,2012,69101
162,2013,53240
162,2014,38226
162,2015,25509
162,2016,25742
162,2017,38852.39
162,2018,38335
162,2019,32849
162,2020,26085
162,2021,30731
162,2022,40700
162,2023,21564
163,2015,0
163,2016,0
163,2017,0
163,2018,0
163,2019,0
163,2020,0
163,2021,0
163,2022,0
163,2023,0
165,1961,3264
165,1962,4713
165,1963,2008
165,1964,1213
165,1965,2071
165,1966,1454
165,1967,1457
165,1968,1514
165,1969,3255
165,1970,4240
165,1971,10009
165,1972,4532
165,1973,1879
165,1974,1879
165,1975,4457
165,1976,3795
165,1977,5254
165,1978,7381
165,1979,6512
165,1980,5791
165,1981,3592
165,1982,3880
165,1983,2260
165,1984,1398
165,1985,1826
165,1986,2480
165,1987,2823
165,1988,2437
165,1989,1842
165,1990,3682
165,1991,3969
165,1992,6139
165,1993,6529
165,1994,7106
165,1995,12500
165,1996,11083
165,1997,18983
165,1998,15857
165,1999,20832
165,2000,20052
165,2001,16497
165,2002,11500
165,2003,20641
165,2004,20030
165,2005,23956
165,2006,30887
165,2007,27134
165,2008,34764
165,2009,20858
165,2010,22615
165,2011,23443
165,2012,11940
165,2013,11486
165,2014,14119
165,2015,24025
165,2016,35876
165,2017,38741
165,2018,39580
165,2019,14519
165,2020,13292
165,2021,17127
165,2022,7244
165,2023,5761
166,1962,21
166,1963,26
166,1964,26
166,1965,70
166,1966,89
166,1967,94
166,1968,145
166,1969,128
166,1970,102
166,1971,29
166,1972,178
166,1973,169
166,1974,210
166,1975,576
166,1976,576
166,1977,581
166,1978,1063
166,1979,1055
166,1980,900
166,1981,2269
166,1982,1495
166,1983,359
166,1984,445
166,1985,300
166,1986,1905
166,1987,414
166,1988,512
166,1989,1116
166,1990,23
166,1991,2435
166,1992,73
166,1993,1218
166,1994,882
166,1995,2258
166,1996,1432
166,1997,2239
166,1998,335
166,1999,335
166,2000,319
166,2001,979
166,2002,106
166,2003,44
166,2004,22
166,2005,27
166,2006,1524
166,2007,103
166,2008,219
166,2009,111
166,2010,64
166,2011,205
166,2012,225
166,2013,1151
166,2014,226
166,2015,1234
166,2016,174
166,2017,288
166,2018,38
166,2019,234
166,2020,338
166,2021,507
166,2022,124
166,2023,111
167,1993,20444
167,1994,20852
167,1995,27886
167,1996,13135
167,1997,30460
167,1998,35960
167,1999,36044
167,2000,40814
167,2001,34153
167,2002,42424
167,2003,41985
167,2004,47586
167,2005,73646
167,2006,82226
167,2007,76965
167,2008,67212
167,2009,41989
167,2010,83163
167,2011,181831
167,2012,170809
167,2013,194482
167,2014,218074
167,2015,166675
167,2016,138488
167,2017,120236.56
167,2018,135721
167,2019,109944
167,2020,92117
167,2021,112202
167,2022,170014
167,2023,170439
168,1990,10
168,1991,42
168,1992,65
168,1993,65
168,1994,0
168,1995,0
168,1996,42
168,1997,0
168,1998,0
168,1999,0
168,2000,0
168,2001,0
168,2002,0
168,2003,0
168,2004,0
168,2005,0
168,2006,0
168,2007,0
168,2008,27
168,2009,56
168,2010,3
168,2011,246
168,2012,45
168,2013,105
168,2014,43
168,2015,6
168,2016,49
168,2017,28
168,2018,0
168,2019,7
168,2020,7
168,2021,70
168,2022,23
168,2023,4
169,1994,507
169,1995,507
169,1996,479
169,1997,0
169,1998,0
169,1999,0
169,2000,69
169,2001,69
169,2002,69
169,2003,69
169,2004,1
169,2005,1
169,2006,1
169,2007,1
169,2008,1
169,2009,1
169,2010,1
169,2011,1
169,2012,1
169,2013,1
169,2014,1
169,2015,0
169,2016,23
169,2017,12
169,2018,0
169,2019,38
169,2020,2
169,2021,230
169,2022,103
169,2023,188
17,2015,936
17,2016,1498
17,2017,536
17,2018,339
17,2019,1406
17,2020,1469
17,2021,1813
17,2022,1561
17,2023,2205
170,1961,106
170,1962,113
170,1963,153
170,1964,89
170,1965,637
170,1966,598
170,1967,166
170,1968,112
170,1969,275
170,1970,261
170,1971,165
170,1972,422
170,1973,1855
170,1974,3931
170,1975,1157
170,1976,399
170,1977,288
170,1978,263
170,1979,24
170,1980,411
170,1981,54
170,1982,252
170,1983,252
170,1984,180
170,1985,32
170,1986,32
170,1987,25
170,1988,25
170,1989,30
170,1990,9
170,1991,347
170,1992,265
170,1993,266
170,1994,85
170,1995,2466
170,1996,1451
170,1997,1354
170,1998,3572
170,1999,233
170,2000,102
170,2001,0
170,2002,0
170,2003,83
170,2004,508
170,2005,670
170,2006,807
170,2007,1813
170,2008,555
170,2009,8
170,2010,67
170,2011,2790
170,2012,698
170,2013,18284
170,2014,21700
170,2015,685
170,2016,156
170,2017,7925
170,2018,15094
170,2019,15558
170,2020,7921
170,2021,8612
170,2022,10193
170,2023,10393
171,1968,37
171,1969,37
171,1970,101
171,1971,59
171,1972,84
171,1973,8
171,1974,8
171,1975,99
171,1976,150
171,1977,408
171,1978,427
171,1979,409
171,1980,471
171,1981,471
171,1982,471
171,1983,471
171,1984,471
171,1985,471
171,1986,440
171,1987,440
171,1988,446
171,1989,745
171,1990,31536
171,1991,26219
171,1992,50992
171,1993,61682
171,1994,53843
171,1995,82263
171,1996,127232
171,1997,130855
171,1998,54875
171,1999,69450
171,2000,46091
171,2001,44707
171,2002,40614
171,2003,33108
171,2004,33762
171,2005,45769
171,2006,38517
171,2007,45986
171,2008,18527
171,2009,6969
171,2010,6600
171,2011,18319
171,2012,23672
171,2013,22674
171,2014,7209
171,2015,17825
171,2016,28122
171,2017,9613
171,2018,15861
171,2019,9494
171,2020,7689
171,2021,4913
171,2022,4553
171,2023,3079
172,2015,0
172,2016,0
172,2017,18
172,2018,0
172,2019,0
172,2020,0
172,2021,0
172,2022,0
172,2023,0
173,1961,2084
173,1962,3121
173,1963,2467
173,1964,3363
173,1965,2343
173,1966,2935
173,1967,4599
173,1968,5162
173,1969,5345
173,1970,5416
173,1971,4408
173,1972,4485
173,1973,8359
173,1974,9761
173,1975,7358
173,1976,9577
173,1977,9009
173,1978,13349
173,1979,13168
173,1980,16863
173,1981,10839
173,1982,8107
173,1983,9147
173,1984,6242
173,1985,5722
173,1986,5185
173,1987,9483
173,1988,9730
173,1989,15882
173,1990,98
173,1991,1606
173,1992,1603
173,1993,1221
173,1994,2200
173,1995,19900
173,1996,21408
173,1997,16345
173,1998,21000
173,1999,31100
173,2000,36285
173,2001,40500
173,2002,30505
173,2003,32537
173,2004,59009
173,2005,98881
173,2006,97503
173,2007,155694
173,2008,143917
173,2009,85448
173,2010,123568
173,2011,202624
173,2012,125478
173,2013,126109
173,2014,157040
173,2015,116515
173,2016,90479
173,2017,93590.13
173,2018,88315
173,2019,92101
173,2020,147657
173,2021,201751
173,2022,326933
173,2023,162219
174,1961,3410
174,1962,2742
174,1963,2943
174,1964,4023
174,1965,4903
174,1966,4382
174,1967,5400
174,1968,7545
174,1969,10756
174,1970,9827
174,1971,12116
174,1972,14254
174,1973,26453
174,1974,35720
174,1975,24802
174,1976,6081
174,1977,66086
174,1978,33333
174,1979,25302
174,1980,72413
174,1981,86106
174,1982,67773
174,1983,39820
174,1984,28214
174,1985,59743
174,1986,79243
174,1987,85295
174,1988,132050
174,1989,148602
174,1990,146800
174,1991,123541
174,1992,147849
174,1993,99286
174,1994,161344
174,1995,234162
174,1996,216860
174,1997,188653
174,1998,262465
174,1999,177885
174,2000,158830
174,2001,125934
174,2002,118574
174,2003,104999
174,2004,117156
174,2005,98944
174,2006,96421
174,2007,142351
174,2008,99416
174,2009,65933
174,2010,116442
174,2011,174039
174,2012,154113
174,2013,265713
174,2014,234543
174,2015,153382
174,2016,162169
174,2017,148338.35
174,2018,149252
174,2019,159530
174,2020,193702
174,2021,255026
174,2022,340151
174,2023,339286
175,1994,0
175,1995,0
175,1996,0
175,1997,0
175,1998,0
175,1999,0
175,2000,0
175,2001,0
175,2002,0
175,2003,0
175,2004,0
175,2005,0
175,2006,5
175,2007,5
175,2008,5
175,2009,7
175,2010,5
175,2011,5
175,2012,5
175,2013,5
175,2014,16
175,2015,0
175,2016,0
175,2017,14
175,2018,2
175,2019,0
175,2020,0
175,2021,0
175,2022,29
175,2023,13
176,2003,39
176,2004,39
176,2005,39
176,2006,15
176,2007,15
176,2008,15
176,2009,15
176,2010,15
176,2011,15
176,2012,15
176,2013,89
176,2014,95
176,2015,0
176,2016,7
176,2017,0
176,2018,0
176,2019,0
176,2020,0
176,2021,0
176,2022,11
176,2023,11
178,2004,270
178,2005,270
178,2006,393
178,2007,147
178,2008,189
178,2009,205
178,2010,137
178,2011,20
178,2012,10
178,2013,745
178,2014,745
178,2015,134
178,2016,0
178,2017,4
178,2018,0
178,2019,0
178,2020,0
178,2021,0
178,2022,0
178,2023,0
179,1990,11
179,1991,54
179,1992,31
179,1993,31
179,1994,142
179,1995,148
179,1996,125
179,1997,110
179,1998,58
179,1999,124
179,2000,49
179,2001,1449
179,2002,2614
179,2003,2215
179,2004,2250
179,2005,2712
179,2006,4659
179,2007,980
179,2008,980
179,2009,1267
179,2010,5221
179,2011,953
179,2012,300
179,2013,1251
179,2014,5805
179,2015,882
179,2016,336
179,2017,384
179,2018,550
179,2019,278
179,2020,628
179,2021,299
179,2022,1271
179,2023,1175
18,1990,14
18,1991,32
18,1992,32
18,1993,32
18,1994,0
18,1995,0
18,1996,0
18,1997,0
18,1998,0
18,1999,0
18,2000,0
18,2001,0
18,2002,0
18,2003,0
18,2004,0
18,2005,0
18,2006,0
18,2007,0
18,2008,0
18,2009,0
18,2010,230
18,2011,209
18,2012,110
18,2013,108
18,2014,108
18,2015,0
18,2016,0
18,2017,0
18,2018,2
18,2019,2
18,2020,0
18,2021,1
18,2022,0
18,2023,0
180,1994,41
180,1995,41
180,1996,41
180,1997,41
180,1998,41
180,1999,41
180,2000,41
180,2001,41
180,2002,41
180,2003,41
180,2004,41
180,2005,41
180,2006,41
180,2007,41
180,2008,41
180,2009,41
180,2010,53
180,2011,162
180,2012,206
180,2013,267
180,2014,313
180,2015,202
180,2016,364
180,2017,32
180,2018,32
180,2019,24
180,2020,0
180,2021,0
180,2022,0
180,2023,0
181,1961,248
181,1962,239
181,1963,158
181,1964,131
181,1965,189
181,1966,189
181,1967,129
181,1968,125
181,1969,125
181,1970,125
181,1971,125
181,1972,125
181,1973,125
181,1974,125
181,1975,125
181,1976,98
181,1977,77
181,1978,52
181,1979,69
181,1980,76
181,1981,165
181,1982,96
181,1983,209
181,1984,209
181,1985,209
181,1986,358
181,1987,359
181,1988,359
181,1989,359
181,1994,0
181,1995,88
181,1996,79
181,1997,0
181,1998,0
181,1999,0
181,2000,0
181,2001,0
181,2002,0
181,2003,0
181,2004,70
181,2005,70
181,2006,70
181,2007,70
181,2008,187
181,2009,105
181,2010,292
181,2011,40
181,2012,84
181,2013,43
181,2014,67
181,2015,25
181,2016,20
181,2017,149
181,2018,90
181,2019,200
181,2020,391
181,2021,489
181,2022,151
181,2023,302
182,1976,102
182,1977,381
182,1978,381
182,1979,678
182,1980,678
182,1981,1122
182,1982,1122
182,1983,1201
182,1984,1036
182,1985,1036
182,1986,1409
182,1987,1409
182,1988,730
182,1989,414
182,1990,33
182,1991,252
182,1992,413
182,1993,172
182,1994,63
182,1995,111
182,1996,111
182,1997,111
182,1998,111
182,1999,111
182,2000,111
182,2001,111
182,2002,111
182,2003,111
182,2004,111
182,2005,111
182,2006,111
182,2007,111
182,2008,111
182,2009,111
182,2010,111
182,2011,111
182,2012,111
182,2013,111
182,2014,111
182,2015,111
182,2016,111
182,2017,111
182,2018,111
182,2019,111
182,2020,111
182,2021,111
182,2022,111
182,2023,111
183,1962,50
183,1963,50
183,1964,115
183,1965,50
183,1966,125
183,1967,317
183,1968,383
183,1969,770
183,1970,1100
183,1971,470
183,1972,1000
183,1973,1200
183,1974,6300
183,1975,6760
183,1976,5000
183,1977,5100
183,1978,5920
183,1979,14209
183,1980,23714
183,1981,12235
183,1982,4200
183,1983,3000
183,1984,7400
183,1985,7400
183,1986,6800
183,1987,6250
183,1988,3556
183,1989,7875
183,1990,48456
183,1991,12135
183,1992,15868
183,1993,3308
183,1994,2194
183,1995,5534
183,1996,4912
183,1997,1314
183,1998,296
183,1999,155
183,2000,1186
183,2001,2153
183,2002,3313
183,2003,1443
183,2004,7293
183,2005,19928
183,2006,32149
183,2007,33288
183,2008,20011
183,2009,28395
183,2010,41838
183,2011,50321
183,2012,55473
183,2013,59946
183,2014,85819
183,2015,114252
183,2016,120494
183,2017,102243.91
183,2018,106334
183,2019,73387
183,2020,103080
183,2021,235522
183,2022,178712
183,2023,178712
184,1994,0
184,1995,0
184,1996,0
184,1997,0
184,1998,0
184,1999,0
184,2000,0
184,2001,0
184,2002,0
184,2003,0
184,2004,8
184,2005,8
184,2006,8
184,2007,8
184,2008,419
184,2009,443
184,2010,416
184,2011,174
184,2012,929
184,2013,85
184,2014,28
184,2015,32
184,2016,571
184,2017,34
184,2018,297
184,2019,2205
184,2020,4382
184,2021,117
184,2022,1719
184,2023,865
185,1992,1507
185,1993,9910
185,1994,25010
185,1995,24800
185,1996,9471
185,1997,7014
185,1998,5857
185,1999,5020
185,2000,13100
185,2001,12649
185,2002,5200
185,2003,19751
185,2004,26110
185,2005,17450
185,2006,15187
185,2007,19609
185,2008,16030
185,2009,1865
185,2010,70
185,2011,283
185,2012,1660
185,2013,3913
185,2014,1556
185,2015,46
185,2016,29
185,2017,321.77
185,2018,485
185,2019,261
185,2020,120
185,2021,171
185,2022,228
185,2023,14
186,1992,4680
186,1993,1593
186,1994,1597
186,1995,1597
186,1996,11630
186,1997,4460
186,1998,1712
186,1999,2532
186,2000,64
186,2001,134
186,2002,1667
186,2003,1349
186,2004,862
186,2005,1945
187,1994,0
187,1995,0
187,1996,0
187,1997,0
187,1998,0
187,1999,0
187,2000,0
187,2001,0
187,2002,0
187,2003,0
187,2004,0
187,2005,0
187,2006,0
187,2007,0
187,2008,0
187,2009,0
187,2010,0
187,2011,0
187,2012,0
187,2013,0
187,2014,0
187,2015,179
187,2016,86
187,2017,218
187,2018,154
187,2019,126
187,2020,97
187,2021,153
187,2022,115
187,2023,115
188,1990,16
188,1991,30
188,1992,4
188,1993,14
188,1994,85
188,1995,85
188,1996,85
188,1997,85
188,1998,85
188,1999,85
188,2000,85
188,2001,85
188,2002,85
188,2003,85
188,2004,85
188,2005,85
188,2006,85
188,2007,85
188,2008,85
188,2009,130
188,2010,64
188,2011,245.38
188,2012,245.38
188,2013,245.38
188,2014,245.38
188,2015,128
188,2016,145
188,2017,56
188,2018,156
188,2019,1644
188,2020,1320
188,2021,785
188,2022,539
188,2023,487
189,1990,33
189,1991,317
189,1992,78
189,1993,52
189,1994,1106
189,1995,1106
189,1996,1106
189,1997,1106
189,1998,1106
189,1999,1106
189,2000,1106
189,2001,1106
189,2002,1106
189,2003,1106
189,2004,1106
189,2005,1106
189,2006,1106
189,2007,1106
189,2008,1106
189,2009,44
189,2010,87
189,2011,47
189,2012,48
189,2013,138
189,2014,128
189,2015,137
189,2016,45
189,2017,26
189,2018,40
189,2019,280
189,2020,618
189,2021,296
189,2022,631
189,2023,651
19,1990,200
19,1991,284
19,1992,284
19,1993,284
19,1994,0
19,1995,0
19,1996,12
19,1997,12
19,1998,75
19,1999,27
19,2000,33
19,2001,29
19,2002,27
19,2003,118
19,2004,128
19,2005,231
19,2006,242
19,2007,390
19,2008,534
19,2009,596
19,2010,521
19,2011,645
19,2012,358
19,2013,360
19,2014,1028
19,2015,465
19,2016,316
19,2017,144
19,2018,346
19,2019,98
19,2020,0
19,2021,8
19,2022,21
19,2023,144
190,1991,2
190,1992,1
190,1993,5
190,1994,5
190,1995,5
190,1996,5
190,1997,5
190,1998,5
190,1999,5
190,2000,5
190,2001,5
190,2002,5
190,2003,5
190,2004,5
190,2005,5
190,2006,5
190,2007,5
190,2008,5
190,2009,5
190,2010,5
190,2011,5
190,2012,5
190,2013,5
190,2014,5
190,2015,1
190,2016,0
190,2017,0
190,2018,10
190,2019,0
190,2020,18
190,2021,3
190,2022,0
190,2023,0
191,1990,26
191,1991,14
191,1992,14
191,1993,21
191,1994,256
191,1995,287
191,1996,42
191,1997,56
191,1998,36
191,1999,36
191,2000,36
191,2001,36
191,2002,36
191,2003,36
191,2004,304
191,2005,304
191,2006,304
191,2007,383
191,2008,526
191,2009,593
191,2010,433
191,2011,197
191,2012,264
191,2013,158
191,2014,116
191,2015,181
191,2016,50
191,2017,85
191,2018,210
191,2019,264
191,2020,593
191,2021,279
191,2022,353
191,2023,741
192,2015,0
192,2016,0
192,2017,0
192,2018,57
192,2019,0
192,2020,0
192,2021,0
192,2022,0
192,2023,0
193,1995,14
193,1996,14
193,1997,30
193,1998,30
193,1999,5
193,2000,5
193,2001,5
193,2002,5
193,2003,6
193,2004,6
193,2005,6
193,2006,6
193,2007,16
193,2008,15
193,2009,15
193,2010,15
193,2011,15
193,2012,17
193,2013,6
193,2014,35
193,2015,0
193,2016,0
193,2017,0
193,2018,37
193,2019,3
193,2020,0
193,2021,4
193,2022,2
193,2023,1
194,1968,787
194,1969,4384
194,1970,4373
194,1971,5066
194,1972,5170
194,1973,4978
194,1974,8726
194,1975,7236
194,1976,21647
194,1977,45756
194,1978,36382
194,1979,42026
194,1980,44619
194,1981,52096
194,1982,44365
194,1983,43773
194,1984,36032
194,1985,16480
194,1986,29869
194,1987,29869
194,1988,29869
194,1989,5901
194,1990,490
194,1991,809
194,1992,1219
194,1993,1434
194,1994,8875
194,1995,6816
194,1996,1783
194,1997,2265
194,1998,1983
194,1999,2318
194,2000,10470
194,2001,9089
194,2002,9089
194,2003,9089
194,2004,6879
194,2005,6879
194,2006,6879
194,2007,6879
194,2008,6879
194,2009,6879
194,2010,6675
194,2011,4401
194,2012,2910
194,2013,3627
194,2014,5142
194,2015,9308
194,2016,5063
194,2017,841
194,2018,16419
194,2019,1984
194,2020,907
194,2021,294
194,2022,2904
194,2023,1088
195,1961,547
195,1962,547
195,1963,591
195,1964,59
195,1965,50
195,1966,325
195,1967,450
195,1968,848
195,1969,865
195,1970,1100
195,1971,1100
195,1972,450
195,1973,1443
195,1974,1400
195,1975,1750
195,1976,1750
195,1977,1750
195,1978,1700
195,1979,3700
195,1980,4100
195,1981,4100
195,1982,3700
195,1983,3200
195,1984,4400
195,1985,3300
195,1986,2017
195,1987,2867
195,1988,2867
195,1989,2207
195,1991,7
195,1992,52
195,1993,2116
195,1994,8012
195,1995,2005
195,1996,3076
195,1997,2090
195,1998,1190
195,1999,937
195,2000,1231
195,2001,3297
195,2002,3789
195,2003,3789
195,2004,3789
195,2005,3789
195,2006,3789
195,2007,3789
195,2008,3168
195,2009,3079
195,2010,1985
195,2011,1764
195,2012,639
195,2013,340
195,2014,229
195,2015,890
195,2016,235
195,2017,2402
195,2018,3530
195,2019,1621
195,2020,2167
195,2021,1998
195,2022,3355
195,2023,3175
196,1990,743
196,1994,7
196,1995,7
196,1996,7
196,1997,7
196,1998,7
196,1999,7
196,2000,7
196,2001,7
196,2002,7
196,2003,7
196,2004,7
196,2005,7
196,2006,7
196,2007,7
196,2008,7
196,2009,5
196,2010,5
196,2011,430
196,2012,75
196,2013,588
196,2014,1171
196,2015,579
196,2016,1108
196,2017,504
196,2018,697
196,2019,1134
196,2020,267
196,2021,110
196,2022,1640
196,2023,1416
197,1994,0
197,1995,0
197,1996,41
197,1997,4
197,1998,4
197,1999,14
197,2000,12
197,2001,12
197,2002,4
197,2003,44
197,2004,10
197,2005,10
197,2006,21
197,2007,21
197,2008,15
197,2009,17
197,2010,17
197,2011,14
197,2012,14
197,2013,13
197,2014,233
197,2015,39
197,2016,11
197,2017,8
197,2018,33
197,2019,357
197,2020,154
197,2021,25
197,2022,541
197,2023,480
198,1992,13841
198,1993,7048
198,1994,17477
198,1995,21575
198,1996,8800
198,1997,13068
198,1998,16739
198,1999,23545
198,2000,22397
198,2001,21882
198,2002,27437
198,2003,34240
198,2004,41890
198,2005,40120
198,2006,38824
198,2007,38343
198,2008,29581
198,2009,21582
198,2010,23773
198,2011,33192
198,2012,27764
198,2013,38763
198,2014,37244
198,2015,34839
198,2016,35513
198,2017,34132.66
198,2018,40036
198,2019,45000
198,2020,62472
198,2021,86317
198,2022,86763
198,2023,73121
199,1993,331
199,1994,5142
199,1995,9234
199,1996,3876
199,1997,6277
199,1998,3721
199,1999,3326
199,2000,3244
199,2001,3980
199,2002,3160
199,2003,4967
199,2004,7782
199,2005,3775
199,2006,22842
199,2007,32436
199,2008,41829
199,2009,27457
199,2010,26160
199,2011,44428
199,2012,105405
199,2013,104799
199,2014,58759
199,2015,21555
199,2016,26187
199,2017,42456.14
199,2018,66117
199,2019,81908
199,2020,78815
199,2021,203492
199,2022,249751
199,2023,112946
2,1964,190
2,1965,210
2,1966,250
2,1967,300
2,1968,300
2,1969,200
2,1970,200
2,1971,210
2,1972,210
2,1973,210
2,1974,210
2,1975,210
2,1976,210
2,1992,10
2,1993,10
2,1994,10
2,1995,9
2,1996,4
2,1997,126
2,1998,126
2,1999,1
2,2000,6
2,2001,6
2,2002,6
2,2003,6
2,2004,349
2,2005,349
2,2006,151
2,2007,60
2,2008,36
2,2009,56
2,2010,53
2,2011,57
2,2012,84
2,2013,62
2,2014,22
2,2015,0
2,2016,98
2,2017,5
2,2018,120
2,2019,53
2,2020,179
2,2021,16
2,2022,0
2,2023,0
20,2009,739
20,2010,951
20,2011,1126.35
20,2012,2056
20,2013,1017
20,2014,539
20,2015,352
20,2016,304
20,2017,2188
20,2018,8974
20,2019,12963
20,2020,10722
20,2021,16460
20,2022,12460
20,2023,13269
200,1964,8798
200,1965,10196
200,1966,13781
200,1967,17390
200,1968,21605
200,1969,24859
200,1970,28553
200,1971,31805
200,1972,33670
200,1973,51875
200,1974,49131
200,1975,43111
200,1976,59586
200,1977,66422
200,1978,121442
200,1979,130063
200,1980,113106
200,1981,91888
200,1982,60073
200,1983,74965
200,1984,44676
200,1985,24290
200,1986,24022
200,1987,12922
200,1988,17905
200,1989,22761
200,1990,9189
200,1991,15378
200,1992,15508
200,1993,3612
200,1994,33550
200,1995,50486
200,1996,31397
200,1997,17324
200,1998,12392
200,1999,14373
200,2000,11146
200,2001,17256
200,2002,17142
200,2003,8273
200,2004,5473
200,2005,8255.1
200,2006,3333.3
200,2007,2359
200,2008,3471
200,2009,1829
200,2010,1506
200,2011,1417
200,2012,1695
200,2013,2100
200,2014,14613
200,2015,2897
200,2016,3824
200,2017,27948
200,2018,7743
200,2019,6270
200,2020,6580
200,2021,25819
200,2022,34575
200,2023,27798
201,1974,2338
201,1975,62
201,1976,481
201,1977,1213
201,1978,387
201,1979,425
201,1980,2086
201,1981,230
201,1982,99
201,1983,99
201,1984,99
201,1985,99
201,1986,495
201,1987,2
201,1988,87
201,1989,0
201,1994,0
201,1995,0
201,1996,1
201,1997,1
201,1998,16
201,1999,87
201,2000,87
201,2001,87
201,2002,87
201,2003,87
201,2004,87
201,2005,87
201,2006,87
201,2007,23
201,2008,139
201,2009,139
201,2010,241
201,2011,241
201,2012,241
201,2013,241
201,2014,241
201,2015,276
201,2016,49
201,2017,632
201,2018,65
201,2019,43
201,2020,162
201,2021,203
201,2022,260
201,2023,207
202,1964,620
202,1965,5316
202,1966,3739
202,1967,3698
202,1968,3836
202,1969,4512
202,1970,4337
202,1971,2719
202,1972,2440
202,1973,3964
202,1974,7346
202,1975,5411
202,1976,4567
202,1977,3956
202,1978,5212
202,1979,7902
202,1980,12537
202,1981,9811
202,1982,5434
202,1983,4766
202,1984,4655
202,1985,4156
202,1986,302
202,1987,257
202,1988,410
202,1989,367
202,1990,427
202,1991,787
202,1992,11824
202,1993,8005
202,1994,9201
202,1995,8863
202,1996,6592
202,1997,2101
202,1998,3696
202,1999,2787
202,2000,2787
202,2001,2993
202,2002,4629
202,2003,5538
202,2004,7101
202,2005,6839
202,2006,5355
202,2007,5355
202,2008,5303
202,2009,2500
202,2010,1225
202,2011,508
202,2012,867
202,2013,7580
202,2014,3854
202,2015,7387
202,2016,6878
202,2017,8259
202,2018,6128
202,2019,6681
202,2020,2700
202,2021,7363
202,2022,2757
202,2023,5967
203,1961,2988
203,1962,4337
203,1963,4279
203,1964,5852
203,1965,10841
203,1966,13740
203,1967,15399
203,1968,16890
203,1969,36614
203,1970,35486
203,1971,42074
203,1972,56057
203,1973,121393
203,1974,128963
203,1975,78114
203,1976,111750
203,1977,114604
203,1978,109153
203,1979,131865
203,1980,194691
203,1981,78565
203,1982,64624
203,1983,77642
203,1984,78020
203,1985,95620
203,1986,105608
203,1987,109358
203,1988,164608
203,1989,209700
203,1990,297660
203,1991,229730
203,1992,195491
203,1993,131216
203,1994,164755
203,1995,242808
203,1996,202744
203,1997,207285
203,1998,234327
203,1999,218353
203,2000,270601
203,2001,263627
203,2002,222436
203,2003,254681
203,2004,246818
203,2005,245930
203,2006,250188
203,2007,316440
203,2008,279492
203,2009,137699
203,2010,121074
203,2011,155218
203,2012,125300
203,2013,151509
203,2014,141862
203,2015,74702
203,2016,70252
203,2017,68083.05
203,2018,73423
203,2019,68946
203,2020,52865
203,2021,82002
203,2022,97386
203,2023,114156
206,1961,6
206,1962,60
206,1963,68
206,1964,24
206,1965,24
206,1966,68
206,1967,50
206,1968,12
206,1994,0
206,1995,6800
206,1996,5000
206,1997,4708
206,1998,4708
206,1999,501
206,2000,40
206,2001,40
206,2002,40
206,2003,44
206,2004,12
206,2005,12
206,2006,9
206,2007,345
206,2008,4653
206,2009,125
206,2010,89
206,2011,48
207,1961,351
207,1962,268
207,1963,164
207,1964,147
207,1965,165
207,1966,125
207,1967,687
207,1968,454
207,1969,173
207,1970,165
207,1971,191
207,1972,550
207,1973,383
207,1974,226
207,1975,165
207,1976,150
207,1977,168
207,1978,160
207,1979,70
207,1980,70
207,2006,0
207,2007,0
207,2008,0
207,2009,0
207,2010,76
207,2011,10
207,2012,100
207,2013,178
207,2014,260
207,2015,61
207,2016,14
207,2017,9
207,2018,2
207,2019,2
207,2020,6
207,2021,5
207,2022,19
207,2023,2
208,1996,47
208,1997,47
208,1998,0
208,1999,366
208,2000,366
208,2001,366
208,2002,366
208,2003,366
208,2004,0
208,2005,0
208,2006,0
208,2007,0
208,2008,0
208,2009,0
208,2010,0
208,2011,1448
208,2012,980
208,2013,980
208,2014,980
208,2015,980
208,2016,980
208,2017,980.61
208,2018,980
208,2019,171
208,2020,141
208,2021,141
208,2022,141
208,2023,141
209,1969,99
209,1970,179
209,1971,165
209,1972,103
209,1973,158
209,1974,158
209,1975,158
209,1976,158
209,1977,158
209,1978,158
209,1979,158
209,1980,861
209,1981,730
209,1982,730
209,1983,730
209,1984,730
209,1985,730
209,1986,730
209,1987,730
209,1988,700
209,1989,655
209,2010,352
209,2011,463
209,2012,292
209,2013,54
209,2014,109
209,2015,108
209,2016,98
209,2017,1014
209,2018,869
209,2019,924
209,2020,362
209,2021,544
209,2022,424
209,2023,415
21,1961,89
21,1962,72
21,1963,75
21,1964,21
21,1965,48
21,1966,16
21,1967,16
21,1968,16
21,1969,16
21,1970,480
21,1971,1606
21,1972,3651
21,1973,5776
21,1974,4926
21,1975,4995
21,1976,4399
21,1977,3911
21,1978,5848
21,1979,6239
21,1980,6912
21,1981,6485
21,1982,6616
21,1983,6556
21,1984,8125
21,1985,8001
21,1986,7417
21,1987,4649
21,1988,5555
21,1989,5809
21,1990,146
21,1991,643
21,1992,650
21,1993,395
21,1994,697
21,1995,729
21,1996,318
21,1997,995
21,1998,1034
21,1999,1007
21,2000,1419
21,2001,2987
21,2002,983
21,2003,857
21,2004,2013
21,2005,1493
21,2006,2734
21,2007,514
21,2008,1377
21,2009,3542
21,2010,1919
21,2011,2217
21,2012,1897
21,2013,1837
21,2014,1710
21,2015,796
21,2016,566
21,2017,811
21,2018,1775
21,2019,4709
21,2020,507
21,2021,9380
21,2022,877
21,2023,659
210,1961,20184
210,1962,15498
210,1963,10732
210,1964,8076
210,1965,9681
210,1966,9225
210,1967,8582
210,1968,8399
210,1969,8503
210,1970,11139
210,1971,14150
210,1972,8569
210,1973,20064
210,1974,44776
210,1975,112736
210,1976,120009
210,1977,123838
210,1978,53804
210,1979,107805
210,1980,172169
210,1981,252381
210,1982,134450
210,1983,89824
210,1984,114582
210,1985,150270
210,1986,257996
210,1987,386164
210,1988,406996
210,1989,360301
210,1990,104587
210,1991,214891
210,1992,267797
210,1993,167842
210,1994,315319
210,1995,453582
210,1996,267141
210,1997,358907
210,1998,433541
210,1999,473826
210,2000,480895
210,2001,362935
210,2002,397910
210,2003,447991
210,2004,539770
210,2005,518562
210,2006,404237
210,2007,680670
210,2008,645651
210,2009,299757
210,2010,449939
210,2011,571410
210,2012,467350
210,2013,569452
210,2014,590089
210,2015,408461
210,2016,366513
210,2017,379569.26
210,2018,735381
210,2019,623790
210,2020,453433
210,2021,425462
210,2022,547952
210,2023,658971
211,1961,22423
211,1962,16186
211,1963,15072
211,1964,17314
211,1965,15622
211,1966,16383
211,1967,15072
211,1968,14609
211,1969,19092
211,1970,25089
211,1971,17712
211,1972,15816
211,1973,23589
211,1974,32988
211,1975,18712
211,1976,21312
211,1977,24926
211,1978,33012
211,1979,39205
211,1980,61732
211,1981,45366
211,1982,24795
211,1983,23467
211,1984,21383
211,1985,29135
211,1986,34870
211,1987,31991
211,1988,33430
211,1989,38035
211,1990,29220
211,1991,30670
211,1992,35732
211,1993,32357
211,1994,34224
211,1995,43559
211,1996,33492
211,1997,35864
211,1998,32660
211,1999,36894
211,2000,29218
211,2001,19088
211,2002,20809
211,2003,20812
211,2004,21768
211,2005,18646
211,2006,25771
211,2007,72000
211,2008,34930
211,2009,30020
211,2010,31407
211,2011,31282
211,2012,19614
211,2013,27616
211,2014,23625
211,2015,21091
211,2016,19584
211,2017,20816.41
211,2018,18609
211,2019,17811
211,2020,18853
211,2021,13239
211,2022,12674
211,2023,12674
212,1961,1409
212,1962,1316
212,1963,891
212,1964,991
212,1965,1151
212,1966,745
212,1967,930
212,1968,1796
212,1969,2242
212,1970,1183
212,1971,2721
212,1972,3427
212,1973,4551
212,1974,2138
212,1975,4235
212,1976,7092
212,1977,7773
212,1978,15467
212,1979,10760
212,1980,17765
212,1981,31638
212,1982,20908
212,1983,25866
212,1984,4400
212,1985,4400
212,1986,4400
212,1987,4400
212,1988,4400
212,1989,4400
212,1990,32
212,1991,301
212,1992,352
212,1993,262
212,1994,1348
212,1995,1268
212,1996,945
212,1997,1010
212,1998,1010
212,1999,322
212,2000,303
212,2001,338
212,2002,467
212,2003,11695
212,2004,1056
212,2005,1056
212,2006,496
212,2007,2469
212,2008,1023
212,2009,537
212,2010,4174
212,2011,60
212,2012,66
212,2013,5
212,2014,286
212,2015,349
212,2016,183
212,2017,775
212,2018,588
212,2019,724
212,2020,195
212,2021,532
212,2022,241
212,2023,125
213,1994,23
213,1995,23
213,1996,52
213,1997,11
213,1998,3
213,1999,75
213,2000,75
213,2001,75
213,2002,75
213,2003,75
213,2004,75
213,2005,75
213,2006,75
213,2007,75
213,2008,75
213,2009,75
213,2010,75
213,2011,1133
213,2012,2989
213,2013,4023
213,2014,4023
213,2015,4023
213,2016,4023
213,2017,4022.8
213,2018,75
213,2019,40
213,2020,40
213,2021,40
213,2022,40
213,2023,40
214,1961,4302
214,1962,7851
214,1963,13772
214,1964,16878
214,1965,17512
214,1966,20630
214,1967,22494
214,1968,33908
214,1969,37397
214,1970,47547
214,1971,69254
214,1972,106413
214,1973,183328
214,1974,220037
214,1975,143400
214,1976,214342
214,1977,325734
214,1978,408453
214,1979,629970
214,1980,601937
214,1981,570387
214,1982,454341
214,1983,447808
214,1984,418651
214,1985,312547
214,1986,330966
214,1987,476607
214,1988,491185
214,1989,497398
214,1990,304709
214,1991,342533
214,1992,376760
214,1993,322734
214,1994,395693
214,1995,374336
214,1996,306227
214,1997,320537
214,1998,195505
214,1999,123271
214,2000,178655
214,2001,163983
214,2002,141039
214,2003,150897
214,2004,199043
214,2005,204802
214,2006,116712
214,2007,230160
214,2008,119516
214,2009,142789
214,2010,198648
214,2011,207752
214,2012,110043
214,2013,206036
214,2014,231734
214,2015,133449
214,2016,122281
214,2017,91948
214,2018,117133
214,2019,90864
214,2020,79384
214,2021,79384
214,2022,91977
214,2023,91977
215,1961,69
215,1962,206
215,1963,129
215,1964,113
215,1965,114
215,1966,76
215,1967,219
215,1968,85
215,1969,96
215,1970,217
215,1971,551
215,1972,57
215,1973,96
215,1974,86
215,1995,3
215,1996,3
215,1997,3
215,1998,7
215,1999,603
215,2000,506
215,2001,506
215,2002,35
215,2003,18
215,2004,398
215,2005,398
215,2006,261
215,2007,585
215,2008,239
215,2009,239
215,2010,424
215,2011,3685
215,2012,7764
215,2013,5187
215,2014,30048
215,2015,3796
215,2016,1791
215,2017,5740
215,2018,681
215,2019,1501
215,2020,868
215,2021,768
215,2022,1485
215,2023,6023
216,1961,54
216,1962,21
216,1963,40
216,1964,40
216,1965,40
216,1966,142
216,1967,64
216,1968,96
216,1969,35
216,1970,9
216,1971,76
216,1972,222
216,1973,728
216,1974,728
216,1975,378
216,1976,832
216,1977,4123
216,1978,12014
216,1979,21680
216,1980,11404
216,1981,15473
216,1982,15285
216,1983,30918
216,1984,35744
216,1985,41201
216,1986,38191
216,1987,55045
216,1988,80285
216,1989,159859
216,1990,221028
216,1991,267661
216,1992,285722
216,1993,233582
216,1994,294574
216,1995,402460
216,1996,246153
216,1997,180011
216,1998,51187
216,1999,95677
216,2000,127131
216,2001,101177
216,2002,125365
216,2003,15211
216,2004,106224
216,2005,114079
216,2006,108600
216,2007,86779
216,2008,107470
216,2009,49556
216,2010,59894
216,2011,54788
216,2012,65552
216,2013,80445
216,2014,70382
216,2015,12036
216,2016,19346
216,2017,8398
216,2018,5682
216,2019,4350
216,2020,4182
216,2021,4259
216,2022,3613
216,2023,5301
217,1976,177
217,1977,323
217,1978,80
217,1979,170
217,1980,85
217,1981,140
217,1982,100
217,1983,100
217,1984,100
217,1985,100
217,1986,100
217,1987,11
217,1988,11
217,1989,309
217,1994,151
217,1995,355
217,1996,46
217,1997,17
217,1998,344
217,1999,367
217,2000,1406
217,2001,1406
217,2002,166
217,2003,6
217,2004,90
217,2005,90
217,2006,46
217,2007,395
217,2008,206
217,2009,299
217,2010,128
217,2011,66
217,2012,644
217,2013,503
217,2014,215
217,2015,28
217,2016,7
217,2017,908
217,2018,55
217,2019,66
217,2020,367
217,2021,2024
217,2022,141
217,2023,526
218,2015,0
218,2016,37
218,2017,1
218,2018,73
218,2019,11
218,2020,0
218,2021,1
218,2022,0
218,2023,0
219,1991,42
219,1992,157
219,1993,157
219,1994,12
219,1995,12
219,1996,18
219,1997,4
219,1998,4
219,1999,13
219,2000,45
219,2001,45
219,2002,46
219,2003,2
219,2004,36
219,2005,36
219,2006,62
219,2007,62
219,2008,364
219,2009,586
219,2010,986
219,2011,770
219,2012,1101
219,2013,760
219,2014,803
219,2015,138
219,2016,27
219,2017,48
219,2018,25
219,2019,0
219,2020,2
219,2021,17
219,2022,0
219,2023,0
22,1990,35
22,1991,32
22,1992,61
22,1993,58
22,1994,102
22,1995,102
22,1996,102
22,1997,102
22,1998,102
22,1999,102
22,2000,102
22,2001,102
22,2002,102
22,2003,102
22,2004,102
22,2005,102
22,2006,102
22,2007,102
22,2008,102
22,2009,1372
22,2010,1417.35
22,2011,2020.09
22,2012,90
22,2013,45
22,2014,166
22,2015,172
22,2016,78
22,2017,97
22,2018,118
22,2019,272
22,2020,168
22,2021,103
22,2022,456
22,2023,189
220,1961,131
220,1962,339
220,1963,132
220,1964,82
220,1965,133
220,1966,116
220,1967,86
220,1968,166
220,1969,142
220,1970,94
220,1971,161
220,1972,96
220,1973,34
220,1974,49
220,1975,98
220,1976,48
220,1977,405
220,1978,88
220,1979,88
220,1980,231
220,1981,231
220,1982,552
220,1983,2167
220,1984,999
220,1985,881
220,1986,444
220,1987,368
220,1988,189
220,1989,224
220,1991,1433
220,1992,1010
220,1993,988
220,1994,945
220,1995,856
220,1996,298
220,1997,248
220,1998,1552
220,1999,882
220,2000,1140
220,2001,906
220,2002,1113
220,2003,841
220,2004,1102
220,2005,810
220,2006,558
220,2007,1178
220,2008,323
220,2009,232
220,2010,581
220,2011,871
220,2012,2637
220,2013,3855
220,2014,4731
220,2015,1589
220,2016,1246
220,2017,637
220,2018,1082
220,2019,197
220,2020,429
220,2021,181
220,2022,303
220,2023,133
221,1980,3508
221,1981,4803
221,1982,3205
221,1983,2391
221,1984,3483
221,1985,3350
221,1986,8765
221,1987,6124
221,1988,4980
221,1989,3108
221,1991,5
221,1992,14
221,1993,32
221,1994,32
221,1995,607
221,1996,574
221,1997,332
221,1998,842
221,1999,1772
221,2000,1772
221,2001,2010
221,2002,3947
221,2003,3947
221,2004,3746
221,2005,3746
221,2006,3746
221,2007,3746
221,2008,3746
221,2009,3746
221,2010,5033
221,2011,6265
221,2012,4082
221,2013,5448
221,2014,5639
221,2015,3602
221,2016,2802
221,2017,9834
221,2018,6525
221,2019,7810
221,2020,5947
221,2021,7725
221,2022,10397
221,2023,9086
222,1961,569
222,1962,695
222,1963,441
222,1964,776
222,1965,815
222,1966,1392
222,1967,1056
222,1968,1199
222,1969,1857
222,1970,2451
222,1971,2765
222,1972,1683
222,1973,1141
222,1974,3650
222,1975,8829
222,1976,3803
222,1977,4787
222,1978,5581
222,1979,4018
222,1980,4618
222,1981,5917
222,1982,6531
222,1983,3527
222,1984,3499
222,1985,3499
222,1986,7471
222,1987,7471
222,1988,1805
222,1989,1259
222,1990,13310
222,1991,9797
222,1992,9815
222,1993,1719
222,1994,12930
222,1995,10713
222,1996,8800
222,1997,8505
222,1998,8975
222,1999,6005
222,2000,2493
222,2001,2827
222,2002,2372
222,2003,2372
222,2004,6399
222,2005,6399
222,2006,6399
222,2007,6399
222,2008,5870
222,2009,4988
222,2010,4338
222,2011,4269
222,2012,5292
222,2013,3691
222,2014,1881
222,2015,693
222,2016,1452
222,2017,1767
222,2018,9088
222,2019,562
222,2020,565
222,2021,659
222,2022,586
222,2023,580
223,1961,435
223,1962,2061
223,1963,1002
223,1964,664
223,1965,2336
223,1966,1065
223,1967,1580
223,1968,1599
223,1969,798
223,1970,4007
223,1971,2421
223,1972,2425
223,1973,3030
223,1974,3448
223,1975,6703
223,1976,8102
223,1977,6179
223,1978,2088
223,1979,2110
223,1980,1492
223,1981,443
223,1982,486
223,1983,561
223,1984,1103
223,1985,2761
223,1986,10787
223,1987,100614
223,1988,100710
223,1989,60741
223,1990,111905
223,1991,69531
223,1992,122055
223,1993,287580
223,1994,143351
223,1995,107508
223,1996,138685
223,1997,123828
223,1998,123388
223,1999,97825
223,2000,117248
223,2001,63928
223,2002,77069
223,2003,98692
223,2004,167311
223,2005,206540
223,2006,224628
223,2007,254090
223,2008,210506
223,2009,110035
223,2010,146993
223,2011,175003
223,2012,146781
223,2013,91959
223,2014,83765
223,2015,65769
223,2016,57619
223,2017,33450
223,2018,30894
223,2019,22720
223,2020,17653
223,2021,29844
223,2022,50086
223,2023,42381
224,1991,14
224,1992,7
224,1993,7
224,1994,15
224,1995,15
224,1996,15
224,1997,15
224,1998,15
224,1999,15
224,2000,15
224,2001,15
224,2002,15
224,2003,15
224,2004,15
224,2005,15
224,2006,15
224,2007,15
224,2008,15
224,2009,15
224,2010,15
224,2011,188
224,2012,66
224,2013,66
224,2014,66
224,2015,572
224,2016,601
224,2017,774
224,2018,378
224,2019,867
224,2020,671
224,2021,1988
224,2022,2486
224,2023,3219
225,1990,27
225,1991,1208
225,1992,716
225,1993,1181
225,1994,1194
225,1995,1194
225,1996,6088
225,1997,6088
225,1998,3872
225,1999,5183
225,2000,8418
225,2001,5800
225,2002,5600
225,2003,6804
225,2004,11708
225,2005,11708
225,2006,11708
225,2007,30034
225,2008,47254
225,2009,13212
225,2010,20465
225,2011,20516
225,2012,15801
225,2013,14286
225,2014,12953
225,2015,22106
225,2016,16339
225,2017,9094
225,2018,19496
225,2019,7793
225,2020,10662
225,2021,9973
225,2022,18743
225,2023,9370
226,2003,292
226,2004,23
226,2005,23
226,2006,10
226,2007,1035
226,2008,582
226,2009,223
226,2010,172
226,2011,680
226,2012,628
226,2013,628
226,2014,630
226,2015,5
226,2016,2
226,2017,16
226,2018,161
226,2019,28
226,2020,0
226,2021,15
226,2022,77
226,2023,0
227,1991,8
227,1992,3
227,1993,3
227,1994,14
227,1995,14
227,1996,14
227,1997,14
227,1998,14
227,1999,14
227,2000,14
227,2001,14
227,2002,14
227,2003,14
227,2004,14
227,2005,14
227,2006,14
227,2007,14
227,2008,14
227,2009,14
227,2010,14
227,2011,14
227,2012,14
227,2013,14
227,2014,14
227,2015,28
227,2016,9
227,2017,6
227,2018,255
227,2019,20
227,2020,1
227,2021,27
227,2022,31
227,2023,41
228,1961,2198
228,1962,2174
228,1963,307
228,1964,1100
228,1965,914
228,1966,1144
228,1967,2364
228,1968,2111
228,1969,3477
228,1970,2845
228,1971,4159
228,1972,6077
228,1973,26177
228,1974,23608
228,1975,21925
228,1976,27737
228,1977,31266
228,1978,27086
228,1979,27332
228,1980,35200
228,1981,51338
228,1982,28524
228,1983,26500
228,1984,25900
228,1985,32020
228,1986,25040
228,1987,26100
228,1988,37515
228,1989,30926
228,1990,474
228,1991,7319
229,1961,50574
229,1962,45104
229,1963,43599
229,1964,50620
229,1965,50559
229,1966,43677
229,1967,32862
229,1968,32633
229,1969,37229
229,1970,35263
229,1971,31770
229,1972,29947
229,1973,61604
229,1974,55185
229,1975,44440
229,1976,45310
229,1977,45208
229,1978,46880
229,1979,56194
229,1980,53850
229,1981,38002
229,1982,34866
229,1983,33254
229,1984,26376
229,1985,22169
229,1986,26284
229,1987,34491
229,1988,42655
229,1989,50723
229,1990,57930
229,1991,50175
229,1992,46741
229,1993,75625
229,1994,92202
229,1995,105425
229,1996,158174
229,1997,107695
229,1998,95046
229,1999,80355
229,2000,69421
229,2001,76796
229,2002,87584
229,2003,122104
229,2004,124150
229,2005,117550
229,2006,142633
229,2007,170590
229,2008,135539
229,2009,100716
229,2010,107523
229,2011,65917
229,2012,59761
229,2013,71100
229,2014,60868
229,2015,59245
229,2016,57660
229,2017,45877.04
229,2018,62993
229,2019,110970
229,2020,117547
229,2021,120721
229,2022,130111
229,2023,114446
23,1990,80
23,1991,7
23,1992,10
23,1993,10
23,1994,10
23,1995,0
23,1996,0
23,1997,0
23,1998,7
23,1999,13
23,2000,75
23,2001,70
23,2002,264
23,2003,752
23,2004,409
23,2005,409
23,2006,117
23,2007,231
23,2008,668
23,2009,503
23,2010,217
23,2011,803
23,2012,93
23,2013,62
23,2014,223
23,2015,192
23,2016,59
23,2017,230
23,2018,985
23,2019,4078
23,2020,567
23,2021,1847
23,2022,2154
23,2023,2481
230,1993,17
230,1994,17
230,1995,30017
230,1996,30100
230,1997,14870
230,1998,14870
230,1999,8575
230,2000,8575
230,2001,5069
230,2002,4253
230,2003,6476
230,2004,8127
230,2005,10128
230,2006,10787
230,2007,12896
230,2008,12896
230,2009,12896
230,2010,2046
230,2011,2768
230,2012,1587
230,2013,1363
230,2014,1363
230,2015,1363
230,2016,1363
230,2017,1018
230,2018,3232
230,2019,977
230,2020,1166
230,2021,8165
230,2022,11780
230,2023,1650
231,1961,38138
231,1962,37161
231,1963,35013
231,1964,28292
231,1965,28255
231,1966,32385
231,1967,29498
231,1968,31159
231,1969,29496
231,1970,35200
231,1971,27069
231,1972,23960
231,1973,20818
231,1974,38060
231,1975,35448
231,1976,28153
231,1977,42121
231,1978,42679
231,1979,48183
231,1980,42001
231,1981,42415
231,1982,45924
231,1983,50770
231,1984,46829
231,1985,37465
231,1986,25609
231,1987,46142
231,1988,44072
231,1989,54345
231,1990,33657
231,1991,26059
231,1992,44178
231,1993,51591
231,1994,83177
231,1995,85127
231,1996,69056
231,1997,71156
231,1998,107583
231,1999,148769
231,2000,218602
231,2001,194427
231,2002,214196
231,2003,194256
231,2004,205047
231,2005,294524
231,2006,297520
231,2007,211729
231,2008,112753
231,2009,78192
231,2010,68282
231,2011,65760
231,2012,89711
231,2013,87038
231,2014,89104
231,2015,91335
231,2016,89055
231,2017,86632.49
231,2018,137421
231,2019,77994
231,2020,149557
231,2021,174889
231,2022,223007
231,2023,217859
233,1994,0
233,1995,6
233,1996,6
233,1997,6
233,1998,1
233,1999,1
233,2000,1
233,2001,1
233,2002,0
233,2003,0
233,2004,375
233,2005,375
233,2006,375
233,2007,375
233,2008,278
233,2009,0
233,2010,4
233,2011,991
233,2012,62
233,2013,63
233,2014,46
233,2015,1
233,2016,1
233,2017,22
233,2018,22
233,2019,8
233,2020,2
233,2021,22
233,2022,0
233,2023,0
234,1961,2071
234,1962,997
234,1963,994
234,1964,860
234,1965,1329
234,1966,840
234,1967,1237
234,1968,627
234,1969,592
234,1970,733
234,1971,739
234,1972,329
234,1973,578
234,1974,917
234,1975,1096
234,1976,521
234,1977,790
234,1978,384
234,1979,1034
234,1980,1070
234,1981,372
234,1982,133
234,1983,62
234,1984,19
234,1985,123
234,1986,45
234,1987,60
234,1988,167
234,1989,141
234,1990,97
234,1991,112
234,1992,56
234,1993,252
234,1994,162
234,1995,299
234,1996,309
234,1997,240
234,1998,240
234,1999,185
234,2000,169
234,2001,187
234,2002,50
234,2003,116
234,2004,116
234,2005,554
234,2006,554
234,2007,833
234,2008,952
234,2009,679
234,2010,832
234,2011,1976
234,2012,1736
234,2013,2077
234,2014,1340
234,2015,1262
234,2016,1444
234,2017,4119
234,2018,7270
234,2019,5654
234,2020,1469
234,2021,2144
234,2022,3088
234,2023,2659
235,1993,13
235,1994,70
235,1995,70
235,1996,114
235,1997,114
235,1998,246
235,1999,2068
235,2000,1184
235,2001,933
235,2002,1243
235,2003,3430
235,2004,6075
235,2005,10693
235,2006,18568
235,2007,29485
235,2008,37858
235,2009,20713
235,2010,19610
235,2011,24351
235,2012,26492
235,2013,30251
235,2014,30251
235,2015,13283
235,2016,17065
235,2017,17572.76
235,2018,12754
235,2019,13735
235,2020,17567
235,2021,13231
235,2022,13524
235,2023,11467
236,1961,1644
236,1962,1209
236,1963,461
236,1964,206
236,1965,92
236,1966,65
236,1967,13
236,1968,9
236,1969,85
236,1970,185
236,1971,152
236,1972,131
236,1973,90
236,1974,162
236,1975,162
236,1976,2139
236,1977,2243
236,1978,2870
236,1979,2421
236,1980,2329
236,1981,11500
236,1982,15530
236,1983,15507
236,1984,4600
236,1985,1652
236,1986,1652
236,1987,1652
236,1988,1652
236,1989,47
236,1990,216
236,1991,103
236,1992,2075
236,1993,615
236,1994,62
236,1995,3370
236,1996,984
236,1997,626
236,1998,73
236,1999,110
236,2000,159
236,2001,150
236,2002,0
236,2003,0
236,2004,0
236,2005,0
236,2006,0
236,2007,0
236,2008,59
236,2009,73
236,2010,30
236,2011,61
236,2012,787
236,2013,1010
236,2014,520.2
236,2015,3
236,2016,0
236,2017,131
236,2018,18
236,2019,32
236,2020,194
236,2021,2
236,2022,0
236,2023,6
237,1961,40
237,1962,21
237,1963,490
237,1964,360
237,1965,460
237,1966,460
237,1967,275
237,1968,450
237,1969,924
237,1970,689
237,1971,689
237,1972,689
237,1973,689
237,1974,689
237,1975,689
237,1976,689
237,1977,1189
237,1978,1209
237,1979,1255
237,1980,3409
237,1981,3409
237,1982,3409
237,1983,3100
237,1984,3100
237,1992,1
237,1993,14
237,1994,14
237,1995,24
237,1996,111
237,1997,501
237,1998,394
237,1999,839
237,2000,839
237,2001,3658
237,2002,8282
237,2003,8282
237,2004,19081
237,2005,19081
237,2006,199217
237,2007,98684
237,2008,340138
237,2009,242088
237,2010,249813
237,2011,331348
237,2012,328639
237,2013,430198
237,2014,528185
237,2015,559470
237,2016,529514
237,2017,833634
237,2018,710455
237,2019,648908
237,2020,602006
237,2021,877719
237,2022,1230725
237,2023,451297
238,1993,19
238,1994,3
238,1995,18
238,1996,92
238,1997,45
238,1998,45
238,1999,45
238,2000,0
238,2001,0
238,2002,0
238,2003,0
238,2004,0
238,2005,0
238,2006,0
238,2007,655
238,2008,1405
238,2009,1998
238,2010,1241
238,2011,363
238,2012,2189
238,2013,8567
238,2014,4317
238,2015,1152
238,2016,934
238,2017,102
238,2018,5
238,2019,346
238,2020,5
238,2021,0
238,2022,143
238,2023,119
239,1990,54
239,1991,54
239,1992,22
239,1993,14
239,1994,14
239,1995,14
239,1996,14
239,1997,14
239,1998,14
239,1999,14
239,2000,14
239,2001,14
239,2002,14
239,2003,14
239,2004,14
239,2005,14
239,2006,14
239,2007,14
239,2008,14
239,2009,184
239,2010,249
239,2011,305
239,2012,497
239,2013,1130
239,2014,539
239,2015,405
239,2016,106
239,2017,338
239,2018,247
239,2019,65
239,2020,288
239,2021,287
239,2022,1304
239,2023,546
243,1993,28
243,1994,28
243,1995,28
243,1996,28
243,1997,28
243,1998,28
243,1999,28
243,2000,28
243,2001,28
243,2002,28
243,2003,28
243,2004,28
243,2005,28
243,2006,28
243,2007,28
243,2008,28
243,2009,28
243,2010,28
243,2011,28
243,2012,28
243,2013,28
243,2014,28
243,2015,0
243,2016,0
243,2017,31
243,2018,21
243,2019,83
243,2020,74
243,2021,32
243,2022,84
243,2023,34
244,1994,0
244,1995,192
244,1996,33
244,1997,33
244,1998,33
244,1999,1
244,2000,1
244,2001,1
244,2002,50
244,2003,490
244,2004,837
244,2005,156
244,2006,25
244,2007,17
244,2008,57
244,2009,77
244,2010,123
244,2011,524
244,2012,278
244,2013,247
244,2014,448
244,2015,105
244,2016,292
244,2017,186
244,2018,595
244,2019,186
244,2020,321
244,2021,287
244,2022,202
244,2023,220
248,1961,142
248,1962,182
248,1963,488
248,1964,1284
248,1965,1100
248,1966,4173
248,1967,4595
248,1968,5273
248,1969,5928
248,1970,20309
248,1971,20398
248,1972,19832
248,1973,31781
248,1974,53404
248,1975,52156
248,1976,31671
248,1977,49864
248,1978,66286
248,1979,66150
248,1980,126074
248,1981,125567
248,1982,112482
248,1983,81766
248,1984,44340
248,1985,78284
248,1986,53407
248,1987,54092
248,1988,47154
248,1989,128942
248,1990,78633
249,1971,66
249,1972,66
249,1973,66
249,1974,66
249,1975,43
249,1976,112
249,1977,143
249,1978,143
249,1979,71
249,1980,71
249,1981,2548
249,1982,2548
249,1983,2548
249,1984,2548
249,1985,2548
249,1986,2548
249,1987,2548
249,1988,2548
249,1989,2548
249,1991,48
249,1992,6
249,1993,32
249,1994,13
249,1995,13
249,1996,13
249,1997,96
249,1998,105
249,1999,329
249,2000,329
249,2001,0
249,2002,0
249,2003,0
249,2004,700
249,2005,700
249,2006,700
249,2007,700
249,2008,700
249,2009,1650
249,2010,922
249,2011,832
249,2012,74
249,2013,924
249,2014,1356
249,2015,133
249,2016,39
249,2017,173
249,2018,87
249,2019,785
249,2020,652
249,2021,1622
249,2022,1325
249,2023,211
25,2015,0
25,2016,0
25,2017,70
25,2018,107
25,2019,333
25,2020,174
25,2021,0
25,2022,71
25,2023,0
250,1991,1
250,1992,2
250,1993,2
250,1994,0
250,1995,45
250,1996,45
250,1997,0
250,1998,0
250,1999,0
250,2000,0
250,2001,0
250,2002,12
250,2003,11
250,2004,8
250,2005,8
250,2006,70
250,2007,176
250,2008,1445
250,2009,2693.3
250,2010,568
250,2011,147
250,2012,107
250,2013,237
250,2014,537
250,2015,168
250,2016,86
250,2017,309
250,2018,1808
250,2019,1120
250,2020,136
250,2021,476
250,2022,466
250,2023,198
251,1964,68
251,1965,112
251,1966,110
251,1967,89
251,1968,338
251,1969,338
251,1970,97
251,1971,377
251,1972,254
251,1973,144
251,1974,250
251,1975,70
251,1976,54
251,1977,239
251,1978,239
251,1979,1179
251,1980,216
251,1981,1046
251,1982,1046
251,1983,1046
251,1984,1046
251,1985,1046
251,1986,1046
251,1987,1046
251,1988,1046
251,1989,1046
251,1994,0
251,1995,11
251,1996,11
251,1997,11
251,1998,35
251,1999,32
251,2000,97
251,2001,202
251,2002,202
251,2003,202
251,2004,27
251,2005,27
251,2006,27
251,2007,27
251,2008,246
251,2009,32
251,2010,71
251,2011,72
251,2012,86
251,2013,244
251,2014,1023
251,2015,1124
251,2016,120
251,2017,2173
251,2018,2484
251,2019,4412
251,2020,2097
251,2021,2424
251,2022,2292
251,2023,2290
255,2000,155251
255,2001,109034
255,2002,96159
255,2003,112598
255,2004,140953
255,2005,143452
255,2006,171413
255,2007,277023
255,2008,248241
255,2009,193409
255,2010,254999
255,2011,280891
255,2012,243239
255,2013,274789
255,2014,294628
255,2015,218894
255,2016,226656
255,2017,254510.4
255,2018,307427
255,2019,267336
255,2020,281402
255,2021,353625
255,2022,363185
255,2023,293131
256,2000,20451
256,2001,15536
256,2002,15762
256,2003,24768
256,2004,28320
256,2005,27379
256,2006,30535
256,2007,50964
256,2008,39266
256,2009,35528
256,2010,39328
256,2011,48109
256,2012,40519
256,2013,37780
256,2014,35230
256,2015,28487
256,2016,29011
256,2017,46919.26
256,2018,42805
256,2019,37845
256,2020,33732
256,2021,49686
256,2022,65677
256,2023,60072
258,2015,122
258,2016,138
258,2017,503
258,2018,234
258,2019,502
258,2020,505
258,2021,435
258,2022,687
258,2023,445
26,1990,55
26,1991,16
26,1992,18
26,1993,18
26,1994,0
26,1995,47
26,1996,147
26,1997,147
26,1998,152
26,1999,361
26,2000,66
26,2001,66
26,2002,9
26,2003,109
26,2004,18
26,2005,18
26,2006,18
26,2007,18
26,2008,42
26,2009,24
26,2010,21
26,2011,21
26,2012,21
26,2013,68
26,2014,15
26,2015,104
26,2016,1
26,2017,2
26,2018,16
26,2019,0
26,2020,245
26,2021,0
26,2022,0
26,2023,1093
27,1961,1371
27,1962,1880
27,1963,1067
27,1964,859
27,1965,1820
27,1966,3360
27,1967,7387
27,1968,8330
27,1969,7130
27,1970,9010
27,1971,8800
27,1972,7790
27,1973,10510
27,1974,14170
27,1975,13840
27,1976,17470
27,1977,19400
27,1978,20640
27,1979,11700
27,1980,18400
27,1981,19650
27,1982,18900
27,1983,23000
27,1984,22700
27,1985,16286
27,1986,26600
27,1987,23800
27,1988,16500
27,1989,16421
27,1991,47
27,1992,5197
27,1993,13
27,1994,164
27,1995,164
27,1996,166
27,1997,86
27,1998,166
27,1999,2171
27,2000,4274
27,2001,4067
27,2002,3088
27,2003,3100
27,2004,4108
27,2005,2929
27,2006,4059
27,2007,8180
27,2008,13496
27,2009,2750
27,2010,3021
27,2011,3175
27,2012,2678
27,2013,2167
27,2014,2663
27,2015,929
27,2016,915
27,2017,1594.67
27,2018,1593
27,2019,1415
27,2020,1187
27,2021,3835
27,2022,7190
27,2023,7250
272,2006,5900
272,2007,6891
272,2008,5896
272,2009,5636
272,2010,6564
272,2011,5781
272,2012,4357
272,2013,5526
272,2014,6700
272,2015,6761
272,2016,7148
272,2017,4337
272,2018,4522
272,2019,4848
272,2020,5730
272,2021,7457
272,2022,8383
272,2023,3947
273,2006,47
273,2007,47
273,2008,743
273,2009,77
273,2010,77
273,2011,0
273,2012,6
273,2013,6
273,2014,6
273,2015,6
273,2016,974
273,2017,596.89
273,2018,1168
273,2019,1109
273,2020,1313
273,2021,1151
273,2022,845
273,2023,845
276,2012,48
276,2013,48
276,2014,48
276,2015,258
276,2016,245
276,2017,315
276,2018,231
276,2019,13
276,2020,4
276,2021,250
276,2022,15
276,2023,9
277,2015,33
277,2016,3
277,2017,0
277,2018,15
277,2019,0
277,2020,0
277,2021,0
277,2022,1
277,2023,0
279,2011,118
279,2012,127
279,2013,118
279,2014,128
279,2015,166
279,2016,191
279,2017,198
279,2018,143
279,2019,260
279,2020,197
279,2021,237
279,2022,323
279,2023,631
28,1994,0
28,1995,0
28,1996,0
28,1997,0
28,1998,0
28,1999,0
28,2000,0
28,2001,0
28,2002,0
28,2003,0
28,2004,0
28,2005,0
28,2006,0
28,2007,0
28,2008,0
28,2009,0
28,2010,0
28,2011,0
28,2012,0
28,2013,0
28,2014,147
28,2015,76
28,2016,92
28,2017,3
28,2018,94
28,2019,110
28,2020,0
28,2021,0
28,2022,498
28,2023,498
281,2011,34
281,2012,34
281,2013,34
281,2014,34
281,2015,34
281,2016,34
281,2017,34
281,2018,34
281,2019,34
281,2020,34
281,2021,34
281,2022,34
281,2023,34
29,2004,14
29,2005,14
29,2006,14
29,2007,89
29,2008,3
29,2009,99
29,2010,87
29,2011,81
29,2012,75
29,2013,1228
29,2014,777
29,2015,0
29,2016,0
29,2017,6
29,2018,1
29,2019,0
29,2020,0
29,2021,1
29,2022,0
29,2023,0
299,2014,281
299,2015,34
299,2016,71
299,2017,29
299,2018,329
299,2019,413
299,2020,562
299,2021,345
299,2022,1269
299,2023,0
3,1994,18
3,1995,18
3,1996,0
3,1997,841
3,1998,172
3,1999,54
3,2000,176
3,2001,882
3,2002,36
3,2003,68
3,2004,68
3,2005,68
3,2006,68
3,2007,68
3,2008,68
3,2009,68
3,2010,558
3,2011,1077
3,2012,685
3,2013,741
3,2014,1686
3,2015,1686
3,2016,1686
3,2017,618.92
3,2018,1191
3,2019,1217
3,2020,2605
3,2021,1926
3,2022,1644
3,2023,1644
32,1994,0
32,1995,0
32,1996,0
32,1997,0
32,1998,0
32,1999,0
32,2000,86
32,2001,17
32,2002,3
32,2003,3
32,2004,0
32,2005,0
32,2006,1155
32,2007,455
32,2008,2450
32,2009,495
32,2010,197.3
32,2011,832
32,2012,129
32,2013,0
32,2014,216
32,2015,1
32,2016,1
32,2017,1366
32,2018,0
32,2019,0
32,2020,871
32,2021,259
32,2022,45
32,2023,33
33,1961,13353
33,1962,15897
33,1963,17553
33,1964,20324
33,1965,26160
33,1966,20864
33,1967,25321
33,1968,26953
33,1969,27169
33,1970,28800
33,1971,32922
33,1972,52132
33,1973,52998
33,1974,64929
33,1975,57707
33,1976,61865
33,1977,57706
33,1978,70496
33,1979,92282
33,1980,77774
33,1981,76500
33,1982,73299
33,1983,93379
33,1984,118498
33,1985,126830
33,1986,145229
33,1987,149713
33,1988,174732
33,1989,181178
33,1990,172677
33,1991,201098
33,1992,196169
33,1993,193582
33,1994,240568
33,1995,343502
33,1996,279743
33,1997,333893
33,1998,360017
33,1999,354571
33,2000,381753
33,2001,391151
33,2002,376220
33,2003,377840
33,2004,405864
33,2005,423800
33,2006,411671
33,2007,350503
33,2008,303009
33,2009,299324
33,2010,307482
33,2011,272391
33,2012,294947
33,2013,309322
33,2014,311120
33,2015,330148
33,2016,289832
33,2017,272702.36
33,2018,317061
33,2019,298673
33,2020,256816
33,2021,296775
33,2022,312532
33,2023,308848
35,1971,12
35,1972,10
35,1973,10
35,1974,26
35,1975,70
35,1976,70
35,1977,70
35,1978,13
35,1979,14
35,1980,85
35,1981,42
35,1982,42
35,1983,42
35,1984,42
35,1987,0
35,1990,42
35,1991,57
35,1992,323
35,1993,180
35,1994,798
35,1995,798
35,1996,240
35,1997,33
35,1998,84
35,1999,124
35,2000,124
35,2001,113
35,2002,113
35,2003,56
35,2004,202
35,2005,202
35,2006,209
35,2007,414
35,2008,574
35,2009,628
35,2010,252
35,2011,318
35,2012,398
35,2013,292
35,2014,345
35,2015,12
35,2016,53
35,2017,38
35,2018,357
35,2019,179
35,2020,376
35,2021,381
35,2022,85
35,2023,294
351,1961,15641
351,1962,26983
351,1963,38616
351,1964,43189
351,1965,68992
351,1966,71518
351,1967,71936
351,1968,85396
351,1969,89027
351,1970,100989
351,1971,124963
351,1972,120621
351,1973,218670
351,1974,271126
351,1975,187254
351,1976,294176
351,1977,405238
351,1978,496242
351,1979,744589
351,1980,768961
351,1981,725311
351,1982,804587
351,1983,988213
351,1984,1064863
351,1985,1028028
351,1986,904175
351,1987,1043327
351,1988,1238186
351,1989,1156956
351,1990,744611
351,1991,885020
351,1992,940267
351,1993,929962
351,1994,1013520
351,1995,975247
351,1996,930107
351,1997,1106769
351,1998,938451
351,1999,1441172
351,2000,2028540
351,2001,1991555
351,2002,2360055
351,2003,2645279
351,2004,2879140
351,2005,3493180
351,2006,4098633
351,2007,5645549
351,2008,4940877
351,2009,4272384
351,2010,6320907
351,2011,8570790.2
351,2012,7480687
351,2013,9610617
351,2014,12298634
351,2015,8210205
351,2016,8503014
351,2017,10023816
351,2018,11106734
351,2019,9569864
351,2020,8481092
351,2021,11673515
351,2022,8625297
351,2023,6480700
36,1990,209
36,1991,424
36,1992,391
36,1993,127
36,1994,116
36,1995,116
36,1996,116
36,1997,116
36,1998,116
36,1999,116
36,2000,116
36,2001,116
36,2002,116
36,2003,116
36,2004,116
36,2005,116
36,2006,116
36,2007,116
36,2008,116
36,2009,161
36,2010,197
36,2011,174
36,2012,90
36,2013,123
36,2014,247
36,2015,194
36,2016,394
36,2017,71
36,2018,516
36,2019,2051
36,2020,4202
36,2021,5765
36,2022,3232
36,2023,2105
37,1993,0
37,1994,0
37,1995,0
37,1996,0
37,1997,0
37,1998,0
37,1999,0
37,2000,0
37,2001,0
37,2002,0
37,2003,0
37,2004,0
37,2005,0
37,2006,0
37,2007,0
37,2008,0
37,2009,0
37,2010,0
37,2011,0
37,2012,0
37,2013,0
37,2014,4
37,2015,0
37,2016,0
37,2017,0
37,2018,0
37,2019,0
37,2020,0
37,2021,0
37,2022,1
37,2023,1
38,1961,835
38,1962,755
38,1963,449
38,1964,510
38,1965,344
38,1966,426
38,1967,322
38,1968,54
38,1969,131
38,1970,108
38,1990,488
38,1991,3545
38,1992,1585
38,1993,1457
38,1994,1810
38,1995,111
38,1996,111
38,1997,55
38,1998,55
38,1999,55
38,2000,55
38,2001,80
38,2002,150
38,2003,107
38,2004,121
38,2005,232
38,2006,194
38,2007,163
38,2008,229
38,2009,2957
38,2010,872
38,2011,297
38,2012,291
38,2013,184
38,2014,797
38,2015,575
38,2016,236
38,2017,663
38,2018,171
38,2019,312
38,2020,104
38,2021,325
38,2022,42
38,2023,206
39,2004,2
39,2005,2
39,2006,72
39,2007,72
39,2008,93
39,2009,47
39,2010,23
39,2011,156
39,2012,194
39,2013,194
39,2014,178
39,2015,0
39,2016,0
39,2017,4
39,2018,0
39,2019,3
39,2020,0
39,2021,0
39,2022,0
39,2023,0
4,1961,1892
4,1962,1642
4,1963,1872
4,1964,1750
4,1965,1478
4,1966,1303
4,1967,1070
4,1968,959
4,1969,1904
4,1970,1821
4,1971,1822
4,1972,2289
4,1973,2109
4,1974,8912
4,1975,5970
4,1976,4499
4,1977,10951
4,1978,6870
4,1979,9627
4,1980,19483
4,1981,17974
4,1982,21305
4,1983,35182
4,1984,33182
4,1985,30182
4,1986,47976
4,1987,46343
4,1988,44386
4,1989,30321
4,1990,5009
4,1991,15725
4,1992,16595
4,1993,11567
4,1994,15161
4,1995,15615
4,1996,7016
4,1997,6353
4,1998,7142
4,1999,5622
4,2000,5119
4,2001,3133
4,2002,3707
4,2003,4289
4,2004,6304
4,2005,6304
4,2006,3705
4,2007,3353
4,2008,6889
4,2009,1592
4,2010,2510
4,2011,1485
4,2012,2186
4,2013,778
4,2014,2061
4,2015,2326
4,2016,4371
4,2017,7086
4,2018,11844
4,2019,12880
4,2020,2671
4,2021,5289
4,2022,12223
4,2023,21847
40,1990,158
40,1991,13
40,1992,42
40,1993,77
40,1994,41
40,1995,41
40,1996,0
40,1997,0
40,1998,0
40,1999,0
40,2000,0
40,2001,0
40,2002,0
40,2003,0
40,2004,0
40,2005,0
40,2006,0
40,2007,0
40,2008,0
40,2009,0
40,2010,32
40,2011,85
40,2012,914
40,2013,889
40,2014,61
40,2015,1520
40,2016,3656
40,2017,120
40,2018,294
40,2019,506
40,2020,203
40,2021,18
40,2022,121
40,2023,84
41,1961,4630
41,1962,8400
41,1963,14770
41,1964,15200
41,1965,44200
41,1966,44750
41,1967,44490
41,1968,45400
41,1969,45000
41,1970,45100
41,1971,44500
41,1972,5477
41,1973,18505
41,1974,30194
41,1975,30194
41,1976,55560
41,1977,51060
41,1978,49260
41,1979,49860
41,1980,106200
41,1981,100200
41,1982,306000
41,1983,494000
41,1984,595900
41,1985,673893
41,1986,526000
41,1987,510000
41,1988,683000
41,1989,601292
41,1990,415223
41,1991,470701
41,1992,491606
41,1993,507437
41,1994,513825
41,1995,459798
41,1996,457780
41,1997,752473
41,1998,617712
41,1999,1101297
41,2000,1655285
41,2001,1693841
41,2002,2138101
41,2003,2433837
41,2004,2636221
41,2005,3243538
41,2006,3927392
41,2007,5349287
41,2008,4755815
41,2009,4084814
41,2010,6059997
41,2011,8270563
41,2012,7236213
41,2013,9276047
41,2014,11855347
41,2015,7993347
41,2016,8350000
41,2017,9908906
41,2018,10985597
41,2019,9447500
41,2020,8400712
41,2021,11593135
41,2022,8531517
41,2023,6386920
42,1994,0
42,1995,0
42,1996,0
42,1997,0
42,1998,0
42,1999,0
42,2000,0
42,2001,0
42,2002,0
42,2003,0
42,2004,0
42,2005,0
42,2006,0
42,2007,0
42,2008,0
42,2009,0
42,2010,0
42,2011,0
42,2012,0
42,2013,0
42,2014,0
42,2015,0
42,2016,0
42,2017,0
42,2018,0
42,2019,12
42,2020,0
42,2021,5
42,2022,0
42,2023,0
43,1994,0
43,1995,0
43,1996,0
43,1997,0
43,1998,0
43,1999,0
43,2000,0
43,2001,0
43,2002,0
43,2003,0
43,2004,0
43,2005,0
43,2006,0
43,2007,0
43,2008,0
43,2009,0
43,2010,0
43,2011,0
43,2012,0
43,2013,0
43,2014,0
43,2015,0
43,2016,0
43,2017,0
43,2018,3
43,2019,0
43,2020,0
43,2021,0
43,2022,3
43,2023,9
44,1991,21
44,1992,1700
44,1993,406
44,1994,862
44,1995,164
44,1996,303
44,1997,745
44,1998,1257
44,1999,51
44,2000,14
44,2001,49
44,2002,14
44,2003,49
44,2004,144
44,2005,40
44,2006,61
44,2007,43
44,2008,615
44,2009,30
44,2010,94
44,2011,100
44,2012,596
44,2013,3552
44,2014,1409
44,2015,1111
44,2016,127
44,2017,1823
44,2018,2230
44,2019,1515
44,2020,64
44,2021,1736
44,2022,1827
44,2023,287
45,1991,11
45,1992,11
45,1993,11
45,1994,73
45,1995,73
45,1996,73
45,1997,73
45,1998,42
45,1999,0
45,2000,0
45,2001,0
45,2002,0
45,2003,0
45,2004,0
45,2005,0
45,2006,0
45,2007,0
45,2008,0
45,2009,0
45,2010,20
45,2011,22
45,2012,0
45,2013,5
45,2014,0
45,2015,27
45,2016,11
45,2017,13
45,2018,14
45,2019,8
45,2020,1
45,2021,84
45,2022,590
45,2023,354
46,1994,0
46,1995,0
46,1996,0
46,1997,0
46,1998,0
46,1999,0
46,2000,0
46,2001,0
46,2002,0
46,2003,0
46,2004,0
46,2005,0
46,2006,0
46,2007,19
46,2008,99
46,2009,0
46,2010,0
46,2011,298
46,2012,761
46,2013,1
46,2014,15
46,2015,1
46,2016,14
46,2017,0
46,2018,228
46,2019,8
46,2020,0
46,2021,82
46,2022,187
46,2023,197
47,1992,2
47,1993,1
47,1994,1
47,1995,1
47,1996,1
47,1997,1
47,1998,1
47,1999,1
47,2000,1
47,2001,0
47,2002,0
47,2003,0
47,2004,0
47,2005,0
47,2006,0
47,2007,0
47,2008,0
47,2009,0
47,2010,0
47,2011,2
47,2012,0
47,2013,5
47,2014,5
47,2015,0
47,2016,13
47,2017,54
47,2018,112
47,2019,15
47,2020,19
47,2021,42
47,2022,39
47,2023,84
48,1964,28
48,1965,6
48,1966,12
48,1967,288
48,1968,216
48,1969,66
48,1970,12
48,1971,21
48,1972,52
48,1973,45
48,1974,175
48,1975,650
48,1976,612
48,1977,418
48,1978,844
48,1979,602
48,1980,891
48,1981,577
48,1982,374
48,1983,261
48,1984,261
48,1985,261
48,1986,261
48,1990,7
48,1991,7
48,1992,12
48,1993,396
48,1994,1033
48,1995,550
48,1996,550
48,1997,143
48,1998,143
48,1999,459
48,2000,459
48,2001,383
48,2002,276
48,2003,154
48,2004,214
48,2005,271
48,2006,214
48,2007,214
48,2008,491
48,2009,252
48,2010,207
48,2011,383
48,2012,636
48,2013,206
48,2014,176
48,2015,184
48,2016,465
48,2017,2487
48,2018,1771
48,2019,1998
48,2020,1771
48,2021,1660
48,2022,2145
48,2023,2153
49,1970,250
49,1971,200
49,1972,200
49,1973,200
49,1974,200
49,1975,200
49,1976,200
49,1977,200
49,1978,200
49,1979,200
49,1980,200
49,1981,200
49,1982,200
49,1983,200
49,1984,3364
49,1985,3228
49,1986,1225
49,1987,5018
49,1988,5018
49,1989,1179
49,1995,0
49,1996,26
49,1997,0
49,1998,0
49,1999,0
49,2000,0
49,2001,0
49,2002,0
49,2003,0
49,2004,18
49,2005,18
49,2006,18
49,2007,9769
49,2008,6718
49,2009,1321
49,2010,821
49,2011,1109
49,2012,1028
49,2013,1266
49,2014,907
49,2015,731
49,2016,245
49,2017,471
49,2018,779
49,2019,972
49,2020,1858
49,2021,637
49,2022,411
49,2023,43
5,1994,1
5,1995,1
5,1996,1
5,1997,1
5,1998,1
5,1999,1
5,2000,1
5,2001,1
5,2002,1
5,2003,1
5,2004,1
5,2005,1
5,2006,1
5,2007,1
5,2008,1
5,2009,1
5,2010,0
5,2011,0
5,2012,0
5,2013,0
5,2014,0
5,2015,0
5,2016,2
5,2017,14
5,2018,13
5,2019,0
5,2020,0
5,2021,0
5,2022,133
5,2023,292
50,1961,288
50,1962,396
50,1963,187
50,1964,225
50,1965,199
50,1966,347
50,1967,241
50,1968,179
50,1969,272
50,1970,300
50,1971,366
50,1972,248
50,1973,170
50,1974,113
50,1975,886
50,1976,844
50,1977,601
50,1978,481
50,1979,827
50,1980,688
50,1981,1329
50,1982,593
50,1983,1549
50,1984,1721
50,1985,2196
50,1986,1418
50,1987,638
50,1988,638
50,1989,638
50,1990,890
50,1991,1090
50,1992,643
50,1993,576
50,1994,1486
50,1995,1051
50,1996,763
50,1997,1452
50,1998,217
50,1999,217
50,2000,683
50,2001,603
50,2002,415
50,2003,190
50,2004,96
50,2005,98
50,2006,198
50,2007,355
50,2008,66
50,2009,523
50,2010,247
50,2011,235
50,2012,126
50,2013,76
50,2014,130
50,2015,50
50,2016,474
50,2017,343.99
50,2018,1273
50,2019,4495
50,2020,2438
50,2021,494
50,2022,2100
50,2023,37
5000,1961,900619
5000,1962,942921
5000,1963,1041513
5000,1964,1179980
5000,1965,1300390
5000,1966,1484200
5000,1967,1703027
5000,1968,2020491
5000,1969,2275855
5000,1970,2615310
5000,1971,2630200
5000,1972,2860034
5000,1973,5170656
5000,1974,5879193
5000,1975,4585657
5000,1976,5959378
5000,1977,6663202
5000,1978,7167462
5000,1979,11013739
5000,1980,11118721
5000,1981,7908104
5000,1982,7587606
5000,1983,6916135
5000,1984,6991651
5000,1985,6609310
5000,1986,7098615
5000,1987,9384958
5000,1988,9650065
5000,1989,10624325
5000,1990,10135269
5000,1991,9909880
5000,1992,10047168
5000,1993,11030149
5000,1994,11224207
5000,1995,12091543
5000,1996,10486231
5000,1997,9647128
5000,1998,8125266
5000,1999,9256437
5000,2000,10024642
5000,2001,9142490
5000,2002,9204431
5000,2003,10265683
5000,2004,11912732
5000,2005,12680768.3
5000,2006,13714242.3
5000,2007,17102980.3
5000,2008,15573357
5000,2009,11053189
5000,2010,14686272.95
5000,2011,18310360.23
5000,2012,16330901.76
5000,2013,19484948.36
5000,2014,22257832.3
5000,2015,16206927
5000,2016,16148556
5000,2017,17868968.89
5000,2018,19775271.09
5000,2019,17200612
5000,2020,15212722
5000,2021,20762093
5000,2022,18698144
5000,2023,14585235
51,1961,3334
51,1962,2917
51,1963,3334
51,1964,3195
51,1965,3750
51,1966,3334
51,1967,3473
51,1968,3056
51,1969,3200
51,1970,4584
51,1971,3750
51,1972,4675
51,1973,6600
51,1974,8200
51,1975,7000
51,1976,8500
51,1977,7400
51,1978,6300
51,1979,7000
51,1980,7500
51,1981,7650
51,1982,7200
51,1983,6600
51,1984,7000
51,1985,7000
51,1986,9500
51,1987,12000
51,1988,12200
51,1989,9500
51,1990,12738
51,1991,24021
51,1992,22834
5100,1961,6982
5100,1962,9401
5100,1963,10204
5100,1964,12767
5100,1965,16363
5100,1966,18803
5100,1967,16237
5100,1968,14271
5100,1969,18327
5100,1970,20398
5100,1971,21078
5100,1972,20992
5100,1973,26434
5100,1974,57244
5100,1975,65486
5100,1976,53380
5100,1977,85190
5100,1978,85071
5100,1979,88524
5100,1980,124877
5100,1981,122502
5100,1982,129038
5100,1983,130418
5100,1984,125051
5100,1985,133849
5100,1986,129592
5100,1987,149258
5100,1988,170702
5100,1989,151092
5100,1990,42551
5100,1991,78184
5100,1992,111909
5100,1993,76152
5100,1994,139536
5100,1995,133887
5100,1996,99115
5100,1997,114451
5100,1998,79683
5100,1999,117754
5100,2000,97737
5100,2001,121941
5100,2002,89676
5100,2003,96200
5100,2004,112632
5100,2005,114313
5100,2006,101921
5100,2007,129354
5100,2008,176224
5100,2009,97815.3
5100,2010,121121.6
5100,2011,124666.35
5100,2012,103752
5100,2013,102561
5100,2014,111084
5100,2015,71208
5100,2016,61730
5100,2017,109772
5100,2018,151661
5100,2019,134233
5100,2020,126183
5100,2021,100026
5100,2022,119745
5100,2023,114741
5101,1961,317
5101,1962,448
5101,1963,292
5101,1964,317
5101,1965,424
5101,1966,392
5101,1967,452
5101,1968,563
5101,1969,589
5101,1970,562
5101,1971,1110
5101,1972,536
5101,1973,487
5101,1974,3107
5101,1975,429
5101,1976,1082
5101,1977,2660
5101,1978,1355
5101,1979,3113
5101,1980,3679
5101,1981,3169
5101,1982,2687
5101,1983,2826
5101,1984,2654
5101,1985,2613
5101,1986,3767
5101,1987,3411
5101,1988,2614
5101,1989,5023
5101,1990,802
5101,1991,3543
5101,1992,4112
5101,1993,3145
5101,1994,1911
5101,1995,1527
5101,1996,5050
5101,1997,2212
5101,1998,2206
5101,1999,3552
5101,2000,2287
5101,2001,1948
5101,2002,2031
5101,2003,4817
5101,2004,4353
5101,2005,4358
5101,2006,5124
5101,2007,8104
5101,2008,16265
5101,2009,9963
5101,2010,10074
5101,2011,12534
5101,2012,20899
5101,2013,26092
5101,2014,46276
5101,2015,13496
5101,2016,8329
5101,2017,15214
5101,2018,18486
5101,2019,30730
5101,2020,26474
5101,2021,13780
5101,2022,21877
5101,2023,19794
5102,1990,0
5102,1991,21
5102,1992,8
5102,1993,8
5102,1994,38
5102,1995,97
5102,1996,97
5102,1997,124
5102,1998,87
5102,1999,34
5102,2000,148
5102,2001,177
5102,2002,175
5102,2003,176
5102,2004,268
5102,2005,268
5102,2006,1641
5102,2007,1251
5102,2008,4615
5102,2009,3983.3
5102,2010,1901.3
5102,2011,2205
5102,2012,1828
5102,2013,901
5102,2014,1554
5102,2015,406
5102,2016,200
5102,2017,2174
5102,2018,2171
5102,2019,1941
5102,2020,1149
5102,2021,875
5102,2022,863
5102,2023,539
5103,1961,6109
5103,1962,8398
5103,1963,9289
5103,1964,11741
5103,1965,10543
5103,1966,14317
5103,1967,11528
5103,1968,8959
5103,1969,12162
5103,1970,14197
5103,1971,15949
5103,1972,17430
5103,1973,20349
5103,1974,44828
5103,1975,57412
5103,1976,45339
5103,1977,74915
5103,1978,75195
5103,1979,72109
5103,1980,102172
5103,1981,103152
5103,1982,114987
5103,1983,118590
5103,1984,112263
5103,1985,122743
5103,1986,122469
5103,1987,141775
5103,1988,164100
5103,1989,142531
5103,1990,41251
5103,1991,73735
5103,1992,95390
5103,1993,62569
5103,1994,119252
5103,1995,120044
5103,1996,83783
5103,1997,106073
5103,1998,70798
5103,1999,80213
5103,2000,71321
5103,2001,93304
5103,2002,64632
5103,2003,67536
5103,2004,89592
5103,2005,90996
5103,2006,80862
5103,2007,107396
5103,2008,138183
5103,2009,72310
5103,2010,96626
5103,2011,95554
5103,2012,65921
5103,2013,44495
5103,2014,38135
5103,2015,36382
5103,2016,39897
5103,2017,64085
5103,2018,87036
5103,2019,51096
5103,2020,56932
5103,2021,32692
5103,2022,52861
5103,2023,41706
5104,1964,620
5104,1965,5316
5104,1966,3739
5104,1967,3698
5104,1968,3836
5104,1969,4611
5104,1970,4516
5104,1971,2884
5104,1972,2543
5104,1973,4122
5104,1974,7504
5104,1975,5569
5104,1976,4725
5104,1977,4114
5104,1978,5370
5104,1979,8060
5104,1980,13398
5104,1981,10541
5104,1982,6164
5104,1983,5496
5104,1984,5385
5104,1985,4886
5104,1986,1032
5104,1987,987
5104,1988,1110
5104,1989,1022
5104,1990,427
5104,1991,787
5104,1992,11824
5104,1993,8005
5104,1994,9201
5104,1995,8863
5104,1996,6592
5104,1997,2101
5104,1998,3696
5104,1999,2787
5104,2000,3134
5104,2001,3389
5104,2002,4863
5104,2003,5834
5104,2004,7625
5104,2005,7770
5104,2006,6746
5104,2007,6884
5104,2008,6958
5104,2009,4940
5104,2010,4962
5104,2011,5231.35
5104,2012,6191
5104,2013,11359
5104,2014,6366
5104,2015,9354
5104,2016,9315
5104,2017,19259
5104,2018,25860
5104,2019,30318
5104,2020,22189
5104,2021,33851
5104,2022,24132
5104,2023,29587
5105,1961,556
5105,1962,555
5105,1963,623
5105,1964,89
5105,1965,80
5105,1966,355
5105,1967,559
5105,1968,913
5105,1969,965
5105,1970,1123
5105,1971,1135
5105,1972,483
5105,1973,1476
5105,1974,1805
5105,1975,2076
5105,1976,2234
5105,1977,3501
5105,1978,3151
5105,1979,5242
5105,1980,5628
5105,1981,5640
5105,1982,5200
5105,1983,3506
5105,1984,4749
5105,1985,3607
5105,1986,2324
5105,1987,3085
5105,1988,2878
5105,1989,2516
5105,1990,71
5105,1991,98
5105,1992,575
5105,1993,2425
5105,1994,9134
5105,1995,3356
5105,1996,3593
5105,1997,3941
5105,1998,2896
5105,1999,31168
5105,2000,20847
5105,2001,23123
5105,2002,17975
5105,2003,17837
5105,2004,10794
5105,2005,10921
5105,2006,7548
5105,2007,5719
5105,2008,10203
5105,2009,6619
5105,2010,7558.3
5105,2011,9142
5105,2012,8913
5105,2013,19714
5105,2014,18753
5105,2015,11570
5105,2016,3989
5105,2017,9040
5105,2018,18108
5105,2019,20148
5105,2020,19439
5105,2021,18828
5105,2022,20012
5105,2023,23115
52,1995,14
52,1996,102
52,1997,553
52,1998,0
52,1999,59
52,2000,61
52,2001,60
52,2002,73
52,2003,439
52,2004,389
52,2005,506
52,2006,1371
52,2007,842
52,2008,555
52,2009,807
52,2010,1274
52,2011,1985
52,2012,1910
52,2013,390
52,2014,390
52,2015,230
52,2016,429
52,2017,281
52,2018,263
52,2019,190
52,2020,192
52,2021,209
52,2022,37
52,2023,37
5200,1961,62634
5200,1962,61977
5200,1963,60610
5200,1964,57213
5200,1965,69679
5200,1966,67936
5200,1967,70018
5200,1968,69291
5200,1969,68899
5200,1970,80962
5200,1971,73297
5200,1972,87852
5200,1973,87411
5200,1974,118960
5200,1975,111528
5200,1976,107375
5200,1977,114064
5200,1978,129789
5200,1979,164686
5200,1980,166106
5200,1981,162033
5200,1982,155015
5200,1983,182873
5200,1984,193819
5200,1985,187331
5200,1986,193440
5200,1987,217428
5200,1988,242237
5200,1989,249295
5200,1990,220241
5200,1991,243265
5200,1992,256284
5200,1993,264354
5200,1994,355693
5200,1995,481939
5200,1996,391610
5200,1997,442629
5200,1998,501539
5200,1999,535012
5200,2000,624377
5200,2001,615756
5200,2002,613804
5200,2003,605119
5200,2004,681919
5200,2005,774064
5200,2006,763526
5200,2007,619588.3
5200,2008,457737
5200,2009,406156.7
5200,2010,401130.35
5200,2011,373733.47
5200,2012,425138.38
5200,2013,453434.1
5200,2014,461673.3
5200,2015,463547
5200,2016,408061
5200,2017,410192.85
5200,2018,506027
5200,2019,457663
5200,2020,475642
5200,2021,576391
5200,2022,641228
5200,2023,630548
5203,1961,51491
5203,1962,53058
5203,1963,52566
5203,1964,48616
5203,1965,54415
5203,1966,53249
5203,1967,54819
5203,1968,58112
5203,1969,56665
5203,1970,64000
5203,1971,59991
5203,1972,76092
5203,1973,73816
5203,1974,102989
5203,1975,93155
5203,1976,90018
5203,1977,99827
5203,1978,113175
5203,1979,140465
5203,1980,119775
5203,1981,118915
5203,1982,119223
5203,1983,144149
5203,1984,165327
5203,1985,164295
5203,1986,170838
5203,1987,195855
5203,1988,218804
5203,1989,235523
5203,1990,206352
5203,1991,227185
5203,1992,240357
5203,1993,245194
5203,1994,323814
5203,1995,428698
5203,1996,348868
5203,1997,405118
5203,1998,467669
5203,1999,503409
5203,2000,600461
5203,2001,585663
5203,2002,590482
5203,2003,572158
5203,2004,610973
5203,2005,718335
5203,2006,709340
5203,2007,562347
5203,2008,415949
5203,2009,377593
5203,2010,375822
5203,2011,338219
5203,2012,384698
5203,2013,396383
5203,2014,400252
5203,2015,422454
5203,2016,380418
5203,2017,360035.85
5203,2018,454836
5203,2019,378080
5203,2020,407891
5203,2021,473493
5203,2022,537563
5203,2023,528936
5204,1961,820
5204,1962,921
5204,1963,1145
5204,1964,591
5204,1965,2450
5204,1966,1939
5204,1967,2708
5204,1968,2046
5204,1969,1985
5204,1970,4980
5204,1971,1703
5204,1972,835
5204,1973,1275
5204,1974,1413
5204,1975,4540
5204,1976,5673
5204,1977,2704
5204,1978,3828
5204,1979,10355
5204,1980,18637
5204,1981,11608
5204,1982,5902
5204,1983,4653
5204,1984,2979
5204,1985,3380
5204,1986,3113
5204,1987,1545
5204,1988,1804
5204,1989,2153
5204,1990,4051
5204,1991,6266
5204,1992,3585
5204,1993,7432
5204,1994,15460
5204,1995,29744
5204,1996,25706
5204,1997,15200
5204,1998,7283
5204,1999,9651
5204,2000,9369
5204,2001,13932
5204,2002,10747
5204,2003,20694
5204,2004,55097
5204,2005,40191
5204,2006,39437
5204,2007,31508.3
5204,2008,16352
5204,2009,10812.6
5204,2010,8334
5204,2011,7722
5204,2012,12587
5204,2013,7985
5204,2014,6427
5204,2015,7750
5204,2016,2202
5204,2017,6892
5204,2018,10913
5204,2019,22137
5204,2020,17043
5204,2021,20611
5204,2022,23761
5204,2023,34076
5206,1961,457
5206,1962,673
5206,1963,501
5206,1964,584
5206,1965,717
5206,1966,1030
5206,1967,1794
5206,1968,925
5206,1969,1188
5206,1970,1693
5206,1971,1683
5206,1972,2151
5206,1973,2121
5206,1974,2384
5206,1975,2621
5206,1976,2949
5206,1977,3638
5206,1978,1882
5206,1979,2250
5206,1980,13109
5206,1981,10568
5206,1982,6197
5206,1983,10330
5206,1984,10700
5206,1985,9323
5206,1986,9466
5206,1987,12322
5206,1988,12992
5206,1989,5197
5206,1990,8445
5206,1991,7488
5206,1992,5890
5206,1993,8658
5206,1994,13108
5206,1995,15103
5206,1996,12416
5206,1997,16647
5206,1998,15583
5206,1999,16240
5206,2000,11637
5206,2001,12360
5206,2002,10386
5206,2003,10796
5206,2004,12480
5206,2005,12188
5206,2006,10077
5206,2007,21867
5206,2008,20984
5206,2009,12477
5206,2010,13115.35
5206,2011,19026.47
5206,2012,19939.38
5206,2013,20609.1
5206,2014,26785.1
5206,2015,26970
5206,2016,18254
5206,2017,27283
5206,2018,12986
5206,2019,29101
5206,2020,40121
5206,2021,59306
5206,2022,62974
5206,2023,45829
5207,1961,9866
5207,1962,7325
5207,1963,6398
5207,1964,7422
5207,1965,12097
5207,1966,11718
5207,1967,10697
5207,1968,8208
5207,1969,9061
5207,1970,10289
5207,1971,9920
5207,1972,8774
5207,1973,10199
5207,1974,12174
5207,1975,11212
5207,1976,8735
5207,1977,7895
5207,1978,10904
5207,1979,11616
5207,1980,14585
5207,1981,20942
5207,1982,23693
5207,1983,23741
5207,1984,14813
5207,1985,10333
5207,1986,10023
5207,1987,7706
5207,1988,8637
5207,1989,6422
5207,1990,1393
5207,1991,2326
5207,1992,6452
5207,1993,3070
5207,1994,3311
5207,1995,8394
5207,1996,4620
5207,1997,5664
5207,1998,11004
5207,1999,5712
5207,2000,2910
5207,2001,3801
5207,2002,2189
5207,2003,1471
5207,2004,3369
5207,2005,3350
5207,2006,4672
5207,2007,3866
5207,2008,4452
5207,2009,5274.1
5207,2010,3859
5207,2011,8766
5207,2012,7914
5207,2013,28457
5207,2014,28209.2
5207,2015,6373
5207,2016,7187
5207,2017,15982
5207,2018,27292
5207,2019,28345
5207,2020,10587
5207,2021,22981
5207,2022,16930
5207,2023,21707
53,1997,1400
53,1998,1000
53,1999,8500
53,2000,8500
53,2001,8500
53,2002,11000
53,2003,11000
53,2004,3000
53,2005,3000
53,2006,0
53,2007,9
53,2008,2
53,2009,0
53,2010,0
53,2011,74
53,2012,89
53,2013,1786
53,2014,60
53,2015,24
53,2016,15
53,2017,145
53,2018,55
53,2019,247
53,2020,573
53,2021,126
53,2022,51
53,2023,141
5300,1961,278313
5300,1962,353215
5300,1963,438891
5300,1964,483838
5300,1965,570037
5300,1966,756725
5300,1967,997468
5300,1968,1250868
5300,1969,1391668
5300,1970,1675902
5300,1971,1688424
5300,1972,1838390
5300,1973,3506577
5300,1974,3841409
5300,1975,2823863
5300,1976,3931841
5300,1977,4451877
5300,1978,4963318
5300,1979,8336020
5300,1980,7659774
5300,1981,5126877
5300,1982,5265496
5300,1983,4872320
5300,1984,4936639
5300,1985,4483782
5300,1986,4586305
5300,1987,6417416
5300,1988,6398315
5300,1989,7226046
5300,1990,6912809
5300,1991,6676684
5300,1992,6640854
5300,1993,8466082
5300,1994,7673068
5300,1995,7542401
5300,1996,7099044
5300,1997,5894581
5300,1998,3968460
5300,1999,4960604
5300,2000,5772668
5300,2001,5238639
5300,2002,5357779
5300,2003,5892163
5300,2004,6883566
5300,2005,7283256.3
5300,2006,8193637.3
5300,2007,10067157
5300,2008,9290947
5300,2009,7369171
5300,2010,10001901
5300,2011,12934253.4
5300,2012,11731506.28
5300,2013,14150874
5300,2014,16893263
5300,2015,11948617
5300,2016,11961086
5300,2017,13611968.16
5300,2018,14555757
5300,2019,12586251
5300,2020,10794834
5300,2021,15105062
5300,2022,12528514
5300,2023,9033014
5301,1993,515
5301,1994,103
5301,1995,103
5301,1996,5431
5301,1997,7148
5301,1998,547
5301,1999,9334
5301,2000,4516
5301,2001,4194
5301,2002,5128
5301,2003,8615
5301,2004,12544
5301,2005,18809
5301,2006,26186
5301,2007,39063
5301,2008,48122
5301,2009,28104
5301,2010,28986
5301,2011,43359
5301,2012,48087
5301,2013,48217
5301,2014,45228
5301,2015,28457
5301,2016,32093
5301,2017,33087.05
5301,2018,28401
5301,2019,39260
5301,2020,33003
5301,2021,31973
5301,2022,22948
5301,2023,22877
5302,1961,259092
5302,1962,331749
5302,1963,422221
5302,1964,457282
5302,1965,539189
5302,1966,727622
5302,1967,965336
5302,1968,1209897
5302,1969,1342132
5302,1970,1618931
5302,1971,1618157
5302,1972,1764220
5302,1973,3407713
5302,1974,3742429
5302,1975,2719527
5302,1976,3795778
5302,1977,4284131
5302,1978,4726544
5302,1979,8065590
5302,1980,7392395
5302,1981,4864014
5302,1982,5054194
5302,1983,4631997
5302,1984,4745796
5302,1985,4339063
5302,1986,4395061
5302,1987,6097078
5302,1988,6009186
5302,1989,6833198
5302,1990,6232416
5302,1991,6056024
5302,1992,5860789
5302,1993,7765074
5302,1994,7019940
5302,1995,6754792
5302,1996,6302632
5302,1997,5190710
5302,1998,3400267
5302,1999,4293465
5302,2000,4921109
5302,2001,4400090
5302,2002,4553989
5302,2003,4907531
5302,2004,5583056
5302,2005,5901566
5302,2006,6690418
5302,2007,8317105
5302,2008,7164952
5302,2009,5713588
5302,2010,8051518
5302,2011,10386807.2
5302,2012,9079066
5302,2013,11392251
5302,2014,13994123
5302,2015,9603970
5302,2016,9905381
5302,2017,11384943
5302,2018,12524513
5302,2019,10717714
5302,2020,9417337
5302,2021,12964082
5302,2022,9973219
5302,2023,7491514
5303,1961,7804
5303,1962,8028
5303,1963,4177
5303,1964,4948
5303,1965,5649
5303,1966,3411
5303,1967,3162
5303,1968,3923
5303,1969,5112
5303,1970,7054
5303,1971,12428
5303,1972,7169
5303,1973,4221
5303,1974,4922
5303,1975,20670
5303,1976,17962
5303,1977,17326
5303,1978,19453
5303,1979,19761
5303,1980,19040
5303,1981,16490
5303,1982,18029
5303,1983,16409
5303,1984,15547
5303,1985,14089
5303,1986,34829
5303,1987,73552
5303,1988,108587
5303,1989,98342
5303,1990,242737
5303,1991,178721
5303,1992,224732
5303,1993,41539
5303,1994,49699
5303,1995,63573
5303,1996,123806
5303,1997,151598
5303,1998,212126
5303,1999,221427
5303,2000,414089
5303,2001,435434
5303,2002,424896
5303,2003,725848
5303,2004,871040
5303,2005,897817.2
5303,2006,836501
5303,2007,1125186
5303,2008,1282247
5303,2009,1152604
5303,2010,1362148
5303,2011,1836511
5303,2012,1967859.28
5303,2013,2015936
5303,2014,2051565
5303,2015,1558724
5303,2016,1289151
5303,2017,1178819
5303,2018,1073694
5303,2019,1027213
5303,2020,605626
5303,2021,1061103
5303,2022,1075085
5303,2023,928644
5304,1961,932
5304,1962,981
5304,1963,1595
5304,1964,9579
5304,1965,10916
5304,1966,14548
5304,1967,17846
5304,1968,22416
5304,1969,26027
5304,1970,29755
5304,1971,34028
5304,1972,39366
5304,1973,59213
5304,1974,51293
5304,1975,45278
5304,1976,61626
5304,1977,72802
5304,1978,136782
5304,1979,156799
5304,1980,131782
5304,1981,114726
5304,1982,79605
5304,1983,109871
5304,1984,84448
5304,1985,66459
5304,1986,63289
5304,1987,69008
5304,1988,98636
5304,1989,183365
5304,1990,278131
5304,1991,323480
5304,1992,385337
5304,1993,325212
5304,1994,414343
5304,1995,580089
5304,1996,480330
5304,1997,382961
5304,1998,181800
5304,1999,308041
5304,2000,278497
5304,2001,308885
5304,2002,271275
5304,2003,114914
5304,2004,218398
5304,2005,225936.1
5304,2006,379978.3
5304,2007,278888
5304,2008,516542
5304,2009,326529
5304,2010,357670
5304,2011,445301.2
5304,2012,450960
5304,2013,566544
5304,2014,671511
5304,2015,639536
5304,2016,643193
5304,2017,948711
5304,2018,834596
5304,2019,737714
5304,2020,686930
5304,2021,981304
5304,2022,1356363
5304,2023,519772
5305,1961,10485
5305,1962,12457
5305,1963,10898
5305,1964,12029
5305,1965,14283
5305,1966,11144
5305,1967,11124
5305,1968,14632
5305,1969,18397
5305,1970,20162
5305,1971,23811
5305,1972,27635
5305,1973,35430
5305,1974,42765
5305,1975,38388
5305,1976,56475
5305,1977,77618
5305,1978,80539
5305,1979,93870
5305,1980,116557
5305,1981,131647
5305,1982,113668
5305,1983,114043
5305,1984,90848
5305,1985,64171
5305,1986,93126
5305,1987,177778
5305,1988,181906
5305,1989,111141
5305,1990,159525
5305,1991,118459
5305,1992,169996
5305,1993,333742
5305,1994,188983
5305,1995,143844
5305,1996,186845
5305,1997,162164
5305,1998,173720
5305,1999,128337
5305,2000,154457
5305,2001,90036
5305,2002,102491
5305,2003,135255
5305,2004,198528
5305,2005,239128
5305,2006,260554
5305,2007,306915
5305,2008,279084
5305,2009,148346
5305,2010,201579
5305,2011,222275
5305,2012,185534
5305,2013,127926
5305,2014,130836
5305,2015,117930
5305,2016,91268
5305,2017,66408.1
5305,2018,94553
5305,2019,64350
5305,2020,51938
5305,2021,66600
5305,2022,100899
5305,2023,70207
54,1961,9556
54,1962,10641
54,1963,12903
54,1964,13433
54,1965,14506
54,1966,15257
54,1967,11228
54,1968,14273
54,1969,12556
54,1970,11564
54,1971,10136
54,1972,11766
54,1973,18404
54,1974,25945
54,1975,9430
54,1976,11040
54,1977,13916
54,1978,7150
54,1979,6887
54,1980,12200
54,1981,8559
54,1982,9495
54,1983,8676
54,1984,16046
54,1985,18642
54,1986,25249
54,1987,19762
54,1988,21663
54,1989,30778
54,1990,24110
54,1991,21335
54,1992,24130
54,1993,21197
54,1994,30247
54,1995,57942
54,1996,46005
54,1997,82710
54,1998,60588
54,1999,62931
54,2000,44483
54,2001,36295
54,2002,34433
54,2003,42245
54,2004,44749
54,2005,51523
54,2006,57680
54,2007,66189
54,2008,55688
54,2009,52956
54,2010,58140
54,2011,49127
54,2012,53090
54,2013,52280
54,2014,52280
54,2015,42819
54,2016,44355
54,2017,44355.04
54,2018,76868
54,2019,65753
54,2020,65753
54,2021,65753
54,2022,65753
54,2023,65753
5400,1961,548091
5400,1962,515622
5400,1963,528055
5400,1964,622670
5400,1965,639783
5400,1966,637751
5400,1967,615605
5400,1968,680848
5400,1969,791949
5400,1970,833182
5400,1971,843319
5400,1972,909110
5400,1973,1545157
5400,1974,1853728
5400,1975,1580983
5400,1976,1862730
5400,1977,2008495
5400,1978,1985862
5400,1979,2421003
5400,1980,3165120
5400,1981,2493420
5400,1982,2033373
5400,1983,1728593
5400,1984,1734451
5400,1985,1802732
5400,1986,2187407
5400,1987,2597013
5400,1988,2834303
5400,1989,2993075
5400,1990,2957350
5400,1991,2910039
5400,1992,3035506
5400,1993,2220874
5400,1994,3053978
5400,1995,3931094
5400,1996,2894059
5400,1997,3193718
5400,1998,3572928
5400,1999,3641263
5400,2000,3527180
5400,2001,3163442
5400,2002,3139606
5400,2003,3668986
5400,2004,4230719
5400,2005,4505717
5400,2006,4650940
5400,2007,6281760
5400,2008,5643877
5400,2009,3176080
5400,2010,4156256
5400,2011,4871722
5400,2012,4063933
5400,2013,4770694
5400,2014,4776994
5400,2015,3715821
5400,2016,3707681
5400,2017,3726069.88
5400,2018,4555427.09
5400,2019,4013230
5400,2020,3810117
5400,2021,4972966
5400,2022,5399869
5400,2023,4799021
5401,1961,27707
5401,1962,33312
5401,1963,28460
5401,1964,34715
5401,1965,33835
5401,1966,34884
5401,1967,46555
5401,1968,50909
5401,1969,53587
5401,1970,53694
5401,1971,62254
5401,1972,60384
5401,1973,102455
5401,1974,131085
5401,1975,121413
5401,1976,121846
5401,1977,139619
5401,1978,151957
5401,1979,138000
5401,1980,170236
5401,1981,163530
5401,1982,95437
5401,1983,103831
5401,1984,105014
5401,1985,101914
5401,1986,111041
5401,1987,113324
5401,1988,116734
5401,1989,118418
5401,1990,83471
5401,1991,100567
5401,1992,49753
5401,1993,55643
5401,1994,66071
5401,1995,134916
5401,1996,98164
5401,1997,92627
5401,1998,105259
5401,1999,114163
5401,2000,131952
5401,2001,125098
5401,2002,116786
5401,2003,138100
5401,2004,188455
5401,2005,246910
5401,2006,282241
5401,2007,366445
5401,2008,343437
5401,2009,217615
5401,2010,301790
5401,2011,509644
5401,2012,484892
5401,2013,514366
5401,2014,550893
5401,2015,445619
5401,2016,403095
5401,2017,385551.49
5401,2018,428073
5401,2019,384128
5401,2020,443589
5401,2021,799765
5401,2022,970678
5401,2023,659300
5402,1961,113775
5402,1962,99717
5402,1963,97892
5402,1964,123740
5402,1965,144307
5402,1966,140870
5402,1967,121119
5402,1968,119723
5402,1969,117595
5402,1970,147730
5402,1971,144629
5402,1972,119324
5402,1973,206087
5402,1974,278907
5402,1975,380842
5402,1976,347067
5402,1977,319587
5402,1978,234167
5402,1979,304152
5402,1980,401618
5402,1981,475767
5402,1982,365348
5402,1983,329860
5402,1984,388104
5402,1985,385694
5402,1986,522139
5402,1987,732406
5402,1988,787790
5402,1989,761678
5402,1990,514021
5402,1991,551033
5402,1992,681372
5402,1993,531413
5402,1994,841333
5402,1995,1360734
5402,1996,946791
5402,1997,1046156
5402,1998,1239738
5402,1999,1210047
5402,2000,1145217
5402,2001,1077228
5402,2002,1176576
5402,2003,1454285
5402,2004,1758679
5402,2005,1947577
5402,2006,1781235
5402,2007,2606459
5402,2008,2507694
5402,2009,864969
5402,2010,1274492
5402,2011,1391222
5402,2012,1166039
5402,2013,1372162
5402,2014,1359059
5402,2015,1000984
5402,2016,929549
5402,2017,920706.8
5402,2018,1548100
5402,2019,1389340
5402,2020,1198300
5402,2021,1331035
5402,2022,1409729
5402,2023,1354159
5403,1961,97811
5403,1962,105907
5403,1963,111505
5403,1964,102438
5403,1965,116316
5403,1966,126443
5403,1967,144186
5403,1968,162055
5403,1969,205306
5403,1970,219118
5403,1971,224488
5403,1972,268692
5403,1973,498061
5403,1974,627443
5403,1975,447787
5403,1976,541098
5403,1977,682305
5403,1978,670745
5403,1979,851320
5403,1980,1211604
5403,1981,864235
5403,1982,722677
5403,1983,561248
5403,1984,536977
5403,1985,600822
5403,1986,691915
5403,1987,766693
5403,1988,915196
5403,1989,1124446
5403,1990,1288411
5403,1991,1113344
5403,1992,1053855
5403,1993,762268
5403,1994,992123
5403,1995,1161304
5403,1996,894363
5403,1997,1007361
5403,1998,1097630
5403,1999,1012779
5403,2000,983282
5403,2001,877645
5403,2002,818989
5403,2003,893528
5403,2004,960511
5403,2005,899960
5403,2006,930466
5403,2007,1100044
5403,2008,922154
5403,2009,595378
5403,2010,668033
5403,2011,868296
5403,2012,603975
5403,2013,770002
5403,2014,748891
5403,2015,543337
5403,2016,558276
5403,2017,564666.24
5403,2018,586398.09
5403,2019,570961
5403,2020,535919
5403,2021,765704
5403,2022,926123
5403,2023,874622
5404,1961,308798
5404,1962,276686
5404,1963,290198
5404,1964,361777
5404,1965,345325
5404,1966,335554
5404,1967,303745
5404,1968,348161
5404,1969,415461
5404,1970,412640
5404,1971,411948
5404,1972,460710
5404,1973,738554
5404,1974,816293
5404,1975,630941
5404,1976,852719
5404,1977,866984
5404,1978,928993
5404,1979,1127531
5404,1980,1381662
5404,1981,989888
5404,1982,849911
5404,1983,733654
5404,1984,704356
5404,1985,714302
5404,1986,862312
5404,1987,984590
5404,1988,1014583
5404,1989,988533
5404,1990,1071447
5404,1991,1145095
5404,1992,1250526
5404,1993,871550
5404,1994,1154451
5404,1995,1274140
5404,1996,954741
5404,1997,1047574
5404,1998,1130301
5404,1999,1304274
5404,2000,1266729
5404,2001,1083471
5404,2002,1027255
5404,2003,1183073
5404,2004,1323074
5404,2005,1411270
5404,2006,1656998
5404,2007,2208812
5404,2008,1870592
5404,2009,1498118
5404,2010,1911941
5404,2011,2102560
5404,2012,1809027
5404,2013,2114164
5404,2014,2118151
5404,2015,1725881
5404,2016,1816761
5404,2017,1855145.36
5404,2018,1992856
5404,2019,1668801
5404,2020,1632309
5404,2021,2076462
5404,2022,2093339
5404,2023,1910940
55,1981,80
55,1982,86
55,1983,30
55,1984,78
55,1985,25
55,1986,119
55,1987,191
55,1988,138
55,1989,149
55,1994,0
55,1995,40
55,1996,66
55,1997,426
55,1998,398
55,1999,150
55,2000,97
55,2001,111
55,2002,117
55,2003,133
55,2004,92
55,2005,92
55,2006,239
55,2007,540
55,2008,199
55,2009,354
55,2010,225
55,2011,215
55,2012,223
55,2013,291
55,2014,217
55,2015,173
55,2016,2
55,2017,5
55,2018,566
55,2019,383
55,2020,337
55,2021,298
55,2022,465
55,2023,1130
5500,1961,4599
5500,1962,2706
5500,1963,3753
5500,1964,3492
5500,1965,4528
5500,1966,2985
5500,1967,3699
5500,1968,5213
5500,1969,5012
5500,1970,4866
5500,1971,4082
5500,1972,3690
5500,1973,5077
5500,1974,7852
5500,1975,3797
5500,1976,4052
5500,1977,3576
5500,1978,3422
5500,1979,3506
5500,1980,2844
5500,1981,3272
5500,1982,4684
5500,1983,1931
5500,1984,1691
5500,1985,1616
5500,1986,1871
5500,1987,3843
5500,1988,4508
5500,1989,4817
5500,1990,2318
5500,1991,1708
5500,1992,2615
5500,1993,2687
5500,1994,1932
5500,1995,2222
5500,1996,2403
5500,1997,1749
5500,1998,2656
5500,1999,1804
5500,2000,2680
5500,2001,2712
5500,2002,3566
5500,2003,3215
5500,2004,3896
5500,2005,3418
5500,2006,4218
5500,2007,5121
5500,2008,4572
5500,2009,3966
5500,2010,5864
5500,2011,5985
5500,2012,6572.1
5500,2013,7385.25
5500,2014,14818
5500,2015,7734
5500,2016,9998
5500,2017,10966
5500,2018,6399
5500,2019,9235
5500,2020,5946
5500,2021,7648
5500,2022,8788
5500,2023,7911
5501,1961,4599
5501,1962,2706
5501,1963,3753
5501,1964,3492
5501,1965,4528
5501,1966,2985
5501,1967,3699
5501,1968,5213
5501,1969,5012
5501,1970,4866
5501,1971,4082
5501,1972,3690
5501,1973,5077
5501,1974,7852
5501,1975,3767
5501,1976,3793
5501,1977,3143
5501,1978,3017
5501,1979,2456
5501,1980,1634
5501,1981,2052
5501,1982,3805
5501,1983,1053
5501,1984,1010
5501,1985,902
5501,1986,1157
5501,1987,3129
5501,1988,4102
5501,1989,4355
5501,1990,2178
5501,1991,1227
5501,1992,2123
5501,1993,1905
5501,1994,1632
5501,1995,1728
5501,1996,2006
5501,1997,1428
5501,1998,2166
5501,1999,1410
5501,2000,2363
5501,2001,2011
5501,2002,2852
5501,2003,2151
5501,2004,2277
5501,2005,2600
5501,2006,2678
5501,2007,4196
5501,2008,3026
5501,2009,2444
5501,2010,3662
5501,2011,2484
5501,2012,3830
5501,2013,4885
5501,2014,10977
5501,2015,5647
5501,2016,4595
5501,2017,8451
5501,2018,3999
5501,2019,7260
5501,2020,4442
5501,2021,4928
5501,2022,6079
5501,2023,5529
5502,1975,30
5502,1976,132
5502,1977,135
5502,1978,107
5502,1979,750
5502,1980,750
5502,1981,700
5502,1982,350
5502,1983,350
5502,1984,350
5502,1985,350
5502,1986,350
5502,1987,350
5502,1988,42
5502,1989,98
5502,1990,24
5502,1991,224
5502,1992,152
5502,1993,235
5502,1994,81
5502,1995,68
5502,1996,120
5502,1997,7
5502,1998,112
5502,1999,104
5502,2000,100
5502,2001,100
5502,2002,168
5502,2003,291
5502,2004,503
5502,2005,383
5502,2006,1068
5502,2007,221
5502,2008,405
5502,2009,379
5502,2010,594
5502,2011,1410
5502,2012,933.1
5502,2013,970.25
5502,2014,2135
5502,2015,1344
5502,2016,460
5502,2017,900
5502,2018,633
5502,2019,595
5502,2020,531
5502,2021,611
5502,2022,1215
5502,2023,889
5503,1990,12
5503,1992,6
5503,1993,66
5503,1994,76
5503,1995,76
5503,1996,76
5503,1997,76
5503,1998,76
5503,1999,76
5503,2000,76
5503,2001,76
5503,2002,76
5503,2003,76
5503,2004,76
5503,2005,76
5503,2006,76
5503,2007,76
5503,2008,76
5503,2009,76
5503,2010,203
5503,2011,248
5503,2012,213
5503,2013,322
5503,2014,389
5503,2015,447
5503,2016,875
5503,2017,734
5503,2018,554
5503,2019,296
5503,2020,467
5503,2021,1100
5503,2022,887
5503,2023,508
5504,1976,127
5504,1977,298
5504,1978,298
5504,1979,300
5504,1980,460
5504,1981,520
5504,1982,529
5504,1983,528
5504,1984,331
5504,1985,364
5504,1986,364
5504,1987,364
5504,1988,364
5504,1989,364
5504,1990,104
5504,1991,257
5504,1992,334
5504,1993,481
5504,1994,143
5504,1995,350
5504,1996,201
5504,1997,238
5504,1998,302
5504,1999,214
5504,2000,141
5504,2001,525
5504,2002,470
5504,2003,697
5504,2004,1040
5504,2005,359
5504,2006,396
5504,2007,628
5504,2008,1065
5504,2009,1067
5504,2010,1405
5504,2011,1843
5504,2012,1596
5504,2013,1208
5504,2014,1317
5504,2015,296
5504,2016,4068
5504,2017,881
5504,2018,1213
5504,2019,1084
5504,2020,506
5504,2021,1009
5504,2022,607
5504,2023,985
56,1980,9659
56,1981,8478
56,1982,5046
56,1983,6517
56,1984,4630
56,1985,3661
56,1986,5882
56,1987,5882
56,1988,5882
56,1989,977
56,1990,284
56,1991,145
56,1992,232
56,1993,86
56,1994,226
56,1995,490
56,1996,247
56,1997,1097
56,1998,2010
56,1999,2346
56,2000,2346
56,2001,2346
56,2002,2346
56,2003,2346
56,2004,789
56,2005,789
56,2006,1035
56,2007,638
56,2008,966
56,2009,1287
56,2010,1383
56,2011,7508
56,2012,6990
56,2013,2010
56,2014,9763
56,2015,13974
56,2016,9116
56,2017,18088
56,2018,1556
56,2019,2830
56,2020,2386
56,2021,13722
56,2022,15940
56,2023,12346
57,1992,10
57,1993,7
57,1996,3
57,1997,0
57,1998,3144
57,1999,4296
57,2000,4108
57,2001,3708
57,2002,5258
57,2003,3078
57,2004,3078
57,2005,3078
57,2006,3078
57,2007,3078
57,2008,3078
57,2009,400
57,2010,2150
57,2011,976
57,2012,1264
57,2013,1846
57,2014,2676
57,2015,1775
57,2016,2008
57,2017,3757.6
57,2018,3783
57,2019,3626
57,2020,3760
57,2021,10383
57,2022,10383
57,2023,10383
58,1993,3
58,1994,0
58,1995,0
58,1996,0
58,1997,0
58,1998,4260
58,1999,3251
58,2000,0
58,2001,53
58,2002,901
58,2003,34
58,2004,114
58,2005,0
58,2006,0
58,2007,0
58,2008,65
58,2009,42.1
58,2010,32
58,2011,88
58,2012,370
58,2013,2
58,2014,9
58,2015,20
58,2016,0
58,2017,44
58,2018,60
58,2019,22
58,2020,73
58,2021,47
58,2022,0
58,2023,7
5801,1961,622
5801,1962,813
5801,1963,788
5801,1964,454
5801,1965,510
5801,1966,834
5801,1967,1113
5801,1968,1586
5801,1969,1521
5801,1970,1660
5801,1971,2372
5801,1972,1124
5801,1973,2067
5801,1974,4483
5801,1975,2291
5801,1976,2964
5801,1977,3902
5801,1978,2783
5801,1979,5779
5801,1980,6558
5801,1981,8064
5801,1982,7493
5801,1983,6993
5801,1984,8193
5801,1985,16351
5801,1986,8555
5801,1987,10103
5801,1988,11709
5801,1989,14610
5801,1990,570
5801,1991,796
5801,1992,2860
5801,1993,4776
5801,1994,10103
5801,1995,11352
5801,1996,12204
5801,1997,11201
5801,1998,17373
5801,1999,12955
5801,2000,13559
5801,2001,15158
5801,2002,26450
5801,2003,37953
5801,2004,34036
5801,2005,11939.2
5801,2006,8509
5801,2007,11047
5801,2008,23890
5801,2009,15069.3
5801,2010,25939.1
5801,2011,21055.2
5801,2012,27064.28
5801,2013,42656.72
5801,2014,70567.72
5801,2015,22895
5801,2016,26334
5801,2017,47957
5801,2018,46507
5801,2019,53431
5801,2020,44266
5801,2021,37321
5801,2022,52468
5801,2023,36478
5802,1961,248
5802,1962,239
5802,1963,158
5802,1964,389
5802,1965,511
5802,1966,549
5802,1967,518
5802,1968,763
5802,1969,762
5802,1970,601
5802,1971,877
5802,1972,692
5802,1973,637
5802,1974,743
5802,1975,563
5802,1976,520
5802,1977,474
5802,1978,449
5802,1979,1406
5802,1980,1153
5802,1981,1941
5802,1982,1872
5802,1983,1985
5802,1984,1985
5802,1985,1985
5802,1986,2134
5802,1987,2135
5802,1988,2105
5802,1989,2060
5802,1990,214
5802,1991,316
5802,1992,326
5802,1993,895
5802,1994,1568
5802,1995,1948
5802,1996,7406
5802,1997,9888
5802,1998,3009
5802,1999,11642
5802,2000,6711
5802,2001,7225
5802,2002,7460
5802,2003,11928
5802,2004,15885
5802,2005,22359.2
5802,2006,32956
5802,2007,46421
5802,2008,56364
5802,2009,39469
5802,2010,41063.1
5802,2011,58237.35
5802,2012,66307.28
5802,2013,78388
5802,2014,60619
5802,2015,36608
5802,2016,39375
5802,2017,48660.74
5802,2018,49394
5802,2019,66612
5802,2020,60195
5802,2021,56050
5802,2022,43773
5802,2023,43469
5803,1961,855
5803,1962,998
5803,1963,702
5803,1964,9554
5803,1965,11094
5803,1966,14998
5803,1967,19889
5803,1968,22976
5803,1969,26147
5803,1970,30344
5803,1971,33602
5803,1972,36324
5803,1973,54442
5803,1974,51939
5803,1975,45995
5803,1976,63178
5803,1977,71153
5803,1978,123870
5803,1979,133881
5803,1980,127875
5803,1981,104274
5803,1982,67512
5803,1983,86483
5803,1984,56363
5803,1985,34550
5803,1986,34661
5803,1987,26553
5803,1988,31695
5803,1989,31624
5803,1990,18513
5803,1991,26593
5803,1992,25874
5803,1993,16109
5803,1994,49301
5803,1995,67688
5803,1996,48522
5803,1997,35821
5803,1998,30401
5803,1999,33319
5803,2000,24696
5803,2001,31433
5803,2002,30052
5803,2003,23890
5803,2004,22195
5803,2005,23900.1
5803,2006,17238.3
5803,2007,27032
5803,2008,25124
5803,2009,18569
5803,2010,22237.35
5803,2011,30556.47
5803,2012,30989.48
5803,2013,31112.36
5803,2014,52202.1
5803,2015,37012
5803,2016,33643
5803,2017,64086
5803,2018,31887
5803,2019,51083
5803,2020,54932
5803,2021,94792
5803,2022,112282
5803,2023,83462
5815,1961,2313
5815,1962,2405
5815,1963,1899
5815,1964,1557
5815,1965,1791
5815,1966,1864
5815,1967,2419
5815,1968,3676
5815,1969,3739
5815,1970,4377
5815,1971,5236
5815,1972,4819
5815,1973,6825
5815,1974,6715
5815,1975,7028
5815,1976,10745
5815,1977,12419
5815,1978,19187
5815,1979,16800
5815,1980,25556
5815,1981,48292
5815,1982,35816
5815,1983,40387
5815,1984,20121
5815,1985,10656
5815,1986,9918
5815,1987,10187
5815,1988,10272
5815,1989,9823
5815,1990,64
5815,1991,481
5815,1992,747
5815,1993,4071
5815,1994,10599
5815,1995,12077
5815,1996,11221
5815,1997,12540
5815,1998,9948
5815,1999,15462
5815,2000,15202
5815,2001,15990
5815,2002,17562
5815,2003,32626
5815,2004,18478
5815,2005,23148.2
5815,2006,29281
5815,2007,49191
5815,2008,72387
5815,2009,42578.3
5815,2010,41186.4
5815,2011,46351
5815,2012,54480.28
5815,2013,74734.72
5815,2014,83878.72
5815,2015,31569
5815,2016,26812
5815,2017,45592.07
5815,2018,41630
5815,2019,53762
5815,2020,49666
5815,2021,38825
5815,2022,38710
5815,2023,39830
5817,1961,11160
5817,1962,14992
5817,1963,11751
5817,1964,12696
5817,1965,12997
5817,1966,17068
5817,1967,14820
5817,1968,11359
5817,1969,15519
5817,1970,19713
5817,1971,27208
5817,1972,21460
5817,1973,21591
5817,1974,42085
5817,1975,55194
5817,1976,49066
5817,1977,62231
5817,1978,60917
5817,1979,57215
5817,1980,89474
5817,1981,103963
5817,1982,118183
5817,1983,109724
5817,1984,100158
5817,1985,120180
5817,1986,87637
5817,1987,113486
5817,1988,138407
5817,1989,125853
5817,1990,45919
5817,1991,74343
5817,1992,97944
5817,1993,73419
5817,1994,134502
5817,1995,157108
5817,1996,126842
5817,1997,140455
5817,1998,111676
5817,1999,144179
5817,2000,119112
5817,2001,138319
5817,2002,110081
5817,2003,136974
5817,2004,149631
5817,2005,132613.2
5817,2006,129556
5817,2007,165271
5817,2008,205172
5817,2009,122869.3
5817,2010,156886.1
5817,2011,165546.94
5817,2012,132316.66
5817,2013,132938.1
5817,2014,166827.3
5817,2015,108187
5817,2016,115652
5817,2017,178660
5817,2018,204325
5817,2019,165404
5817,2020,160811
5817,2021,146465
5817,2022,163298
5817,2023,118594
59,1961,582
59,1962,2203
59,1963,2301
59,1964,4209
59,1965,3102
59,1966,5769
59,1967,3448
59,1968,835
59,1969,1696
59,1970,2182
59,1971,1577
59,1972,2854
59,1973,3837
59,1974,5088
59,1975,19132
59,1976,15579
59,1977,20461
59,1978,18692
59,1979,9446
59,1980,21620
59,1981,35173
59,1982,46372
59,1983,47355
59,1984,43160
59,1985,56155
59,1986,33061
59,1987,50600
59,1988,50600
59,1989,54969
59,1990,15401
59,1991,12703
59,1992,15213
59,1993,5307
59,1994,30456
59,1995,20586
59,1996,15290
59,1997,35586
59,1998,16309
59,1999,21128
59,2000,18019
59,2001,16562
59,2002,12954
59,2003,10753
59,2004,14814
59,2005,16218
59,2006,13568
59,2007,19786
59,2008,30145
59,2009,31048
59,2010,20398
59,2011,25991
59,2012,22278
59,2013,17381
59,2014,13231
59,2015,17952
59,2016,19673
59,2017,30311
59,2018,48231
59,2019,19789
59,2020,44651
59,2021,18733
59,2022,27641
59,2023,11187
6,1990,166
6,1991,249
6,1992,145
6,1993,82
6,1994,72
6,1995,72
6,1996,72
6,1997,72
6,1998,72
6,1999,72
6,2000,72
6,2001,72
6,2002,72
6,2003,72
6,2004,72
6,2005,72
6,2006,72
6,2007,72
6,2008,72
6,2009,72
6,2010,72
6,2011,72
6,2012,72
6,2013,72
6,2014,72
6,2015,38
6,2016,2
6,2017,54
6,2018,36
6,2019,38
6,2020,5
6,2021,5
6,2022,5
6,2023,5
60,1961,28
60,1962,44
60,1963,61
60,1964,60
60,1965,129
60,1966,238
60,1967,238
60,1968,50
60,1969,32
60,1970,32
60,1971,32
60,1972,12
60,1973,12
60,1974,12
60,1975,70
60,1976,32
60,1977,49
60,1978,49
60,1979,60
60,1980,102
60,1981,102
60,1982,102
60,1983,102
60,1984,102
60,1985,102
60,1986,30
60,1987,55
60,1988,53
60,1990,462
60,1991,13
60,1992,3
60,1993,265
60,1994,405
60,1995,172
60,1996,172
60,1997,1235
60,1998,2109
60,1999,283
60,2000,107
60,2001,391
60,2002,342
60,2003,1252
60,2004,107
60,2005,55
60,2006,172
60,2007,44
60,2008,201
60,2009,55
60,2010,396
60,2011,422
60,2012,515
60,2013,356
60,2014,411
60,2015,84
60,2016,80
60,2017,3
60,2018,161
60,2019,161
60,2020,112
60,2021,144
60,2022,84
60,2023,440
61,1994,0
61,1995,0
61,1996,0
61,1997,0
61,1998,0
61,1999,0
61,2000,0
61,2001,0
61,2002,0
61,2003,0
61,2004,0
61,2005,0
61,2006,0
61,2007,0
61,2008,0
61,2009,0
61,2010,0
61,2011,16
61,2012,3
61,2013,0
61,2014,0
61,2015,0
61,2016,5
61,2017,2
61,2018,0
61,2019,3
61,2020,1
61,2021,0
61,2022,7
61,2023,29
62,1992,35
63,1993,4
63,1994,44
63,1995,1925
63,1996,3345
63,1997,4728
63,1998,11773
63,1999,14942
63,2000,14046
63,2001,23351
63,2002,27187
63,2003,48871
63,2004,87550
63,2005,106394
63,2006,113617
63,2007,138240
63,2008,61741
63,2009,23039
63,2010,27994
63,2011,33552
63,2012,28880
63,2013,30023
63,2014,26240
63,2015,24776
63,2016,21926
63,2017,23872.04
63,2018,32999
63,2019,35963
63,2020,51763
63,2021,87172
63,2022,105952
63,2023,85704
64,1990,188
64,1991,149
64,1992,37
64,1993,37
64,1994,151
64,1995,151
64,1996,151
64,1997,151
64,1998,151
64,1999,151
64,2000,151
64,2001,151
64,2002,151
64,2003,151
64,2004,151
64,2005,151
64,2006,151
64,2007,151
64,2008,151
64,2009,151
64,2010,840
64,2011,1367
64,2012,1184
64,2013,1382
64,2014,901
64,2015,784
64,2016,1158
64,2017,1397
64,2018,1471
64,2019,1406
64,2020,1361
64,2021,1961
64,2022,1537
64,2023,927
65,1994,0
65,1995,0
65,1996,0
65,1997,0
65,1998,0
65,1999,0
65,2000,0
65,2001,0
65,2002,0
65,2003,0
65,2004,0
65,2005,0
65,2006,0
65,2007,0
65,2008,0
65,2009,0
65,2010,0
65,2011,0
65,2012,0
65,2013,0
65,2014,0
65,2015,148
65,2016,235
65,2017,77
65,2018,4
65,2019,19
65,2020,0
65,2021,40
65,2022,36
65,2023,9
66,2002,11
66,2003,25
66,2004,53
66,2005,45
66,2006,648
66,2007,43
66,2008,32
66,2009,2
66,2010,66
66,2011,860
66,2012,675.1
66,2013,581.25
66,2014,1636
66,2015,1279
66,2016,380
66,2017,529
66,2018,97
66,2019,74
66,2020,41
66,2021,264
66,2022,603
66,2023,470
67,1961,5488
67,1962,5857
67,1963,9863
67,1964,18439
67,1965,29232
67,1966,24805
67,1967,23675
67,1968,20781
67,1969,18665
67,1970,26157
67,1971,34915
67,1972,34260
67,1973,63604
67,1974,83251
67,1975,111912
67,1976,111483
67,1977,88271
67,1978,83246
67,1979,84629
67,1980,109093
67,1981,116566
67,1982,148972
67,1983,163720
67,1984,190740
67,1985,154317
67,1986,145681
67,1987,188972
67,1988,213277
67,1989,250112
67,1990,251039
67,1991,187690
67,1992,256180
67,1993,196661
67,1994,249993
67,1995,480403
67,1996,309079
67,1997,292878
67,1998,398972
67,1999,392088
67,2000,351996
67,2001,414933
67,2002,469945
67,2003,580099
67,2004,674969
67,2005,804836
67,2006,751875
67,2007,1045909
67,2008,1288321
67,2009,260213
67,2010,439767
67,2011,470232
67,2012,387721
67,2013,460086
67,2014,408765
67,2015,274933
67,2016,263771
67,2017,239641.27
67,2018,457643
67,2019,355341
67,2020,323784
67,2021,339112
67,2022,249061
67,2023,219901
68,1961,75910
68,1962,68634
68,1963,74692
68,1964,102067
68,1965,92120
68,1966,95072
68,1967,94291
68,1968,105466
68,1969,133897
68,1970,117644
68,1971,126785
68,1972,161793
68,1973,242144
68,1974,277409
68,1975,213346
68,1976,310587
68,1977,267523
68,1978,250713
68,1979,331812
68,1980,428086
68,1981,285776
68,1982,230192
68,1983,200535
68,1984,186185
68,1985,177885
68,1986,209916
68,1987,211040
68,1988,212646
68,1989,204161
68,1990,273429
68,1991,273048
68,1992,381753
68,1993,215563
68,1994,330438
68,1995,373632
68,1996,265174
68,1997,262895
68,1998,291954
68,1999,284987
68,2000,275895
68,2001,246646
68,2002,226250
68,2003,272035
68,2004,283284
68,2005,286404
68,2006,307022
68,2007,426660
68,2008,374841
68,2009,188604
68,2010,201415
68,2011,192260
68,2012,147323
68,2013,139640
68,2014,163202
68,2015,123984
68,2016,143990
68,2017,136956.28
68,2018,147649
68,2019,135697
68,2020,143194
68,2021,132852
68,2022,160021
68,2023,146430
69,1987,0
69,1993,5
69,1994,140
69,1995,145
69,1996,145
69,1997,145
69,1998,145
69,1999,145
69,2000,145
69,2001,145
69,2002,145
69,2003,145
69,2004,145
69,2005,145
69,2006,145
69,2007,145
69,2008,145
69,2009,145
69,2010,145
69,2011,145
69,2012,145
69,2013,145
69,2014,145
69,2015,145
69,2016,145
69,2017,145
69,2018,145
69,2019,145
69,2020,145
69,2021,145
69,2022,145
69,2023,145
7,1990,0
7,1991,20
7,1992,0
7,1993,0
7,1994,0
7,1995,0
7,1996,0
7,1997,34
7,1998,35
7,1999,29
7,2000,57
7,2001,155
7,2002,155
7,2003,156
7,2004,252
7,2005,252
7,2006,338
7,2007,513
7,2008,513
7,2009,733
7,2010,1098
7,2011,741
7,2012,617
7,2013,463
7,2014,567
7,2015,236
7,2016,94
7,2017,493
7,2018,98
7,2019,112
7,2020,141
7,2021,53
7,2022,154
7,2023,65
70,1976,127
70,1977,298
70,1978,298
70,1979,300
70,1980,460
70,1981,520
70,1982,529
70,1983,528
70,1984,331
70,1985,364
70,1986,364
70,1987,364
70,1988,364
70,1989,364
70,1990,104
70,1991,207
70,1992,172
70,1993,292
70,1994,87
70,1995,102
70,1996,106
70,1997,157
70,1998,221
70,1999,156
70,2000,51
70,2001,436
70,2002,331
70,2003,162
70,2004,124
70,2005,124
70,2006,266
70,2007,506
70,2008,601
70,2009,361
70,2010,254
70,2011,505
70,2012,175
70,2013,154
70,2014,19
70,2015,25
70,2016,3688
70,2017,518
70,2018,119
70,2019,768
70,2020,83
70,2021,597
70,2022,118
70,2023,305
71,2015,20
71,2016,0
71,2017,0
71,2018,0
71,2019,0
71,2020,0
71,2021,0
71,2022,0
71,2023,0
72,1990,26
72,1991,66
72,1992,66
72,1993,6
72,1994,6
72,1995,4
72,1996,45
72,1997,45
72,1998,5
72,1999,16
72,2000,16
72,2001,12
72,2002,28
72,2003,56
72,2004,52
72,2005,52
72,2006,92
72,2007,25
72,2008,214
72,2009,64
72,2010,121
72,2011,24
72,2012,26
72,2013,24
72,2014,25
72,2015,5
72,2016,0
72,2017,5
72,2018,38
72,2019,138
72,2020,138
72,2021,2
72,2022,1
72,2023,56
73,1995,102
73,1996,0
73,1997,143
73,1998,0
73,1999,143
73,2000,143
73,2001,143
73,2002,143
73,2003,143
73,2004,143
73,2005,143
73,2006,439
73,2007,1709
73,2008,1709
73,2009,1709
73,2010,1709
73,2011,2620
73,2012,4340
73,2013,1360
73,2014,4646
73,2015,3336
73,2016,3044
73,2017,3994.58
73,2018,5407
73,2019,5016
73,2020,3092
73,2021,5361
73,2022,4562
73,2023,2193
74,1992,6
74,1993,6
74,1994,38
74,1995,38
74,1996,38
74,1997,60
74,1998,22
74,1999,0
74,2000,0
74,2001,0
74,2002,0
74,2003,0
74,2004,0
74,2005,0
74,2006,0
74,2007,0
74,2008,0
74,2009,0
74,2010,0
74,2011,0
74,2012,0
74,2013,0
74,2014,2
74,2015,0
74,2016,0
74,2017,0
74,2018,0
74,2019,692
74,2020,0
74,2021,1
74,2022,1
74,2023,15
75,1990,4
75,1991,1
75,1992,180
75,1993,109
75,1994,3
75,1995,3
75,1996,0
75,1997,39
75,1998,19
75,1999,0
75,2000,50
75,2001,50
75,2002,153
75,2003,133
75,2004,133
75,2005,133
75,2006,17
75,2007,17
75,2008,17
75,2009,28
75,2010,174
75,2011,145
75,2012,101
75,2013,40
75,2014,1
75,2015,3
75,2016,6
75,2017,38
75,2018,7
75,2019,1
75,2020,5
75,2021,3
75,2022,6
75,2023,73
79,1961,153235
79,1962,140090
79,1963,142605
79,1964,166804
79,1965,168193
79,1966,154944
79,1967,128773
79,1968,151714
79,1969,175296
79,1970,169124
79,1971,166153
79,1972,188073
79,1973,276461
79,1974,228324
79,1975,214689
79,1976,315811
79,1977,322107
79,1978,377292
79,1979,430512
79,1980,465294
79,1981,330303
79,1982,278567
79,1983,261208
79,1984,261179
79,1985,240720
79,1986,284691
79,1987,329636
79,1988,343651
79,1989,316989
79,1990,343375
79,1991,278290
79,1992,309880
79,1993,203990
79,1994,259776
79,1995,292697
79,1996,157739
79,1997,237501
79,1998,270594
79,1999,269987
79,2000,316182
79,2001,286490
79,2002,231913
79,2003,251413
79,2004,256367
79,2005,309798
79,2006,375430
79,2007,531039
79,2008,404383
79,2009,352979
79,2010,620759
79,2011,699260
79,2012,600773
79,2013,763096
79,2014,811878
79,2015,660937
79,2016,645009
79,2017,638583.34
79,2018,626447
79,2019,476900
79,2020,381713
79,2021,518195
79,2022,570889
79,2023,484348
8,1990,42
8,1991,18
8,1992,30
8,1993,17
8,1994,26
8,1995,26
8,1996,26
8,1997,26
8,1998,26
8,1999,26
8,2000,26
8,2001,26
8,2002,26
8,2003,26
8,2004,26
8,2005,26
8,2006,26
8,2007,26
8,2008,26
8,2009,26
8,2010,161
8,2011,231
8,2012,204
8,2013,367
8,2014,95
8,2015,176
8,2016,107
8,2017,1836
8,2018,1165
8,2019,554
8,2020,662
8,2021,385
8,2022,1147
8,2023,1244
80,1992,4
80,1993,22
80,1997,103
80,1998,0
80,1999,62
80,2000,62
80,2001,62
80,2002,62
80,2003,62
80,2004,250
80,2005,3146
80,2006,3146
80,2007,3107
80,2008,15302
80,2009,4769
80,2010,9183
80,2011,9552
80,2012,3862
80,2013,3676
80,2014,2605
80,2015,4467
80,2016,5121
80,2017,3885.43
80,2018,8122
80,2019,14285
80,2020,14390
80,2021,17577
80,2022,48512
80,2023,27851
81,1994,0
81,1995,0
81,1996,0
81,1997,0
81,1998,0
81,1999,0
81,2000,0
81,2001,0
81,2002,0
81,2003,0
81,2004,0
81,2005,0
81,2006,0
81,2007,76
81,2008,4290
81,2009,1579
81,2010,1077
81,2011,170
81,2012,794
81,2013,2099
81,2014,12381
81,2015,9111
81,2016,1457
81,2017,2533
81,2018,8541
81,2019,14013
81,2020,8717
81,2021,4371
81,2022,3707
81,2023,3438
82,1990,19
82,1991,13
82,1992,65
82,1993,5
82,1994,5
82,1995,5
82,1996,5
82,1997,5
82,1998,5
82,1999,5
82,2000,5
82,2001,5
82,2002,5
82,2003,5
82,2004,5
82,2005,5
82,2006,5
82,2007,5
82,2008,5
82,2009,5
82,2010,5
82,2011,5
82,2012,5
82,2013,5
82,2014,5
82,2015,64
82,2016,3
82,2017,61
82,2018,74
82,2019,44
82,2020,5
82,2021,14
82,2022,3
82,2023,9
83,1990,12
83,1994,2
83,1995,2
83,1996,2
83,1997,2
83,1998,2
83,1999,2
83,2000,2
83,2001,2
83,2002,2
83,2003,2
83,2004,2
83,2005,2
83,2006,2
83,2007,2
83,2008,2
83,2009,2
83,2010,104
83,2011,69
83,2012,6
83,2013,29
83,2014,32
83,2015,165
83,2016,156
83,2017,276
83,2018,320
83,2019,163
83,2020,77
83,2021,671
83,2022,196
83,2023,186
84,1961,1301
84,1962,2327
84,1963,2496
84,1964,3753
84,1965,5285
84,1966,6750
84,1967,9713
84,1968,13032
84,1969,11164
84,1970,11715
84,1971,14000
84,1972,18322
84,1973,32783
84,1974,32956
84,1975,31854
84,1976,33198
84,1977,48632
84,1978,49887
84,1979,71365
84,1980,78098
84,1981,53839
84,1982,22113
84,1983,32412
84,1984,30209
84,1985,25006
84,1986,56169
84,1987,48376
84,1988,61826
84,1989,105577
84,1990,60030
84,1991,63206
84,1992,44707
84,1993,34702
84,1994,1947
84,1995,1600
84,1996,3617
84,1997,42516
84,1998,41249
84,1999,41084
84,2000,28745
84,2001,27465
84,2002,24688
84,2003,30074
84,2004,25373
84,2005,29288
84,2006,20892
84,2007,21382
84,2008,22959
84,2009,18253
84,2010,22000
84,2011,21229
84,2012,8906
84,2013,7177
84,2014,7197
84,2015,7197
84,2016,7197
84,2017,5774.01
84,2018,7014
84,2019,8555
84,2020,13351
84,2021,13351
84,2022,13351
84,2023,13351
85,1990,18
85,1991,26
85,1992,9
85,1993,16
85,1994,64
85,1995,64
85,1996,64
85,1997,64
85,1998,64
85,1999,64
85,2000,101
85,2001,80
85,2002,61
85,2003,57
85,2004,57
85,2005,6
85,2006,144
85,2007,110
85,2008,182
85,2009,72
85,2010,53
85,2011,63
85,2012,35
85,2013,18
85,2014,23
85,2015,34
85,2016,33
85,2017,165
85,2018,5
85,2019,7
85,2020,31
85,2021,13
85,2022,463
85,2023,24
86,1994,444
86,1995,444
86,1996,444
86,1997,0
86,1998,0
86,1999,0
86,2000,0
86,2001,0
86,2002,0
86,2003,0
86,2004,0
86,2005,0
86,2006,0
86,2007,0
86,2008,0
86,2009,0
86,2010,113
86,2011,43
86,2012,0
86,2013,611
86,2014,461
86,2015,43
86,2016,0
86,2017,61
86,2018,81
86,2019,479
86,2020,445
86,2021,1287
86,2022,1033
86,2023,533
87,1961,16
87,1962,11
87,1963,32
87,1964,32
87,1965,37
87,1966,108
87,1967,86
87,1968,90
87,1969,90
87,1970,90
87,1971,90
87,1972,90
87,1973,90
87,1974,90
87,1975,90
87,1976,52
87,1977,52
87,1978,52
87,1979,195
87,1980,195
87,1981,185
87,1982,185
87,1983,307
87,1984,307
87,1985,307
87,1986,361
87,1987,361
87,1988,361
87,1989,361
87,1990,1838
87,1991,1265
87,1992,1509
87,1993,1197
87,1994,1823
87,1995,1734
87,1996,1734
87,1997,1734
87,1998,1734
87,1999,1734
87,2000,1734
87,2001,1734
87,2002,1734
87,2003,1734
87,2004,1734
87,2005,1734
87,2006,1734
87,2007,1734
87,2008,1734
87,2009,1734
87,2010,1734
87,2011,1734
87,2012,1734
87,2013,1734
87,2014,1734
87,2015,1734
87,2016,1734
87,2017,1734
87,2018,1734
87,2019,1734
87,2020,1734
87,2021,1734
87,2022,1734
87,2023,1734
88,2015,0
88,2016,0
88,2017,0
88,2018,0
88,2019,0
88,2020,0
88,2021,0
88,2022,0
88,2023,0
89,1979,149
89,1980,149
89,1981,143
89,1982,320
89,1983,320
89,1984,14
89,1985,22
89,1986,22
89,1987,22
89,1991,273
89,1992,176
89,1993,322
89,1994,44
89,1995,343
89,1996,634
89,1997,634
89,1998,621
89,1999,183
89,2000,445
89,2001,71
89,2002,31
89,2003,1126
89,2004,736
89,2005,639
89,2006,17
89,2007,23.3
89,2008,785
89,2009,264.6
89,2010,158
89,2011,386
89,2012,1284
89,2013,943
89,2014,1293
89,2015,719
89,2016,93
89,2017,225
89,2018,90
89,2019,251
89,2020,99
89,2021,481
89,2022,408
89,2023,133
9,1961,5558
9,1962,4609
9,1963,4514
9,1964,6050
9,1965,9759
9,1966,9997
9,1967,8530
9,1968,6950
9,1969,7887
9,1970,8423
9,1971,7034
9,1972,3667
9,1973,1415
9,1974,1903
9,1975,3477
9,1976,982
9,1977,495
9,1978,1379
9,1979,1828
9,1980,3793
9,1981,2531
9,1982,1162
9,1983,1364
9,1984,1889
9,1985,525
9,1986,877
9,1987,1320
9,1988,1238
9,1989,395
9,1990,567
9,1991,803
9,1992,1380
9,1993,767
9,1994,755
9,1995,673
9,1996,619
9,1997,1547
9,1998,348
9,1999,703
9,2000,800
9,2001,132
9,2002,0
9,2003,0
9,2004,200
9,2005,200
9,2006,105
9,2007,105
9,2008,105
9,2009,105
9,2010,62
9,2011,594
9,2012,300
9,2013,6
9,2014,8
9,2015,110
9,2016,472
9,2017,32
9,2018,51
9,2019,20
9,2020,0
9,2021,35
9,2022,485
9,2023,7085
90,1990,25
90,1991,33
90,1992,20
90,1993,20
90,1994,0
90,1995,0
90,1996,0
90,1997,168
90,1998,168
90,1999,0
90,2000,0
90,2001,0
90,2002,0
90,2003,0
90,2004,46
90,2005,46
90,2006,46
90,2007,46
90,2008,238
90,2009,238
90,2010,84
90,2011,84
90,2012,11
90,2013,42
90,2014,103
90,2015,527
90,2016,6
90,2017,79
90,2018,199
90,2019,0
90,2020,22
90,2021,72
90,2022,27
90,2023,3
91,1961,47
91,1962,57
91,1963,37
91,1964,49
91,1965,67
91,1966,77
91,1967,48
91,1968,40
91,1969,33
91,1970,42
91,1971,33
91,1972,24
91,1973,102
91,1974,109
91,1975,160
91,1976,145
91,2003,0
91,2004,0
91,2005,16
91,2006,23
91,2007,22
91,2008,44
91,2009,53
91,2010,48
91,2011,54
91,2012,12
91,2013,116
91,2014,18
91,2015,47
91,2016,33
91,2017,590
91,2018,3
91,2019,27
91,2020,3
91,2021,579
91,2022,15
91,2023,39
93,1966,5
93,1967,5
93,1968,3
93,1969,22
93,1970,46
93,1971,68
93,1972,87
93,1973,108
93,1974,133
93,1975,156
93,1976,180
93,1977,234
93,1978,234
93,1979,234
93,1990,3
93,1991,50
93,1992,50
93,1993,21
93,1994,25
93,1995,64
93,1996,633
93,1997,426
93,1998,312
93,1999,41
93,2000,133
93,2001,51
93,2002,51
93,2003,51
93,2004,51
93,2005,51
93,2006,51
93,2007,51
93,2008,51
93,2009,51
93,2010,1571
93,2011,689
93,2012,581
93,2013,1892.72
93,2014,1043.72
93,2015,1060
93,2016,255
93,2017,345
93,2018,321
93,2019,601
93,2020,500
93,2021,2659
93,2022,1584
93,2023,47
95,1994,0
95,1995,16300
95,1996,17100
95,1997,0
95,1998,0
95,1999,0
95,2000,0
95,2001,0
95,2002,60
95,2003,1025
95,2004,0
95,2005,89
95,2006,263
95,2007,675
95,2008,1312
95,2009,337
95,2010,177
95,2011,35
95,2012,261
95,2013,298
95,2014,182
95,2015,44
95,2016,17
95,2017,311
95,2018,35
95,2019,2348
95,2020,851
95,2021,329
95,2022,25
95,2023,363
96,1961,5309
96,1962,9032
96,1963,8510
96,1964,9430
96,1965,6627
96,1966,5833
96,1967,4866
96,1968,5948
96,1969,6490
96,1970,8342
96,1971,11209
96,1972,8731
96,1973,16837
96,1974,20895
96,1975,13660
96,1976,24274
96,1977,28444
96,1978,37309
96,1979,62725
96,1980,58888
96,1981,52788
96,1982,42310
96,1983,44469
96,1984,49180
96,1985,40630
96,1986,46243
96,1987,55107
96,1988,62626
96,1989,57912
96,1990,23590
96,1991,69669
96,1992,69764
96,1993,98222
96,1994,102767
96,1995,139878
96,1996,164857
96,1997,32708
96,1998,125000
96,1999,216370
96,2000,194413
96,2001,133625
96,2002,80752
96,2003,60496
96,2004,43735
96,2005,44793
96,2006,54367
96,2007,65729
96,2008,65274
96,2009,44678
96,2010,62130
96,2011,92447
96,2012,134181
96,2013,128152
96,2014,211553
96,2015,83406
96,2016,30733
96,2017,22958
96,2018,4004
96,2019,31500
96,2020,996
96,2021,996
96,2022,1803
96,2023,1803
97,1961,18720
97,1962,23170
97,1963,21235
97,1964,26083
97,1965,24958
97,1966,23986
97,1967,28415
97,1968,31867
97,1969,33665
97,1970,30739
97,1971,40667
97,1972,36357
97,1973,49609
97,1974,69046
97,1975,64530
97,1976,53562
97,1977,67444
97,1978,78662
97,1979,64591
97,1980,68559
97,1981,61818
97,1982,28506
97,1983,35584
97,1984,35772
97,1985,33486
97,1986,37916
97,1987,35691
97,1988,37233
97,1989,37814
97,1990,21705
97,1991,55439
97,1992,2734
97,1993,20392
97,1994,9655
97,1995,16269
97,1996,13981
97,1997,15149
97,1998,18929
97,1999,22160
97,2000,19050
97,2001,17503
97,2002,18269
97,2003,23447
97,2004,24046
97,2005,15779
97,2006,11266
97,2007,21281
97,2008,21950
97,2009,13397
97,2010,16756
97,2011,19884
97,2012,16731
97,2013,17001
97,2014,20662
97,2015,20228
97,2016,21789
97,2017,20297.77
97,2018,22458
97,2019,20483
97,2020,15680
97,2021,24237
97,2022,15680
97,2023,15680
98,1992,1878
98,1993,1623
98,1994,2332
98,1995,19438
98,1996,40595
98,1997,51561
98,1998,43198
98,1999,31807
98,2000,2523
98,2001,3073
98,2002,4587
98,2003,5247
98,2004,3018
98,2005,2867
98,2006,3414
98,2007,3939
98,2008,1903
98,2009,705
98,2010,1031
98,2011,1308
98,2012,810
98,2013,907
98,2014,1846
98,2015,5923
98,2016,7589
98,2017,7680.23
98,2018,14513.09
98,2019,15084
98,2020,8945
98,2021,14698
98,2022,33168
98,2023,36105
99,1961,186
99,1962,312
99,1963,322
99,1964,420
99,1965,283
99,1966,230
99,1967,254
99,1968,196
99,1969,161
99,1970,212
99,1971,243
99,1972,315
99,1973,469
99,1974,899
99,1975,1823
99,1976,1147
99,1977,1532
99,1978,736
99,1979,1755
99,1980,2768
99,1981,3442
99,1982,2071
99,1983,1471
99,1984,420
99,1985,315
99,1986,370
99,1987,562
99,1988,562
99,1989,328
99,1990,175
99,1991,158
99,1992,262
99,1993,486
99,1994,321
99,1995,288
99,1996,338
99,1997,501
99,1998,14057
99,1999,1087
99,2000,1087
99,2001,93
99,2002,72
99,2003,186
99,2004,161
99,2005,181
99,2006,366
99,2007,385
99,2008,450
99,2009,284
99,2010,19
99,2011,12
99,2012,38
99,2013,43
99,2014,38
99,2015,38
99,2016,17
99,2017,190.19
99,2018,1143
99,2019,296
99,2020,500
99,2021,513
99,2022,513
99,2023,513
