geo,year,qv_cereals_primary_gross_production_value_current_thousand_slc
1,1997,25925793
1,1998,33702738
1,1999,26489840
1,2000,18604620
1,2001,31108550
1,2002,31879871
1,2003,31753265
1,2004,49241028
1,2005,32514601
1,2006,19691460
1,2007,46720666
1,2008,47338525
1,2009,35465171
1,2010,39177486
1,2011,62076711
1,2012,72327288
1,2013,89817625
1,2014,80887362
1,2015,71543325
1,2016,65552904
1,2017,33842865
1,2018,37837374
1,2019,24844203
1,2020,30852835
1,2021,22065497
1,2022,40472329
1,2023,35155504
10,1991,3007448
10,1992,3429255
10,1993,4001767
10,1994,4392150
10,1995,3510866
10,1996,6580473
10,1997,7358847
10,1998,5766957
10,1999,5824473
10,2000,6545548
10,2001,7445863
10,2002,9288949
10,2003,4526325
10,2004,8415651
10,2005,6275933
10,2006,7522717
10,2007,4288634
10,2008,9154977
10,2009,8935999
10,2010,6912825
10,2011,9764581
10,2012,9631058
10,2013,10536015
10,2014,11555835
10,2015,11013889
10,2016,9645989
10,2017,11248943
10,2018,9067643
10,2019,10260135
10,2020,8760432
10,2021,15046082
10,2022,19578890
10,2023,18853380
100,1991,702935779
100,1992,764009876
100,1993,860356079
100,1994,909558961
100,1995,993461202
100,1996,1176859196
100,1997,1036253097
100,1998,1171348284
100,1999,1454874760
100,2000,1419812102
100,2001,1446484447
100,2002,1282411795
100,2003,1486651985
100,2004,1868872823
100,2005,2000321480
100,2006,2501230946
100,2007,3136787158
100,2008,3673918034
100,2009,3801471580
100,2010,4751771697
100,2011,5607378213
100,2012,6182624670
100,2013,5965897517
100,2014,6471806600
100,2015,6642873217
100,2016,7229739499
100,2017,7930609291
100,2018,8158829068
100,2019,8362790167
100,2020,8900042501
100,2021,11089828424
100,2022,12416465873
100,2023,13069511239
101,1991,15783977363
101,1992,17879802951
101,1993,16575973944
101,1994,20564215799
101,1995,26556423672
101,1996,29070965900
101,1997,31103937899
101,1998,55111454425
101,1999,71664218349
101,2000,64533047660
101,2001,69670286080
101,2002,75802884133
101,2003,76482753530
101,2004,100396890315
101,2005,127157690673
101,2006,133014223699
101,2007,161115104468
101,2008,197387384364
101,2009,175466719986
101,2010,215069868576
101,2011,502711534723
101,2012,554925973289
101,2013,529232429606
101,2014,560131059239
101,2015,636858510510
101,2016,602215789412
101,2017,392049103193
101,2018,392895545552
101,2019,382145734161
101,2020,366252894357
101,2021,353648322308
101,2022,399705841061
101,2023,427107244998
102,1991,2488302969
102,1992,3027523246
102,1993,4164820145
102,1994,5233179029
102,1995,8309898244
102,1996,8391616010
102,1997,9003312829
102,1998,15143179965
102,1999,15478413834
102,2000,13349054552
102,2001,17610427822
102,2002,29068254944
102,2003,34466437824
102,2004,41685788162
102,2005,43619951066
102,2006,62331110285
102,2007,57822246890
102,2008,51396637816
102,2009,59935698767
102,2010,70032829615
102,2011,64695924943
102,2012,91905651360
102,2013,161365313960
102,2014,210741657582
102,2015,234412528508
102,2016,331568131878
102,2017,325082533744
102,2018,369879234816
102,2019,596810533731
102,2020,887170479760
102,2021,1299131576351
102,2022,2961569802007
102,2023,3328427229239
103,1991,165200
103,1992,650000
103,1993,1036000
103,1994,2176000
103,1995,13500000
103,1996,18750000
103,1997,15730000
103,1998,19950000
103,1999,173000000
103,2000,103860000
103,2001,245230000
103,2002,740437000
103,2003,505850000
103,2004,803900000
103,2005,1322700000
103,2006,1640330000
103,2007,1957612000
103,2008,1252306950
103,2009,1624443760
103,2010,2673869392
103,2011,2738564076
103,2012,3116001594
103,2013,4299202146
103,2014,3982678328
103,2015,1856972661
103,2016,1922792311
103,2017,1628798249
103,2018,1153432337
103,2019,3053630039
103,2020,3835922251
103,2021,2445253050
103,2022,1507531227
103,2023,2250985610
104,1991,275352
104,1992,270261
104,1993,209252
104,1994,182051
104,1995,246976
104,1996,251651
104,1997,190531
104,1998,183581
104,1999,213800
104,2000,222589
104,2001,235787
104,2002,187892
104,2003,243028
104,2004,256357
104,2005,198682
104,2006,242351
104,2007,382177
104,2008,327641
104,2009,187544
104,2010,321115
104,2011,448369
104,2012,457593
104,2013,389320
104,2014,568797
104,2015,440419
104,2016,453971
104,2017,577281
104,2018,501047
104,2019,620259
104,2020,442842
104,2021,729256
104,2022,770508
104,2023,509452
105,1991,358741
105,1992,351458
105,1993,311159
105,1994,270601
105,1995,369126
105,1996,483559
105,1997,404483
105,1998,531449
105,1999,256567
105,2000,166051
105,2001,182093
105,2002,203197
105,2003,322447
105,2004,269679
105,2005,279645
105,2006,245169
105,2007,354854
105,2008,398573
105,2009,504471
105,2010,459590
105,2011,562318
105,2012,691286
105,2013,751826
105,2014,922293
105,2015,570265
105,2016,471874
105,2017,418333
105,2018,378239
105,2019,421951
105,2020,488456
105,2021,288679
105,2022,330776
105,2023,318741
106,1991,3874522
106,1992,3673456
106,1993,3994111
106,1994,3476412
106,1995,4170512
106,1996,4122575
106,1997,3506516
106,1998,3503600
106,1999,3413401
106,2000,3153391
106,2001,3132759
106,2002,3186455
106,2003,2756658
106,2004,3667591
106,2005,2825953
106,2006,3226625
106,2007,4371171
106,2008,5466331
106,2009,3195006
106,2010,3497380
106,2011,4959073
106,2012,4635372
106,2013,4437023
106,2014,4539995
106,2015,3727615
106,2016,3687776
106,2017,3299557
106,2018,3491191
106,2019,3558515
106,2020,3794708
106,2021,4882369
106,2022,5684986
106,2023,4941339
107,1991,71382813
107,1992,80994906
107,1993,92613777
107,1994,100616833
107,1995,134432387
107,1996,136350399
107,1997,157411744
107,1998,132619253
107,1999,127016932
107,2000,132441745
107,2001,160274044
107,2002,169583880
107,2003,175601930
107,2004,174770264
107,2005,178995884
107,2006,204427065
107,2007,213799176
107,2008,257667460
107,2009,270276631
107,2010,416790235
107,2011,385623014
107,2012,612323799
107,2013,754186296
107,2014,822759213
107,2015,981438826
107,2016,748706981
107,2017,678929651
107,2018,667906734
107,2019,663938444
107,2020,626539862
107,2021,683315057
107,2022,687554497
107,2023,823741108
108,1994,30560332
108,1995,40897518
108,1996,82529885
108,1997,84679483
108,1998,36578388
108,1999,83970410
108,2000,111049887
108,2001,174797326
108,2002,153299780
108,2003,170902284
108,2004,174849117
108,2005,178213355
108,2006,199446111
108,2007,322491590
108,2008,396730194
108,2009,517152809
108,2010,263011741
108,2011,747496610
108,2012,340744333
108,2013,554221248
108,2014,502641644
108,2015,607141698
108,2016,716991242
108,2017,762199634
108,2018,797290734
108,2019,1012213035
108,2020,1463298914
108,2021,1466320571
108,2022,2417604152
108,2023,1517530909
109,1991,17314
109,1992,37310
109,1993,33109
109,1994,58409
109,1995,100850
109,1996,110684
109,1997,135782
109,1998,110552
109,1999,122245
109,2000,105052
109,2001,138919
109,2002,114221
109,2003,147038
109,2004,142315
109,2005,166822
109,2006,222439
109,2007,233967
109,2008,388107
109,2009,499532
109,2010,617115
109,2011,783657
109,2012,773855
109,2013,879368
109,2014,878449
109,2015,912255
109,2016,972715
109,2017,1198391
109,2018,1049760
109,2019,1227595
109,2020,1414588
109,2021,1972174
109,2022,2618775
109,2023,3008635
11,1991,1134786
11,1992,947863
11,1993,915187
11,1994,817424
11,1995,520442
11,1996,563258
11,1997,527783
11,1998,497533
11,1999,502445
11,2000,481613
11,2001,496230
11,2002,458050
11,2003,477433
11,2004,455732
11,2005,410749
11,2006,482481
11,2007,893811
11,2008,649427
11,2009,458323
11,2010,816733
11,2011,881860
11,2012,1021053
11,2013,668524
11,2014,682333
11,2015,650184
11,2016,663282
11,2017,664025
11,2018,683751
11,2019,712780
11,2020,752350
11,2021,1093059
11,2022,1436867
11,2023,827569
110,1991,4316249414
110,1992,4832776210
110,1993,3811728451
110,1994,5240669436
110,1995,4350169753
110,1996,4129204681
110,1997,3621555687
110,1998,3374089846
110,1999,3087598924
110,2000,3011282472
110,2001,2867170328
110,2002,2807918176
110,2003,2882695217
110,2004,2866816361
110,2005,2682049939
110,2006,2482215623
110,2007,2428068137
110,2008,2439774140
110,2009,2414924027
110,2010,2316739929
110,2011,2150833465
110,2012,2603360240
110,2013,2675095711
110,2014,2334344526
110,2015,2048017784
110,2016,2294654901
110,2017,2500803068
110,2018,2625228620
110,2019,2634715966
110,2020,2566660934
110,2021,2245025288
110,2022,2035132880
110,2023,2131013770
112,1991,13284
112,1992,15750
112,1993,9637
112,1994,8488
112,1995,11780
112,1996,11091
112,1997,10450
112,1998,6953
112,1999,2100
112,2000,3982
112,2001,5243
112,2002,13301
112,2003,9369
112,2004,5791
112,2005,12215
112,2006,8450
112,2007,6415
112,2008,7689
112,2009,8789
112,2010,12043
112,2011,13715
112,2012,17054
112,2013,22331
112,2014,25559
112,2015,19447
112,2016,23256
112,2017,23232
112,2018,22864
112,2019,33844
112,2020,36021
112,2021,38284
112,2022,19594
112,2023,27186
113,1998,3888840
113,1999,6628552
113,2000,7476845
113,2001,10402695
113,2002,8066053
113,2003,6621887
113,2004,9526791
113,2005,9521838
113,2006,8888819
113,2007,12615335
113,2008,19106354
113,2009,17154559
113,2010,11567082
113,2011,21239176
113,2012,20212668
113,2013,26470450
113,2014,20216892
113,2015,28580678
113,2016,21748606
113,2017,22722806
113,2018,25465119
113,2019,25559065
113,2020,31414413
113,2021,37282523
113,2022,49009555
113,2023,37490255
114,1991,9558969
114,1992,8931247
114,1993,21717063
114,1994,35847773
114,1995,28268728
114,1996,26718349
114,1997,38127515
114,1998,39617967
114,1999,41316683
114,2000,39082343
114,2001,47125267
114,2002,38290064
114,2003,45376835
114,2004,53581480
114,2005,59293091
114,2006,66347530
114,2007,66025491
114,2008,74437373
114,2009,74848667
114,2010,89439926
114,2011,113553469
114,2012,168935958
114,2013,153069416
114,2014,151775905
114,2015,145815149
114,2016,126045750
114,2017,125749479
114,2018,167220617
114,2019,160328995
114,2020,160424080
114,2021,134925159
114,2022,209319721
114,2023,311771386
115,1991,199126501
115,1992,249710000
115,1993,853700520
115,1994,862480000
115,1995,1818659000
115,1996,1625705200
115,1997,1758576870
115,1998,2099444790
115,1999,1759289218
115,2000,1587761540
115,2001,1777877312
115,2002,1839759360
115,2003,2089982970
115,2004,2363604724
115,2005,3734965240
115,2006,3737841060
115,2007,5350750000
115,2008,7856256075
115,2009,7512628062
115,2010,9278859478
115,2011,10445109000
115,2012,11256647874
115,2013,11477863155
115,2014,11379871038
115,2015,9579860244
115,2016,10207100117
115,2017,12145835607
115,2018,12545143177
115,2019,12466989278
115,2020,14179431384
115,2021,16048218908
115,2022,16632345730
115,2023,19595104648
116,1996,126670500
116,1997,156387192
116,1998,273176110
117,1991,6398761601
117,1992,6693596938
117,1993,6174032948
117,1994,6709492203
117,1995,7069864700
117,1996,12171586967
117,1997,13099407606
117,1998,13033822396
117,1999,14382117337
117,2000,15092720844
117,2001,15184988495
117,2002,13551588195
117,2003,12746934325
117,2004,14062829484
117,2005,12328074459
117,2006,11118520221
117,2007,11176276583
117,2008,12470924136
117,2009,13181157403
117,2010,11131320926
117,2011,11109144235
117,2012,11109248300
117,2013,11656461913
117,2014,11413929628
117,2015,11575864314
117,2016,9996412894
117,2017,9087690857
117,2018,11680864387
117,2019,12175281817
117,2020,11810891042
117,2021,14505094198
117,2022,11845285706
117,2023,11775805663
118,2014,10840
118,2015,1891
118,2016,1254
118,2017,1266
118,2018,2461
118,2019,7160
118,2020,5030
118,2021,4053
118,2022,4908
118,2023,5510
119,1992,153125
119,1993,73687
119,1994,57137
119,1995,52901
119,1996,110371
119,1997,102627
119,1998,76289
119,1999,61693
119,2000,77203
119,2001,73353
119,2002,83139
119,2003,79427
119,2004,96451
119,2005,111015
119,2006,119242
119,2007,268489
119,2008,238539
119,2009,169065
119,2010,219636
119,2011,261925
119,2012,435290
119,2013,339182
119,2014,321144
119,2015,432133
119,2016,358250
119,2017,388199
119,2018,343596
119,2019,496431
119,2020,570545
119,2021,585427
119,2022,920501
119,2023,561744
12,1996,374
12,1997,419
12,1998,454
120,1991,145883575
120,1992,184861842
120,1993,160185970
120,1994,209715918
120,1995,207588635
120,1996,262029045
120,1997,666975000
120,1998,1017550000
120,1999,1784799575
120,2000,1932870000
120,2001,2184572405
120,2002,2522003700
120,2003,2690233247
120,2004,3125223824
120,2005,3513044650
120,2006,4316558672
120,2007,5300792998
120,2008,7256845458
120,2009,7990673391
120,2010,8525389601
120,2011,8444507215
120,2012,8532608225
120,2013,10226906427
120,2014,12714029108
120,2015,13551971081
120,2016,14382881003
120,2017,13146983147
120,2018,11787470594
120,2019,11435058413
120,2020,11167992707
120,2021,10276333388
120,2022,10089848080
120,2023,9569757703
121,1991,8555820
121,1992,19956639
121,1993,22068027
121,1994,24934611
121,1995,37152860
121,1996,34945840
121,1997,34387869
121,1998,34462602
121,1999,31507575
121,2000,50710690
121,2001,63401153
121,2002,53633854
121,2003,44279569
121,2004,56887676
121,2005,65338054
121,2006,80431797
121,2007,66248144
121,2008,85680351
121,2009,73738515
121,2010,49106756
121,2011,78035932
121,2012,105096905
121,2013,97852117
121,2014,95534000
121,2015,61943051
121,2016,100326286
121,2017,89719376
121,2018,87801153
121,2019,90123878
121,2020,95382411
121,2021,71826466
121,2022,72318953
121,2023,71815997
122,1991,24850
122,1992,36461
122,1993,57562
122,1994,93910
122,1995,46210
122,1996,139293
122,1997,105827
122,1998,90001
122,2020,87117
122,2021,331929
122,2022,340891
122,2023,123118
124,1996,141
124,1997,259
124,1998,315
126,1992,39783
126,1993,186177
126,1994,120929
126,1995,223637
126,1996,477057
126,1997,460811
126,1998,312377
126,1999,226614
126,2000,296798
126,2001,251847
126,2002,273253
126,2003,271805
126,2004,281952
126,2005,251480
126,2006,214018
126,2007,559246
126,2008,570171
126,2009,386997
126,2010,421773
126,2011,623973
126,2012,954627
126,2013,771351
126,2014,764158
126,2015,945998
126,2016,725326
126,2017,764377
126,2018,685213
126,2019,825207
126,2020,1051509
126,2021,1047426
126,2022,1741930
126,2023,1248283
129,1991,121890397
129,1992,186386732
129,1993,258964072
129,1994,326826514
129,1995,385000882
129,1996,395298106
129,1997,464681458
129,1998,542513541
129,1999,589645596
129,2000,675319509
129,2001,609078330
129,2002,590681348
129,2003,611810041
129,2004,970972838
129,2005,1432877818
129,2006,1837455556
129,2007,2518599545
129,2008,2286061681
129,2009,2993211135
129,2010,2969360435
129,2011,2953932005
129,2012,3083312538
129,2013,2626096322
129,2014,2792106307
129,2015,2334632009
129,2016,2373798850
129,2017,2603312480
129,2018,2875397601
129,2019,3897705862
129,2020,4969099798
129,2021,6203781696
129,2022,6874450800
129,2023,7540491710
130,1996,6541974
130,1997,5819452
130,1998,15204067
130,1999,24995261
130,2000,20909332
130,2001,25495018
130,2002,40714098
130,2003,32826906
130,2004,31993787
130,2005,32856499
130,2006,86367164
130,2007,79149041
130,2008,147175392
130,2009,202957324
130,2010,146441107
130,2011,144484537
130,2012,245939052
130,2013,459007426
130,2014,474782119
130,2015,420042196
130,2016,602867866
130,2017,586731696
130,2018,714223564
130,2019,942692909
130,2020,1109000958
130,2021,1296789255
130,2022,1378398466
130,2023,1426326209
131,1991,789805
131,1992,815156
131,1993,841779
131,1994,855515
131,1995,1014708
131,1996,1096417
131,1997,1108559
131,1998,1195708
131,1999,1126262
131,2000,1151750
131,2001,1384792
131,2002,1520567
131,2003,1629554
131,2004,1358400
131,2005,1434680
131,2006,1421550
131,2007,1543750
131,2008,1764750
131,2009,1883282
131,2010,1848623
131,2011,1931991
131,2012,1949537
131,2013,1952741
131,2014,3413980
131,2015,3289685
131,2016,3287527
131,2017,3084616
131,2018,3167042
131,2019,2823444
131,2020,2827670
131,2021,2930253
131,2022,2738663
131,2023,2672836
133,1991,111722231
133,1992,89094217
133,1993,109700154
133,1994,150192845
133,1995,220479725
133,1996,186531342
133,1997,214824287
133,1998,313853062
133,1999,288120170
133,2000,182728894
133,2001,271838264
133,2002,338232326
133,2003,366233220
133,2004,215360398
133,2005,422971108
133,2006,394645779
133,2007,364431277
133,2008,563962808
133,2009,733702746
133,2010,707926098
133,2011,1142275745
133,2012,1186794252
133,2013,897722394
133,2014,900990186
133,2015,1028160653
133,2016,1173903635
133,2017,1325100606
133,2018,1614720340
133,2019,1223753242
133,2020,1344018325
133,2021,1228956237
133,2022,2291451798
133,2023,1830410198
134,1991,2202
134,1992,2143
134,1993,2733
134,1994,2632
134,1995,3014
134,1996,3509
134,1997,2968
134,1998,4416
134,1999,4613
134,2000,4042
134,2001,6175
134,2002,6345
134,2003,6143
134,2004,5384
134,2005,5662
134,2006,6295
134,2007,9496
134,2008,8686
134,2009,9936
134,2010,8160
134,2011,7592
134,2012,9121
134,2013,9599
134,2014,8108
134,2015,9351
134,2016,10236
134,2017,10911
136,1991,50712
136,1992,75408
136,1993,158216
136,1994,157350
136,1995,143920
136,1996,576600
136,1997,487872
136,1998,458934
137,1991,10070
137,1992,9975
137,1993,9080
137,1994,4400
137,1995,1445
137,1996,2190
137,1997,1160
137,1998,1295
137,1999,1005
137,2000,2804
137,2001,1751
137,2002,1328
137,2003,851
137,2004,1873
137,2005,2603
137,2006,2561
137,2007,6200
137,2008,2964
137,2009,697
137,2010,1992
137,2011,2044
137,2012,2744
137,2013,4333
137,2014,3943
137,2015,2749
137,2016,2644
137,2017,2915
137,2018,2529
137,2019,3309
137,2020,4884
137,2021,6948
137,2022,5317
137,2023,9956
138,1991,14957842
138,1992,18095190
138,1993,17816690
138,1994,16505165
138,1995,28020724
138,1996,41262251
138,1997,35834237
138,1998,39222453
138,1999,37060087
138,2000,39386443
138,2001,41463741
138,2002,40769382
138,2003,48150129
138,2004,51951070
138,2005,44210264
138,2006,60949951
138,2007,78935764
138,2008,102254333
138,2009,84524030
138,2010,94396850
138,2011,109759730
138,2012,129138862
138,2013,109834384
138,2014,109195433
138,2015,118260552
138,2016,134844176
138,2017,134497434
138,2018,139181796
138,2019,139472146
138,2020,152670666
138,2021,195464253
138,2022,239348699
138,2023,233207711
14,1991,1689
14,1992,1323
14,1993,1103
14,1994,977
14,1995,992
14,1996,879
14,1997,819
14,1998,674
14,1999,505
14,2000,380
14,2001,327
14,2002,271
14,2003,298
14,2004,338
14,2005,379
14,2006,439
14,2007,492
14,2008,487
14,2009,468
14,2010,474
14,2011,499
14,2012,627
14,2013,705
14,2014,159
14,2015,242
14,2016,192
14,2017,151
14,2018,230
14,2019,89
14,2020,182
14,2021,105
14,2022,108
14,2023,100
141,1993,14284846
141,1994,14473886
141,1995,14992370
141,1996,26058754
141,1997,24550165
141,1998,19963757
141,1999,15755423
141,2000,14554606
141,2001,15271140
141,2002,15366721
141,2003,21636522
141,2004,20515478
141,2005,12340097
141,2006,22860174
141,2007,20435028
141,2008,74269390
141,2009,181701567
141,2010,176200031
141,2011,211234487
141,2012,186302292
141,2013,148977434
141,2014,254285231
141,2015,121546830
141,2016,205810383
141,2017,128688497
141,2018,278367026
141,2019,295626412
141,2020,322928678
141,2021,503847587
141,2022,373913601
141,2023,495754585
143,1991,17395006
143,1992,7191564
143,1993,6949513
143,1994,18605834
143,1995,4599155
143,1996,20093031
143,1997,8914429
143,1998,14898382
143,1999,8594927
143,2000,4968194
143,2001,11170415
143,2002,11697150
143,2003,17159812
143,2004,18306624
143,2005,10143062
143,2006,18828600
143,2007,6578310
143,2008,16639908
143,2009,22076042
143,2010,17865070
143,2011,21023147
143,2012,14955431
143,2013,24380803
143,2014,17121792
143,2015,26642468
143,2016,9581924
143,2017,24376668
143,2018,23463985
143,2019,12119148
143,2020,8471515
143,2021,28803579
143,2022,14048014
143,2023,21563690
144,1991,94631
144,1992,61050
144,1993,299379
144,1994,442091
144,1995,889483
144,1996,1803112
144,1997,2362674
144,1998,3058422
144,1999,3292274
144,2000,1427364
144,2001,2843512
144,2002,4124698
144,2003,3848171
144,2004,3953422
144,2005,4155340
144,2006,6654415
144,2007,6037185
144,2008,9985871
144,2009,13471591
144,2010,14085164
144,2011,17581458
144,2012,19108866
144,2013,10559539
144,2014,12047618
144,2015,19832858
144,2016,37614227
144,2017,29998575
144,2018,36560406
144,2019,43784147
144,2020,48268530
144,2021,53441288
144,2022,65603834
144,2023,54230420
146,1994,614243
146,1995,672867
146,1996,882218
146,1997,1504267
146,1998,813261
146,1999,1290409
146,2000,1994474
146,2001,2541093
146,2002,2380486
146,2003,2804813
146,2004,3243058
146,2005,2985750
146,2006,2687554
146,2007,4606184
146,2008,4766615
146,2009,2680472
146,2010,4781628
146,2011,5439218
146,2012,3210275
146,2013,4836542
146,2014,5684184
146,2015,5564630
146,2016,6984562
146,2017,7690516
146,2018,8100402
146,2019,8107539
146,2020,4514123
146,2021,15773984
146,2022,7070726
146,2023,8734667
147,1991,50550
147,1992,14683
147,1993,44060
147,1994,74545
147,1995,51557
147,1996,64438
147,1997,127125
147,1998,109066
147,1999,67015
147,2000,129973
147,2001,149260
147,2002,116407
147,2003,180352
147,2004,246809
147,2005,220003
147,2006,366610
147,2007,256500
147,2008,273773
147,2009,290770
147,2010,341455
147,2011,374062
147,2012,567476
147,2013,319138
147,2014,436833
147,2015,469812
147,2016,351222
147,2017,638761
147,2018,763831
147,2019,372267
147,2020,842019
147,2021,770065
147,2022,1113208
147,2023,1152733
149,1991,20006984
149,1992,29656117
149,1993,30779230
149,1994,36525320
149,1995,37121298
149,1996,46567470
149,1997,48450007
149,1998,52546124
149,1999,53924868
149,2000,65181161
149,2001,60885173
149,2002,68811802
149,2003,74144103
149,2004,79955436
149,2005,82642559
149,2006,77675530
149,2007,93184287
149,2008,109550065
149,2009,132761036
149,2010,172048181
149,2011,194500599
149,2012,192743937
149,2013,217274573
149,2014,238920727
149,2015,243081232
149,2016,271865544
149,2017,271455247
149,2018,293055811
149,2019,313557858
149,2020,355759765
149,2021,379209428
149,2022,400907264
149,2023,441801451
15,1991,14932800
15,1992,14598563
15,1993,13909261
15,1994,11384788
15,1995,10772217
15,1996,12903779
15,1997,11454093
15,1998,11880709
15,1999,11604202
150,1991,218751
150,1992,222938
150,1993,200717
150,1994,181150
150,1995,193174
150,1996,212131
150,1997,166385
150,1998,161424
150,1999,152247
150,2000,189420
150,2001,186333
150,2002,165899
150,2003,202699
150,2004,191402
150,2005,169855
150,2006,209399
150,2007,303696
150,2008,316249
150,2009,214726
150,2010,290186
150,2011,311739
150,2012,384376
150,2013,335468
150,2014,264992
150,2015,263976
150,2016,198239
150,2017,213538
150,2018,237861
150,2019,256349
150,2020,235948
150,2021,298482
150,2022,490391
150,2023,331642
153,2016,469899
153,2017,517798
153,2018,566900
153,2019,492558
153,2020,567186
153,2021,461216
153,2022,303658
153,2023,180869
154,1992,810772
154,1993,2064444
154,1994,6259856
154,1995,6360559
154,1996,5502928
154,1997,6296200
154,1998,6475074
154,1999,6052797
154,2000,5140152
154,2001,5104568
154,2002,5499339
154,2003,4748275
154,2004,6823118
154,2005,5639231
154,2006,5158176
154,2007,5213480
154,2008,7523809
154,2009,5964796
154,2010,5578029
154,2011,8158603
154,2012,6660736
154,2013,7537830
154,2014,7486378
154,2015,5332853
154,2016,6108767
154,2017,4342477
154,2018,5791286
154,2019,5522846
154,2020,6595590
154,2021,6667532
154,2022,8905179
154,2023,6223918
155,1999,41644
155,2000,42079
155,2001,42572
155,2002,43031
155,2003,64642
155,2004,65750
155,2005,66745
155,2006,65250
155,2007,92800
155,2008,95120
155,2009,95105
155,2010,109722
155,2011,130293
155,2012,132457
155,2013,153832
155,2014,141732
155,2015,131999
155,2016,130803
155,2017,141980
155,2018,145732
155,2019,147076
155,2020,151278
155,2021,159993
155,2022,164656
155,2023,173105
156,1991,195849
156,1992,168113
156,1993,186203
156,1994,201837
156,1995,187316
156,1996,228995
156,1997,264853
156,1998,202841
156,1999,197728
156,2000,194918
156,2001,232243
156,2002,260889
156,2003,267072
156,2004,201514
156,2005,222419
156,2006,202750
156,2007,253825
156,2008,350771
156,2009,505006
156,2010,375569
156,2011,363776
156,2012,486727
156,2013,461907
156,2014,482249
156,2015,412190
156,2016,340706
156,2017,297465
156,2018,356815
156,2019,439650
156,2020,417917
156,2021,430251
156,2022,466870
156,2023,593822
157,1991,238279
157,1992,365985
157,1993,607705
157,1994,743622
157,1995,1258464
157,1996,1457474
157,1997,1266798
157,1998,1416712
157,1999,1185614
157,2000,1955952
157,2001,1758439
157,2002,2232192
157,2003,2295196
157,2004,2242275
157,2005,3412244
157,2006,3199589
157,2007,4002842
157,2008,4337043
157,2009,6784291
157,2010,6738459
157,2011,7842575
157,2012,7514721
157,2013,7738924
157,2014,7095565
157,2015,6894553
157,2016,8981670
157,2017,9056392
157,2018,8399623
157,2019,9063426
157,2020,9539983
157,2021,11251716
157,2022,16295815
157,2023,16191861
158,1991,95385946
158,1992,97917136
158,1993,92153559
158,1994,86485876
158,1995,111219732
158,1996,108554568
158,1997,129403102
158,1998,186716164
158,1999,190157135
158,2000,158052296
158,2001,250189893
158,2002,261585073
158,2003,234637756
158,2004,241852297
158,2005,399800800
158,2006,521229515
158,2007,574789547
158,2008,921116523
158,2009,724124912
158,2010,1085815795
158,2011,698231688
158,2012,1361346551
158,2013,1145372919
158,2014,1318048024
158,2015,1542483950
158,2016,1188242294
158,2017,977118738
158,2018,890975855
158,2019,702844140
158,2020,650858572
158,2021,419853548
158,2022,722898444
158,2023,629840831
159,1991,77396545
159,1992,126978896
159,1993,177656804
159,1994,130917697
159,1995,323434350
159,1996,375888398
159,1997,464248006
159,1998,564589088
159,1999,443367594
159,2000,527267885
159,2001,741139560
159,2002,955426013
159,2003,773244776
159,2004,971348393
159,2005,1712815593
159,2006,1535548092
159,2007,1255820044
159,2008,2351530547
159,2009,561143837
159,2010,1134726778
159,2011,1056127785
159,2012,1124045965
159,2013,1095396707
159,2014,1675701635
159,2015,1821960956
159,2016,2288884024
159,2017,2472426732
159,2018,2969491674
159,2019,3234834919
159,2020,3539998259
159,2021,3578515977
159,2022,3841596419
159,2023,3872049202
16,1991,178930458
16,1992,180599849
16,1993,156434953
16,1994,162510534
16,1995,196388738
16,1996,164974345
16,1997,161366238
16,1998,204472272
16,1999,239745676
16,2000,247611094
16,2001,233082867
16,2002,262807650
16,2003,280588654
16,2004,284542914
16,2005,338061733
16,2006,405846874
16,2007,477150931
16,2008,576283754
16,2009,588439552
16,2010,650357273
16,2011,799483839
16,2012,914033919
16,2013,1042185912
16,2014,1020257287
16,2015,972830356
16,2016,931979387
16,2017,1198069836
16,2018,1352334987
16,2019,1060667413
16,2020,1103920304
16,2021,1490454258
16,2022,1581520600
16,2023,1590369966
162,1991,4037456
162,1992,2368914
162,1993,3194668
162,1994,2300442
162,1995,2466347
162,1996,2620840
162,1997,2533311
162,1998,2681519
162,1999,2423572
162,2000,2395014
162,2001,2244465
162,2002,2171600
162,2003,2440054
162,2004,2590150
162,2005,2312968
162,2006,2096087
162,2007,2215877
162,2008,2758058
162,2009,2241142
162,2010,2515544
162,2011,2272907
162,2012,2533480
162,2013,2402379
162,2014,3160999
162,2015,3550829
162,2016,3571771
162,2017,3558494
162,2018,2109035
162,2019,3830786
162,2020,4055931
162,2021,3741001
162,2022,5535089
162,2023,3149816
165,1991,78413128
165,1992,88102316
165,1993,102206949
165,1994,111349768
165,1995,129084286
165,1996,159416327
165,1997,195111960
165,1998,211814091
165,1999,220229313
165,2000,257979657
165,2001,221005859
165,2002,245876705
165,2003,273992164
165,2004,333365622
165,2005,382065883
165,2006,375688971
165,2007,421730597
165,2008,441435109
165,2009,812397046
165,2010,792530689
165,2011,925163477
165,2012,966742411
165,2013,1338814816
165,2014,1520584383
165,2015,1254798556
165,2016,1151914418
165,2017,1385285460
165,2018,1868588218
165,2019,2341545799
165,2020,2886121797
165,2021,3464812957
165,2022,4180166093
165,2023,6944494203
166,1991,86807
166,1992,86103
166,1993,87065
166,1994,92665
166,1995,97581
166,1996,95194
166,1997,62783
166,1998,89973
166,1999,82791
166,2000,95478
166,2001,107672
166,2002,114404
166,2003,130893
166,2004,101558
166,2005,97624
166,2006,104076
166,2007,105350
166,2008,156690
166,2009,162963
166,2010,149628
166,2011,183224
166,2012,214498
166,2013,246501
166,2014,207491
166,2015,217712
166,2016,251582
166,2017,222914
166,2018,234336
166,2019,244795
166,2020,267957
166,2021,276251
166,2022,332281
166,2023,308917
167,1993,18419085
167,1994,17582715
167,1995,16130792
167,1996,22653018
167,1997,26682323
167,1998,22335021
167,1999,18657057
167,2000,21727585
167,2001,29011998
167,2002,24311010
167,2003,19948356
167,2004,33491472
167,2005,21188430
167,2006,19984835
167,2007,30271873
167,2008,41244817
167,2009,22762952
167,2010,21700194
167,2011,38368347
167,2012,31784644
167,2013,38254694
167,2014,43069804
167,2015,34117760
167,2016,32107660
167,2017,28583656
167,2018,28688049
167,2019,33571347
167,2020,34069228
167,2021,39930204
167,2022,60505780
167,2023,48543382
168,1993,1076
168,1994,1256
168,1995,1445
168,1996,1590
168,1997,1734
168,1998,1052
169,1991,123633587
169,1992,152991964
169,1993,210724610
169,1994,246373971
169,1995,295285639
169,1996,402482870
169,1997,337759390
169,1998,439742481
169,1999,465457328
169,2000,462694242
169,2001,393883873
169,2002,707484931
169,2003,3025723463
169,2004,1367276194
169,2005,1133182166
169,2006,1557691864
169,2007,2140815295
169,2008,3258176080
169,2009,2563899889
169,2010,4626906283
169,2011,5499220989
169,2012,5356319775
169,2013,8298437040
169,2014,3918725078
169,2015,5794506647
169,2016,5326645580
169,2017,5250140720
169,2018,5836628157
169,2019,5937072481
169,2020,8488050394
169,2021,18545857288
169,2022,9878289228
169,2023,8357461781
170,1991,306780
170,1992,414245
170,1993,824412
170,1994,930941
170,1995,1045962
170,1996,1664558
170,1997,1636675
170,1998,2205236
170,1999,2245114
170,2000,2286685
170,2001,2635609
170,2002,2406714
170,2003,2409822
170,2004,2953895
170,2005,2835049
170,2006,2703368
170,2007,3442017
170,2008,5316249
170,2009,4692119
170,2010,4744582
170,2011,5635999
170,2012,5182160
170,2013,6265125
170,2014,7187915
170,2015,7320185
170,2016,7318124
170,2017,7100282
170,2018,7378492
170,2019,7005263
170,2020,8058618
170,2021,8847211
170,2022,9861324
170,2023,10713719
171,1991,63287397
171,1992,67064553
171,1993,73177042
171,1994,84706539
171,1995,102495050
171,1996,118627810
171,1997,115567754
171,1998,92494457
171,1999,119610103
171,2000,134254332
171,2001,136025924
171,2002,146095242
171,2003,150634150
171,2004,184688166
171,2005,194204766
171,2006,215482870
171,2007,248642896
171,2008,315098587
171,2009,315776887
171,2010,305510976
171,2011,344947909
171,2012,387976172
171,2013,405990994
171,2014,484189321
171,2015,411270623
171,2016,404149190
171,2017,447631240
171,2018,493961928
171,2019,427431705
171,2020,425521000
171,2021,453669753
171,2022,489241095
171,2023,568365984
173,1991,1864879
173,1992,2687293
173,1993,4971810
173,1994,4755414
173,1995,7893464
173,1996,12317355
173,1997,11291499
173,1998,11029025
173,1999,9875591
173,2000,10467465
173,2001,12250278
173,2002,10823137
173,2003,10322241
173,2004,13131176
173,2005,9258167
173,2006,9124022
173,2007,17839844
173,2008,16433423
173,2009,12345583
173,2010,14415718
173,2011,20699415
173,2012,23452004
173,2013,20220982
173,2014,19915824
173,2015,17189277
173,2016,17579683
173,2017,19719771
173,2018,17814629
173,2019,19199127
173,2020,23340661
173,2021,29142298
173,2022,46514693
173,2023,30866420
174,1991,366882
174,1992,261915
174,1993,255294
174,1994,281266
174,1995,243066
174,1996,274197
174,1997,255374
174,1998,213574
174,1999,240484
174,2000,229359
174,2001,201629
174,2002,214785
174,2003,200648
174,2004,191041
174,2005,122641
174,2006,182205
174,2007,231348
174,2008,268503
174,2009,180661
174,2010,208439
174,2011,252843
174,2012,289479
174,2013,255639
174,2014,250519
174,2015,241841
174,2016,211079
174,2017,208687
174,2018,216353
174,2019,228218
174,2020,214330
174,2021,284336
174,2022,369048
174,2023,302844
175,1998,33625000
175,1999,38655250
175,2000,47198050
175,2001,41887300
175,2002,38909800
175,2003,36943372
175,2004,47201682
175,2005,59595075
175,2006,67430219
175,2007,60873362
175,2008,82023285
175,2009,80674740
175,2010,93826158
175,2011,94072457
175,2012,100191019
175,2013,102586169
175,2014,64760794
175,2015,87715380
175,2016,100718068
175,2017,114569727
175,2018,126179260
175,2019,143076164
175,2020,147311984
175,2021,155841196
175,2022,168330318
175,2023,163013525
176,2008,112301
176,2009,161190
176,2010,209496
176,2011,149029
176,2012,200341
176,2013,219594
176,2014,245875
176,2015,302959
176,2016,240245
176,2017,223335
176,2018,254530
176,2019,235382
176,2020,271837
176,2021,227160
176,2022,386955
176,2023,393305
177,1991,318
177,1992,275
177,1993,262
177,1994,291
177,1995,367
177,1996,406
177,1997,494
177,1998,891
177,1999,703
177,2000,675
177,2001,682
177,2002,590
177,2003,492
177,2004,562
177,2005,528
177,2006,523
177,2007,361
177,2008,399
177,2009,416
177,2010,369
177,2011,242
177,2012,13
177,2013,182
177,2014,86
177,2015,459
177,2016,954
177,2017,1530
177,2018,2254
177,2019,3165
177,2020,4038
177,2021,5007
177,2022,6343
177,2023,7050
178,1993,84389
178,1994,374340
178,1995,179358
178,1996,169927
178,1997,182422
178,1998,1133390
178,1999,804508
178,2000,390223
178,2001,792876
178,2002,227059
178,2003,534160
178,2004,703624
178,2005,2093167
178,2006,2564624
178,2007,3460288
178,2008,929875
178,2009,2567505
178,2010,2857854
178,2011,4291408
178,2012,4603065
178,2013,4985386
178,2014,5598478
178,2015,6342204
178,2016,6916359
178,2017,7715641
178,2018,7185542
178,2019,8056359
178,2020,7772394
178,2021,8411266
178,2022,8390079
178,2023,9048085
179,1991,3883
179,1992,3659
179,1993,2667
179,1994,2835
179,1995,4522
179,1996,7953
179,1997,4026
179,1998,4476
179,1999,4417
179,2000,5753
179,2001,4801
179,2002,5146
179,2003,5107
179,2004,4159
179,2005,5432
179,2006,5583
179,2007,4646
179,2008,3218
179,2009,2505
179,2010,3052
179,2011,1950
179,2012,2092
179,2013,2442
179,2014,2791
179,2015,1911
179,2016,1444
179,2017,1248
179,2018,2275
179,2019,1008
179,2020,1506
179,2021,3510
179,2022,3513
179,2023,4667
18,1991,475910
18,1992,525654
18,1993,633593
18,1994,747329
18,1995,905666
18,1996,1026683
18,1997,1071972
18,1998,1124618
18,1999,1693348
18,2000,1313300
18,2001,1469500
18,2002,1215319
18,2003,1506362
18,2004,3139180
18,2005,3995092
18,2006,4324981
18,2007,3555324
18,2008,3713003
18,2009,3762565
18,2010,4035049
18,2011,5732383
18,2012,5754729
18,2013,5308372
18,2014,4308662
18,2015,4711030
18,2016,9911744
18,2017,10244725
18,2018,8025680
18,2019,6759814
18,2020,7001376
18,2021,5689666
18,2022,5883602
18,2023,6203770
181,1991,1740
181,1992,784
181,1993,6667
181,1994,6739
181,1995,3180
181,1996,9255
181,1997,7751
181,1998,14225
181,1999,23783
181,2000,31823
181,2001,80695
181,2002,90930
181,2003,1366355
181,2004,6747443
181,2005,13563575
181,2006,368558130
181,2007,810923536
181,2013,332292
181,2014,370710
181,2015,286328
181,2016,246303
181,2017,663682
181,2018,682100
182,1991,8925
182,1992,10845
182,1993,7743
182,1994,8249
182,1995,8401
182,1996,9459
182,1997,6596
182,1998,6252
183,1993,213722
183,1994,360528
183,1995,421950
183,1996,660163
183,1997,2162427
183,1998,1431422
183,1999,2570221
183,2000,3356309
183,2001,8210592
183,2002,5364638
183,2003,8345836
183,2004,14981030
183,2005,7153593
183,2006,5808476
183,2007,5478944
183,2008,13928927
183,2009,8843400
183,2010,11067532
183,2011,20007228
183,2012,12744177
183,2013,19962021
183,2014,17149050
183,2015,14793691
183,2016,15358585
183,2017,18468247
183,2018,22442466
183,2019,22456831
183,2020,14721934
183,2021,27496911
183,2022,26804370
183,2023,23249466
184,1991,10396973
184,1992,8397511
184,1993,9142640
184,1994,4356918
184,1995,13170268
184,1996,14349170
184,1997,25465447
184,1998,22917553
184,1999,18702345
184,2000,21953023
184,2001,26978698
184,2002,25456316
184,2003,30985196
184,2004,56343728
184,2005,82419659
184,2006,76241775
184,2007,80478532
184,2008,83493415
184,2009,164931082
184,2010,158420899
184,2011,205956290
184,2012,246610644
184,2013,281207043
184,2014,181446835
184,2015,200616013
184,2016,238313816
184,2017,297027952
184,2018,245279817
184,2019,308601078
184,2020,335997877
184,2021,342420673
184,2022,850312475
184,2023,617191077
185,1992,753783
185,1993,4430117
185,1994,7771062
185,1995,19416610
185,1996,40525029
185,1997,50563712
185,1998,24463176
185,1999,74055871
185,2000,133568981
185,2001,173426713
185,2002,141339507
185,2003,144382653
185,2004,230270340
185,2005,192375978
185,2006,228831055
185,2007,360182001
185,2008,532333055
185,2009,401533499
185,2010,235659855
185,2011,476693260
185,2012,427489435
185,2013,591494634
185,2014,654091010
185,2015,857107716
185,2016,1019355550
185,2017,953285604
185,2018,910528651
185,2019,1188830069
185,2020,1519388177
185,2021,1651943161
185,2022,1995584177
185,2023,1797284788
186,1994,1420544
186,1995,2435353
186,1996,5453187
186,1997,9447597
186,1998,8010407
186,1999,13546253
186,2000,22809898
186,2001,75842826
186,2002,49929416
186,2003,38053693
186,2004,83461993
186,2005,64909121
19,1991,497256
19,1992,591324
19,1993,696173
19,1994,711619
19,1995,831164
19,1996,950596
19,1997,871900
19,1998,1083623
19,1999,1100373
19,2000,1287976
19,2001,1341988
19,2002,1304760
19,2003,1505755
19,2004,1325617
19,2005,1748070
19,2006,1914217
19,2007,1867757
19,2008,2400503
19,2009,2830774
19,2010,4261847
19,2011,4163600
19,2012,4711645
19,2013,5263283
19,2014,6523184
19,2015,5343987
19,2016,4760116
19,2017,4712612
19,2018,6765116
19,2019,6080424
19,2020,6075392
19,2021,7287217
19,2022,6188507
19,2023,7529923
191,2008,2809
191,2009,2895
191,2010,1976
191,2011,1691
191,2012,2429
191,2013,2060
191,2014,3507
191,2015,3069
191,2016,2953
191,2017,3647
191,2018,4769
191,2019,3619
191,2020,2960
191,2021,2070
191,2022,2017
191,2023,1158
193,1995,17812
193,1996,27158
193,1997,36596
193,1998,16580
194,1991,4315152
194,1992,4412324
194,1993,4283110
194,1994,3876529
194,1995,2287770
194,1996,1729507
194,1997,2232062
194,1998,1944217
194,1999,2341980
194,2000,2100607
194,2001,2481105
194,2002,2777124
194,2003,2892859
194,2004,3164852
194,2005,3000643
194,2006,3062580
194,2007,3002122
194,2008,2506690
194,2009,2258513
194,2010,2161924
194,2011,1964829
194,2012,1488516
194,2013,1250750
194,2014,1930333
194,2015,2119244
194,2016,1988244
194,2017,2018327
194,2018,1823194
194,2019,1816630
194,2020,2337137
194,2021,2099806
194,2022,2723816
194,2023,3357016
195,1991,74467182
195,1992,64779377
195,1993,75033806
195,1994,87596654
195,1995,109301070
195,1996,98856825
195,1997,92548735
195,1998,85466398
195,1999,105257665
195,2000,105941620
195,2001,104730694
195,2002,110872842
195,2003,172462029
195,2004,95596760
195,2005,140643058
195,2006,113630501
195,2007,98651728
195,2008,290218409
195,2009,280778881
195,2010,262627740
195,2011,172324956
195,2012,241819390
195,2013,200884535
195,2014,194499901
195,2015,332883024
195,2016,336385895
195,2017,402476218
195,2018,457367293
195,2019,438388318
195,2020,630772606
195,2021,689733250
195,2022,881454095
195,2023,1192587348
197,2011,2922842
197,2012,2917022
197,2013,4246915
197,2014,3966692
197,2015,2916857
197,2016,4058797
197,2017,4057545
197,2018,4166661
197,2019,4739711
197,2020,5852668
197,2021,11002893
197,2022,8185886
197,2023,7866541
198,1992,23387
198,1993,34048
198,1994,47264
198,1995,44184
198,1996,57600
198,1997,53937
198,1998,53436
198,1999,43423
198,2000,56613
198,2001,54421
198,2002,67766
198,2003,49642
198,2004,67322
198,2005,56166
198,2006,54351
198,2007,98158
198,2008,81973
198,2009,56680
198,2010,82384
198,2011,109475
198,2012,112980
198,2013,80198
198,2014,93236
198,2015,90072
198,2016,86106
198,2017,78746
198,2018,88054
198,2019,86930
198,2020,97457
198,2021,135792
198,2022,169395
198,2023,105857
199,1993,363402
199,1994,425852
199,1995,381624
199,1996,436426
199,1997,516748
199,1998,457381
199,1999,353007
199,2000,300534
199,2001,487888
199,2002,473067
199,2003,369317
199,2004,560273
199,2005,451851
199,2006,380123
199,2007,511509
199,2008,757868
199,2009,393441
199,2010,379820
199,2011,693303
199,2012,619326
199,2013,602920
199,2014,698132
199,2015,575362
199,2016,630460
199,2017,505609
199,2018,617439
199,2019,630890
199,2020,679864
199,2021,820143
199,2022,1022607
199,2023,881997
2,1991,16327871
2,1992,13801620
2,1993,17858416
2,1994,19555682
2,1995,30177806
2,1996,39621105
2,1997,48276561
2,1998,61808052
2,1999,63145783
2,2000,36195398
2,2001,37344744
2,2002,65461820
2,2003,65854881
2,2004,61799722
2,2005,88185375
2,2006,66106007
2,2007,65538053
2,2008,44634550
2,2009,59753233
2,2010,59443224
2,2011,53619903
2,2012,66090551
2,2013,78643028
2,2014,117555588
2,2015,132642698
2,2016,131962087
2,2017,119163507
2,2018,104717568
2,2019,137955122
2,2020,152526524
2,2021,130610151
2,2022,131916401
2,2023,148002041
20,1991,14104
20,1992,6209
20,1993,13644
20,1994,15887
20,1995,21890
20,1996,29629
20,1997,15259
20,1998,4857
20,1999,8087
20,2000,12509
20,2001,10748
20,2002,22757
20,2003,40281
20,2004,27613
20,2005,34282
20,2006,42439
20,2007,33202
20,2008,39836
20,2009,58025
20,2010,54511
20,2011,180772
20,2012,101130
20,2013,56028
20,2014,157212
20,2015,185808
20,2016,177557
20,2017,63928
20,2018,335981
20,2019,231306
20,2020,661420
20,2021,389458
20,2022,495738
20,2023,260981
201,1996,5552200
201,1997,5326847
201,1998,5481951
202,1991,4603751
202,1992,2664259
202,1993,6034761
202,1994,6645406
202,1995,4783266
202,1996,8908234
202,1997,8375247
202,1998,6343395
202,1999,7296860
202,2000,9471904
202,2001,10831113
202,2002,18288278
202,2003,12068832
202,2004,10616467
202,2005,9792583
202,2006,10584503
202,2007,15804915
202,2008,27091141
202,2009,19851617
202,2010,16975012
202,2011,21772073
202,2012,30748841
202,2013,30282741
202,2014,34174694
202,2015,31827906
202,2016,35203853
202,2017,36861718
202,2018,38699362
202,2019,35609166
202,2020,50785916
202,2021,59418444
202,2022,77812267
202,2023,85477695
203,1991,2966227
203,1992,2170896
203,1993,2577640
203,1994,2296592
203,1995,1899501
203,1996,3300871
203,1997,2833352
203,1998,2998345
203,1999,2450559
203,2000,3175910
203,2001,2556636
203,2002,2893601
203,2003,2962106
203,2004,3409934
203,2005,1980290
203,2006,2625757
203,2007,4770308
203,2008,4570438
203,2009,2631156
203,2010,3323994
203,2011,4687364
203,2012,4118171
203,2013,4986101
203,2014,3788891
203,2015,3765800
203,2016,3984641
203,2017,2961868
203,2018,4523397
203,2019,3796815
203,2020,4937107
203,2021,6149014
203,2022,6530119
203,2023,3184465
206,1991,26461
206,1992,66022
206,1993,42651
206,1994,256351
206,1995,235697
206,1996,866772
206,1997,1349598
206,1998,1601586
206,1999,836770
206,2000,2137180
206,2001,2864103
206,2002,1240555
206,2003,2470077
206,2004,1558089
206,2005,5282791
206,2006,3186292
206,2007,2868066
206,2008,4292130
206,2009,6599932
206,2010,4697620
206,2011,7242008
207,1991,163
207,1992,366
207,1993,2713
207,1994,7494
207,1995,16248
207,1996,16503
207,1997,12818
207,1998,11346
207,1999,26156
207,2000,45844
207,2001,54572
207,2002,44824
207,2003,48871
207,2004,48948
207,2005,52521
207,2006,62242
207,2007,69943
207,2008,168360
207,2009,128561
207,2010,145249
207,2011,223725
207,2012,192921
207,2013,212525
207,2014,196370
207,2015,145676
207,2016,228719
207,2017,356669
207,2018,310157
207,2019,310986
207,2020,512467
207,2021,1255987
207,2022,1576195
207,2023,2482476
208,1993,3200
208,1994,5010
208,1995,14122
208,1996,62086
208,1997,126884
208,1998,154359
208,1999,167164
208,2000,219837
208,2001,249132
208,2002,321698
208,2003,423885
208,2004,520620
208,2005,635959
208,2006,653079
208,2007,450296
208,2008,947708
208,2009,1411944
208,2010,2623142
208,2011,2408612
208,2012,1922455
208,2013,2131440
208,2014,2075279
208,2015,2168516
208,2016,2089988
208,2017,2601786
208,2018,2313997
208,2019,2814417
208,2020,2782864
208,2021,3244476
208,2022,3104269
208,2023,3296878
209,1996,77368
209,1997,95582
209,1998,83596
21,1991,739
21,1992,8608
21,1993,187863
21,1994,4187764
21,1995,6368355
21,1996,6810300
21,1997,6533660
21,1998,6927646
21,1999,9463155
21,2000,9868181
21,2001,10910355
21,2002,14822453
21,2003,24556117
21,2004,23939229
21,2005,18787635
21,2006,17753426
21,2007,25198815
21,2008,34837340
21,2009,27373709
21,2010,26732095
21,2011,34296935
21,2012,41196671
21,2013,47724023
21,2014,49146784
21,2015,53317076
21,2016,55992318
21,2017,71672581
21,2018,51621654
21,2019,62262353
21,2020,93379450
21,2021,150819939
21,2022,174804434
21,2023,195003604
210,1991,6060733
210,1992,4344775
210,1993,5488775
210,1994,4750472
210,1995,5385101
210,1996,6219459
210,1997,5909340
210,1998,5302150
210,1999,4724631
210,2000,5176568
210,2001,5311334
210,2002,5004090
210,2003,4877839
210,2004,4903453
210,2005,4422854
210,2006,4176398
210,2007,8610436
210,2008,7930393
210,2009,5172593
210,2010,6233210
210,2011,7742148
210,2012,8782621
210,2013,7361041
210,2014,7772477
210,2015,8060783
210,2016,6652306
210,2017,7542958
210,2018,6115657
210,2019,8721601
210,2020,8702749
210,2021,9613475
210,2022,17745488
210,2023,11637192
211,1991,1054274
211,1992,996459
211,1993,1027551
211,1994,943127
211,1995,899214
211,1996,823599
211,1997,765418
211,1998,766341
211,1999,615188
211,2000,638436
211,2001,525224
211,2002,537853
211,2003,414083
211,2004,493133
211,2005,448464
211,2006,443795
211,2007,462084
211,2008,450890
211,2009,386297
211,2010,375632
211,2011,395144
211,2012,379842
211,2013,352657
211,2014,376876
211,2015,362394
211,2016,299106
211,2017,378356
211,2018,350043
211,2019,362853
211,2020,395920
211,2021,335622
211,2022,396782
211,2023,367687
212,1991,25622520
212,1992,41256248
212,1993,48599028
212,1994,51657198
212,1995,59002363
212,1996,60842524
212,1997,45926052
212,1998,57670894
212,1999,36436000
212,2000,39814973
212,2001,59241376
212,2002,65166877
212,2003,69322685
212,2004,64968631
212,2005,70089345
212,2006,74346258
212,2007,59993139
212,2008,45127282
212,2009,79510484
212,2010,74088471
212,2011,99721366
212,2012,114700544
212,2013,263018046
212,2014,216817921
212,2015,278704839
212,2016,291189518
212,2017,397834129
212,2018,351866701
212,2019,1372039406
212,2020,1530497598
212,2021,818408113
212,2022,869057097
212,2023,1939220248
213,1997,208616
213,1998,298285
213,1999,756528
213,2000,897615
213,2001,1316687
213,2002,1716181
213,2003,2092273
213,2004,2449869
213,2005,2724476
213,2006,3325987
213,2007,1219471
213,2008,1221403
213,2009,1490835
213,2010,1612559
213,2011,1428151
213,2012,2019123
213,2013,2288265
213,2014,2074607
213,2015,1898563
213,2016,1795961
213,2017,1738574
213,2018,1268238
213,2019,1922445
213,2020,1809540
213,2021,2038104
213,2022,2714900
213,2023,2635153
215,1991,253997815
215,1992,256396141
215,1993,342837089
215,1994,270972058
215,1995,566018279
215,1996,689472292
215,1997,434888400
215,1998,533322840
215,1999,552632041
215,2000,383344200
215,2001,483189690
215,2002,734134550
215,2003,488489670
215,2004,1088853250
215,2005,891780108
215,2006,1407537255
215,2007,997840130
215,2008,2063058020
215,2009,1763349360
215,2010,2712902910
215,2011,2427076662
215,2012,3009734807
215,2013,3664072201
215,2014,4511462152
215,2015,4941552736
215,2016,5641331903
215,2017,5484058840
215,2018,5993739633
215,2019,5874123524
215,2020,7420362119
215,2021,7605185852
215,2022,6991685477
215,2023,7166466362
216,1991,94168230
216,1992,87193269
216,1993,69014640
216,1994,93699126
216,1995,106396169
216,1996,135237623
216,1997,174539588
216,1998,150094019
216,1999,136570069
216,2000,130160487
216,2001,158802617
216,2002,161432212
216,2003,185786210
216,2004,212831416
216,2005,232656771
216,2006,227320171
216,2007,394273438
216,2008,334464998
216,2009,313023251
216,2010,346809498
216,2011,429456262
216,2012,424803781
216,2013,326240178
216,2014,292162061
216,2015,290033455
216,2016,289462322
216,2017,324291490
216,2018,362785140
216,2019,343866620
216,2020,332969130
216,2021,330221119
216,2022,414868650
216,2023,433501681
217,1991,30052476
217,1992,39999498
217,1993,32141296
217,1994,37726470
217,1995,64043261
217,1996,90164324
217,1997,101987078
217,1998,75994271
217,1999,78270275
217,2000,68082282
217,2001,87025189
217,2002,92018266
217,2003,65658215
217,2004,76333673
217,2005,136673987
217,2006,101922292
217,2007,90196060
217,2008,178468646
217,2009,177622334
217,2010,148928691
217,2011,175619401
217,2012,218323442
217,2013,220472191
217,2014,202809229
217,2015,217666491
217,2016,243451058
217,2017,239106761
217,2018,238578021
217,2019,225428562
217,2020,248585179
217,2021,314556942
217,2022,366584876
217,2023,354503320
220,1991,37943
220,1992,50443
220,1993,42274
220,1994,41206
220,1995,24805
220,1996,46795
220,1997,23581
220,1998,23006
220,1999,7678
220,2000,12173
220,2001,9044
220,2002,12677
220,2003,11852
220,2004,15993
220,2005,10804
220,2006,9781
220,2007,13824
220,2008,15097
220,2009,15094
220,2010,15403
220,2011,17628
220,2012,15364
220,2013,18188
220,2014,18559
220,2015,15061
220,2016,17177
220,2017,17383
220,2018,15778
220,2019,17953
220,2020,16290
220,2021,16282
220,2022,14832
220,2023,15068
221,2011,2768
221,2012,4085
221,2013,4032
221,2014,4406
221,2015,5481
221,2016,5814
221,2017,5544
221,2018,5776
221,2019,5852
221,2020,10633
221,2021,7798
221,2022,11746
221,2023,11431
222,1991,554542
222,1992,506209
222,1993,445231
222,1994,155937
222,1995,162335
222,1996,722611
222,1997,284226
222,1998,442193
222,1999,470383
222,2000,293914
222,2001,374075
222,2002,144157
222,2003,639949
222,2004,581144
222,2005,585535
222,2006,450798
222,2007,568317
222,2008,453331
222,2009,979637
222,2010,435339
222,2011,906651
222,2012,884650
222,2013,520298
222,2014,1004652
222,2015,786144
222,2016,742790
222,2017,942260
222,2018,888606
222,2019,1527637
222,2020,954826
222,2021,1153317
222,2022,1661695
222,2023,552121
223,1991,20583
223,1992,33489
223,1993,62129
223,1994,102367
223,1995,230130
223,1996,507345
223,1997,856888
223,1998,1577608
223,1999,1976852
223,2000,3114569
223,2001,4442529
223,2002,7120231
223,2003,9561290
223,2004,11881258
223,2005,12697802
223,2006,11829826
223,2007,11839143
223,2008,15956775
223,2009,16539666
223,2010,16563989
223,2011,20326145
223,2012,19965555
223,2013,24291974
223,2014,23582524
223,2015,28980065
223,2016,27212630
223,2017,31213846
223,2018,33015612
223,2019,41349060
223,2020,54407929
223,2021,64293560
223,2022,201058622
223,2023,291668699
226,1996,327137349
226,1997,329822440
226,1998,410833500
229,1991,2604625
229,1992,2659409
229,1993,2218891
229,1994,2110148
229,1995,2471631
229,1996,2696435
229,1997,2119452
229,1998,1833104
229,1999,1734355
229,2000,1735278
229,2001,1446855
229,2002,1526338
229,2003,1695042
229,2004,1800028
229,2005,1484351
229,2006,1645305
229,2007,2380106
229,2008,3480231
229,2009,2281075
229,2010,2610958
229,2011,3797829
229,2012,3618964
229,2013,3494290
229,2014,3527643
229,2015,2912798
229,2016,2510078
229,2017,3218258
229,2018,3367595
229,2019,3576608
229,2020,2811128
229,2021,4181282
229,2022,6296762
229,2023,4463593
23,1991,13215
23,1992,12330
23,1993,14463
23,1994,10051
23,1995,14374
23,1996,20915
23,1997,21241
23,1998,19842
23,1999,24737
23,2000,16941
23,2001,22343
23,2002,24569
23,2003,25829
23,2004,23408
23,2005,32720
23,2006,24975
23,2007,33787
23,2008,28543
23,2009,44223
23,2010,49608
23,2011,50487
23,2012,49944
23,2013,58840
23,2014,47996
23,2015,42286
23,2016,50597
23,2017,68829
23,2018,60281
23,2019,53657
23,2020,70882
23,2021,86592
23,2022,117533
23,2023,185634
230,1994,784446
230,1995,2707046
230,1996,3926169
230,1997,5960113
230,1998,3888556
230,1999,4792874
230,2000,10368529
230,2001,14836725
230,2002,11892812
230,2003,15225692
230,2004,18343733
230,2005,15624078
230,2006,17140177
230,2007,24136899
230,2008,41013330
230,2009,35834398
230,2010,43103405
230,2011,77276952
230,2012,70821657
230,2013,81849048
230,2014,113532578
230,2015,170833582
230,2016,220188237
230,2017,227288233
230,2018,297867685
230,2019,289418637
230,2020,308240391
230,2021,535131063
230,2022,337696929
230,2023,334745819
231,1991,27280546
231,1992,31581197
231,1993,27226073
231,1994,34588471
231,1995,38400498
231,1996,48774992
231,1997,35266142
231,1998,29014354
231,1999,25911800
231,2000,27060958
231,2001,26945590
231,2002,29116376
231,2003,35979437
231,2004,35081423
231,2005,32743065
231,2006,43445034
231,2007,73693704
231,2008,72511191
231,2009,62978372
231,2010,82769313
231,2011,96192782
231,2012,98024652
231,2013,82947258
231,2014,70873826
231,2015,64931100
231,2016,68311821
231,2017,61524225
231,2018,66416750
231,2019,65686513
231,2020,75715347
231,2021,100301766
231,2022,112446576
231,2023,94004551
233,1991,149282642
233,1992,158039625
233,1993,135161306
233,1994,164071884
233,1995,168343936
233,1996,254299707
233,1997,168469100
233,1998,252340228
233,1999,223543077
233,2000,141891318
233,2001,326168656
233,2002,348977538
233,2003,320422737
233,2004,267742224
233,2005,360562346
233,2006,377631778
233,2007,332675844
233,2008,477752137
233,2009,408570871
233,2010,513123043
233,2011,424736940
233,2012,581855157
233,2013,583876203
233,2014,558548080
233,2015,466528719
233,2016,531187716
233,2017,505094111
233,2018,687124988
233,2019,732900078
233,2020,804592647
233,2021,889507511
233,2022,1394745926
233,2023,1208572096
234,1991,277458
234,1992,609000
234,1993,827141
234,1994,1215507
234,1995,1799000
234,1996,3492594
234,1997,3231556
234,1998,3556357
234,1999,3884426
234,2000,2380865
234,2001,2353814
234,2002,3707175
234,2003,7477632
234,2004,10081474
234,2005,7694400
234,2006,9323319
234,2007,12399856
234,2008,17875991
234,2009,17889485
234,2010,17174147
234,2011,18520467
234,2012,23566142
234,2013,19236457
234,2014,22792407
234,2015,19794113
234,2016,20045371
234,2017,18718058
234,2018,12984560
234,2019,23288866
234,2020,29660307
234,2021,41917158
234,2022,51791740
234,2023,45009545
235,2022,12787671403
235,2023,30438881136
236,1991,22045
236,1992,22023
236,1993,31676
236,1994,61918
236,1995,98451
236,1996,245132
236,1997,318659
236,1998,267791
236,1999,313433
236,2000,473867
236,2001,539641
236,2002,555235
236,2003,1155173
236,2004,1590507
236,2005,1962313
236,2006,2361572
236,2007,2659022
236,2008,4202789
236,2009,4087163
236,2010,5903643
236,2011,8164124
236,2012,7182676
236,2013,14310699
236,2014,24344950
237,1991,18207520073
237,1992,21751817412
237,1993,22538307901
237,1994,26751461861
237,1995,38628526901
237,1996,42210173794
237,1997,43429046933
237,1998,52382888885
237,1999,57009860954
237,2000,60471724277
237,2001,56493765421
237,2002,65463790249
237,2003,73141483759
237,2004,89210951626
237,2005,104375427384
237,2006,97966429107
237,2007,128603985485
237,2008,199667902785
237,2009,214448555094
237,2010,238348679378
237,2011,304537088770
237,2012,305833727402
237,2013,306586351044
237,2014,327721289127
237,2015,318703670426
237,2016,305553214549
237,2017,303152247179
237,2018,316135538973
237,2019,311193539660
237,2020,319510684329
237,2021,377016398982
237,2022,334777553750
237,2023,366552085745
238,1993,6644236
238,1994,7158290
238,1995,8164889
238,1996,8846092
238,1997,8956768
238,1998,8078882
238,1999,10178327
238,2000,9749561
238,2001,8562643
238,2002,6932133
238,2003,12663476
238,2004,13463229
238,2005,19647247
238,2006,19931088
238,2007,39422967
238,2008,58598763
238,2009,75652368
238,2010,62046666
238,2011,69695480
238,2012,111714220
238,2013,125439010
238,2014,152195163
238,2015,150394259
238,2016,157094916
238,2017,177403990
238,2018,199122000
238,2019,218440931
238,2020,233663603
238,2021,257960408
238,2022,264102380
238,2023,344347005
249,1991,3697900
249,1992,4900750
249,1993,7617158
249,1994,9534643
249,1995,13482658
249,1996,13085283
249,1997,14765912
249,1998,21210717
249,1999,21003402
249,2000,23500811
249,2001,28846663
249,2002,25589490
249,2003,20711703
249,2004,28330578
249,2005,38390895
249,2006,58683419
249,2007,92167342
249,2008,91180000
249,2009,104169000
249,2010,137731839
249,2011,127002120
249,2012,133099831
249,2013,138297934
249,2014,121179710
249,2015,85372000
249,2016,68279001
249,2017,71948000
249,2018,72000000
249,2019,157132091
249,2020,237418923
249,2021,569864412
249,2022,374285819
249,2023,598572286
251,2005,811376
251,2006,1275164
251,2007,1120789
251,2008,1679789
251,2009,3591231
251,2010,2801001
251,2011,2728433
251,2012,2655311
251,2013,3185692
251,2014,4551308
251,2015,3688127
251,2016,4827446
251,2017,4425099
251,2018,5314670
251,2019,6911321
251,2020,9946534
251,2021,11034715
251,2022,10040862
251,2023,24045982
255,2000,265522
255,2001,241752
255,2002,246053
255,2003,274118
255,2004,300910
255,2005,245224
255,2006,305333
255,2007,458539
255,2008,481644
255,2009,330440
255,2010,448793
255,2011,539556
255,2012,624137
255,2013,567091
255,2014,482718
255,2015,458511
255,2016,283272
255,2017,366312
255,2018,390855
255,2019,417136
255,2020,424281
255,2021,521946
255,2022,778098
255,2023,556299
256,2000,16704
256,2001,15716
256,2002,16542
256,2003,17806
256,2004,17353
256,2005,15494
256,2006,17708
256,2007,26381
256,2008,24066
256,2009,16512
256,2010,23651
256,2011,25693
256,2012,33028
256,2013,27051
256,2014,22866
256,2015,26001
256,2016,18109
256,2017,20767
256,2018,25999
256,2019,23993
256,2020,22934
256,2021,24200
256,2022,24856
256,2023,23094
26,1991,3900
26,1992,3344
26,1993,3552
26,1994,3216
26,1995,2208
26,1996,2072
26,1997,2261
26,1998,2142
26,1999,954
26,2000,1431
26,2001,1515
26,2002,1565
26,2003,2067
26,2004,2203
26,2005,2652
26,2006,3176
26,2007,3883
26,2008,3195
26,2009,2843
26,2010,3622
26,2011,4566
26,2012,3768
26,2013,2982
26,2014,3019
26,2015,3875
26,2016,3000
26,2017,2875
26,2018,3000
26,2019,2875
26,2020,4875
26,2021,5125
26,2022,4500
26,2023,4625
27,1998,773699
27,1999,779066
27,2000,837084
27,2001,1268917
27,2002,1125743
27,2003,775776
27,2004,1697875
27,2005,892790
27,2006,969302
27,2007,1110952
27,2008,2179986
27,2009,1327424
27,2010,1785451
27,2011,2485277
27,2012,2723064
27,2013,2884971
27,2014,2886497
27,2015,2552175
27,2016,2438922
27,2017,2799461
27,2018,2999833
27,2019,3234847
27,2020,2740654
27,2021,4639731
27,2022,5826656
27,2023,4331456
272,2006,65939941
272,2007,73211274
272,2008,100219361
272,2009,81600863
272,2010,123137780
272,2011,155852822
272,2012,134228727
272,2013,151843248
272,2014,162713862
272,2015,134542798
272,2016,164104731
272,2017,110294954
272,2018,158454784
272,2019,159178765
272,2020,190328810
272,2021,230558988
272,2022,255622072
272,2023,201793383
276,2012,4998633
276,2013,12114929
276,2022,14752147
28,1991,34617002
28,1992,66621646
28,1993,149127635
28,1994,216191335
28,1995,191819073
28,1996,274335463
28,1997,397480605
28,1998,406301055
28,1999,676391638
28,2000,571419685
28,2001,1690169217
28,2002,2313862059
28,2003,2295320869
28,2004,2376328530
28,2005,3215091563
28,2006,5566520480
28,2007,5988355812
28,2008,6081251085
28,2009,6254890333
28,2010,6789200294
28,2011,5736674543
28,2012,5290360330
28,2013,6124839085
28,2014,12931904465
28,2015,15346874226
28,2016,14845832201
28,2017,16117374833
28,2018,14020705890
28,2019,14607424356
28,2020,19579201880
28,2021,21416975313
28,2022,42106512654
28,2023,33317863168
29,1991,18425252
29,1992,17664447
29,1993,19452569
29,1994,15497501
29,1995,19857089
29,1996,29323803
29,1997,48457705
29,1998,41492858
29,1999,41161534
29,2000,59498256
29,2001,66186786
29,2002,76778234
29,2003,83030001
29,2004,124352011
29,2005,130254893
29,2006,139817032
29,2007,114800224
29,2008,128236361
29,2009,160378843
29,2010,164606285
29,2011,187680094
29,2012,152128378
29,2013,141654650
29,2014,116294747
29,2015,172301789
29,2016,332153607
29,2017,370609790
29,2018,321924918
29,2019,416096330
29,2020,530930558
29,2021,855078745
29,2022,1146091956
29,2023,763176817
299,1996,46005
299,1997,45056
299,1998,55438
299,1999,16066
299,2000,66155
299,2001,35338
299,2002,83102
299,2003,65672
299,2004,65739
299,2005,77678
299,2006,65771
299,2007,89792
299,2008,98963
299,2009,94999
299,2010,55258
299,2011,47085
299,2012,78797
299,2013,136359
299,2014,139733
299,2015,118629
299,2016,135483
299,2017,126750
299,2018,205887
299,2019,113846
299,2020,114484
299,2021,69205
299,2022,92425
299,2023,98241
3,1993,9880367
3,1994,13095951
3,1995,10273574
3,1996,15560394
3,1997,20992994
3,1998,19546625
3,1999,14819625
3,2000,16110704
3,2001,12496187
3,2002,13676184
3,2003,13187769
3,2004,13687068
3,2005,12737885
3,2006,12510490
3,2007,14693510
3,2008,21135100
3,2009,16955800
3,2010,20697509
3,2011,27817510
3,2012,27097380
3,2013,30827670
3,2014,26476054
3,2015,26155000
3,2016,25624882
3,2017,23506840
3,2018,22037471
3,2019,20843504
3,2020,21653895
3,2021,25384860
3,2022,34042406
3,2023,28036891
32,1991,66474984
32,1992,76846369
32,1993,68545079
32,1994,60183976
32,1995,94640188
32,1996,107833636
32,1997,125732957
32,1998,157823626
32,1999,186115032
32,2000,193845092
32,2001,179088591
32,2002,197153810
32,2003,213208444
32,2004,238578985
32,2005,272643095
32,2006,326829028
32,2007,399944657
32,2008,490572035
32,2009,469310383
32,2010,436650554
32,2011,527250575
32,2012,638783240
32,2013,661662791
32,2014,732364781
32,2015,694848195
32,2016,720528247
32,2017,727063390
32,2018,854430803
32,2019,789238476
32,2020,719175618
32,2021,759604022
32,2022,772804849
32,2023,787838873
33,1991,5065284
33,1992,4159989
33,1993,4442719
33,1994,4258522
33,1995,6282322
33,1996,8878985
33,1997,6230084
33,1998,6760700
33,1999,6679605
33,2000,6279380
33,2001,6418485
33,2002,6046277
33,2003,7631308
33,2004,7230434
33,2005,5659503
33,2006,5745511
33,2007,8417687
33,2008,14197378
33,2009,10046321
33,2010,7961918
33,2011,10983266
33,2012,12891840
33,2013,16637316
33,2014,10456926
33,2015,11694452
33,2016,12855265
33,2017,12205397
33,2018,13294641
33,2019,14108916
33,2020,15145612
33,2021,14008335
33,2022,26524656
33,2023,21394613
35,1991,110769
35,1992,142892
35,1993,192032
35,1994,148234
35,1995,162644
35,1996,226435
35,1997,111623
35,1998,143506
35,1999,1081025
35,2000,722197
35,2001,580019
35,2002,150338
35,2003,360609
35,2004,296700
35,2005,108236
35,2006,189235
35,2007,131290
35,2008,499543
35,2009,521683
35,2010,499632
35,2011,394842
35,2012,414669
35,2013,408710
35,2014,75568
35,2015,608306
35,2016,396441
35,2017,283
35,2018,50826
35,2019,44869
35,2020,30473
35,2021,31722
35,2022,17430
35,2023,36961
37,1991,5706360
37,1992,5894700
37,1993,6383300
37,1994,8523204
37,1995,19188845
37,1996,18232174
37,1997,20349501
37,1998,24358576
37,2012,31777144
37,2013,27227510
37,2014,36178541
37,2015,30654609
37,2016,38521335
37,2017,40414397
37,2018,44227090
37,2019,44370273
37,2020,99885722
37,2021,98590896
37,2022,102847797
37,2023,107013300
38,1991,17504100
38,1992,19112019
38,1993,21415319
38,1994,21758496
38,1995,22247000
38,1996,21138333
38,1997,24686118
38,1998,28459706
38,1999,36563745
38,2000,35807040
38,2001,34228439
38,2002,39965471
38,2003,38964953
38,2004,42340335
38,2005,53152106
38,2006,47692690
38,2007,58090476
38,2008,129365890
38,2009,128624762
38,2010,134186195
38,2011,119788953
38,2012,123566099
38,2013,152513234
38,2014,144684380
38,2015,199659178
38,2016,181301458
38,2017,126399206
38,2018,202444186
38,2019,204043012
38,2020,273826634
38,2021,349781746
38,2022,407547081
38,2023,457934064
39,2007,321560182
39,2008,437499150
39,2009,372159834
39,2010,682125159
39,2011,338859428
39,2012,704734909
39,2013,683044926
39,2014,770227515
39,2015,483416432
39,2016,617881965
39,2017,580419160
39,2018,625752316
39,2019,543454320
39,2020,638681072
39,2021,604602109
39,2022,731196249
39,2023,705942400
4,1991,14601040
4,1992,25902002
4,1993,12497660
4,1994,8841699
4,1995,34971234
4,1996,75998268
4,1997,14677931
4,1998,50838699
4,1999,33491984
4,2000,16214065
4,2001,45005970
4,2002,33094407
4,2003,74637991
4,2004,70217447
4,2005,61549902
4,2006,73809707
4,2007,68055011
4,2008,60376391
4,2009,189537172
4,2010,156476798
4,2011,163712492
4,2012,196088100
4,2013,187785524
4,2014,134117742
4,2015,146528704
4,2016,134182181
4,2017,135060427
4,2018,230193856
4,2019,217466500
4,2020,171348186
4,2021,112609471
4,2022,160203896
4,2023,138988226
40,1991,167861038
40,1992,178302866
40,1993,170809415
40,1994,196369406
40,1995,213128743
40,1996,237400744
40,1997,234098780
40,1998,251831353
40,1999,191100568
40,2000,224564315
40,2001,280429541
40,2002,338115266
40,2003,393318067
40,2004,391260430
40,2005,356108980
40,2006,343717219
40,2007,360344285
40,2008,562828513
40,2009,389137931
40,2010,451533761
40,2011,572721146
40,2012,236970475
40,2013,312381669
40,2014,275748448
40,2015,583020832
40,2016,544367039
40,2017,490453422
40,2018,537599651
40,2019,527666590
40,2020,555622242
40,2021,682834253
40,2022,685022145
40,2023,629099783
41,1991,231366660
41,1992,252102264
41,1993,302737575
41,1994,436638378
41,1995,590975243
41,1996,1097224731
41,1997,816103496
41,1998,816104950
41,1999,696311673
41,2000,790923100
41,2001,482063395
41,2002,455765447
41,2003,593800936
41,2004,825359133
41,2005,847220269
41,2006,958754814
41,2007,739127449
41,2008,830667380
41,2009,885720475
41,2010,964973389
41,2011,1195975937
41,2012,1368627790
41,2013,1595332729
41,2014,1498302071
41,2015,1716222365
41,2016,1613139917
41,2017,1648323852
41,2018,1665538188
41,2019,1718774320
41,2020,1723503723
41,2021,1719294422
41,2022,1700037990
41,2023,1784624661
44,1991,448011285
44,1992,477869642
44,1993,518663642
44,1994,681013755
44,1995,719551124
44,1996,861663018
44,1997,1026368327
44,1998,1124799833
44,1999,1373807268
44,2000,1498798280
44,2001,1722832376
44,2002,1763268868
44,2003,2375573805
44,2004,2441066026
44,2005,2191028596
44,2006,2157480778
44,2007,2553895419
44,2008,3316975226
44,2009,3189200325
44,2010,2676254712
44,2011,3302352690
44,2012,3309473671
44,2013,3119763633
44,2014,2906604070
44,2015,3851474376
44,2016,4318042290
44,2017,5949965595
44,2018,6943493143
44,2019,8147000535
44,2020,11327372385
44,2021,5890979272
44,2022,9025254724
44,2023,9672819589
45,1996,152274
45,1997,189196
45,1998,561300
46,1991,395070
46,1992,607000
46,1993,757825
46,1994,780685
46,1995,1015776
46,1996,1297063
46,1997,1335786
46,1998,1919225
46,1999,1519405
46,2000,1602512
46,2001,1479048
46,2002,1722757
46,2003,1950308
46,2004,3039557
46,2005,4082335
46,2006,5168796
46,2007,6278655
46,2008,7705427
46,2009,9132110
46,2010,10786491
46,2011,10142058
46,2012,11240604
46,2013,11591560
46,2014,9640003
46,2015,10126849
46,2016,11503203
46,2017,9777290
46,2018,14770829
46,2019,12642726
46,2020,16320731
46,2021,13294083
46,2022,15997336
46,2023,14150223
48,1991,7959540
48,1992,8154147
48,1993,7445798
48,1994,9448529
48,1995,9434361
48,1996,14262296
48,1997,18264088
48,1998,18499723
48,1999,22096835
48,2000,23253614
48,2001,19289297
48,2002,17741271
48,2003,18776476
48,2004,23993030
48,2005,25697928
48,2006,31671471
48,2007,35833969
48,2008,58389172
48,2009,90743620
48,2010,92416588
48,2011,90091485
48,2012,69890249
48,2013,71926129
48,2014,71275044
48,2015,59847480
48,2016,61244886
48,2017,43131125
48,2018,56546398
48,2019,49725070
48,2020,45168040
48,2021,48918054
48,2022,40781063
48,2023,29980574
49,1996,221043
49,1997,260753
49,1998,202763
49,1999,263644
49,2000,279521
49,2001,304820
49,2002,333641
49,2003,365020
49,2004,355941
49,2005,1286000
49,2006,1124021
49,2007,2035297
49,2008,2045378
49,2009,2718970
49,2010,2694900
49,2011,5109778
49,2012,5611666
49,2013,6093188
49,2014,5550545
49,2015,4608324
49,2016,5438818
49,2017,4583420
49,2018,4919578
49,2019,4777687
49,2020,3524033
49,2021,3199840
49,2022,2189905
49,2023,2198506
50,1991,12765
50,1992,35406
50,1993,39921
50,1994,32967
50,1995,29738
50,1996,29258
50,1997,10234
50,1998,14540
50,1999,28131
50,2000,10744
50,2001,28056
50,2002,32727
50,2003,36275
50,2004,18307
50,2005,10348
50,2006,11180
50,2007,9923
50,2008,2129
50,2009,11381
50,2010,9606
50,2011,17296
50,2012,22522
50,2013,12519
50,2014,1849
50,2015,18650
50,2016,3145
50,2017,7011
50,2018,5980
50,2019,13123
50,2020,12726
50,2021,12971
50,2022,22675
50,2023,13773
52,1994,10137
52,1995,68352
52,1996,119224
52,1997,101085
52,1998,83521
52,1999,100443
52,2000,146841
52,2001,174664
52,2002,191790
52,2003,226227
52,2004,255039
52,2005,248218
52,2006,260403
52,2007,345910
52,2008,553344
52,2009,628135
52,2010,431212
52,2011,628042
52,2012,710217
52,2013,796960
52,2014,640835
52,2015,806833
52,2016,740479
52,2017,755149
52,2018,809740
52,2019,919011
52,2020,884279
52,2021,1040759
52,2022,1320171
52,2023,1134776
53,1991,24998232
53,1992,28491852
53,1993,25620200
53,1994,25560392
53,1995,51878250
53,1996,73915415
53,1997,93720346
53,1998,92860511
53,1999,114135155
53,2000,112900645
53,2001,105923603
53,2002,125898600
53,2003,126902731
53,2004,137961187
53,2005,144015658
53,2006,146273298
53,2007,159930191
53,2008,170332295
53,2009,303191772
53,2010,193419014
53,2011,278071496
53,2012,269401905
53,2013,339652075
53,2014,332856763
53,2015,289957973
53,2016,351605885
53,2017,370571165
53,2018,451466666
53,2019,414535521
53,2020,460961721
53,2021,593002416
53,2022,582101346
53,2023,634200877
54,1991,11472750
54,1992,8965119
54,1993,8993880
54,1994,8030527
54,1995,9501430
54,1996,9212009
54,1997,8761149
54,1998,8064187
54,1999,7571997
54,2000,8541853
54,2001,8444280
54,2002,7078835
54,2003,7455264
54,2004,7989098
54,2005,7107434
54,2006,7122589
54,2007,10472081
54,2008,13232039
54,2009,8929062
54,2010,8712450
54,2011,12373304
54,2012,14646073
54,2013,13110563
54,2014,11451902
54,2015,11526967
54,2016,9415818
54,2017,10919374
54,2018,8708268
54,2019,12293051
54,2020,11162211
54,2021,12031077
54,2022,18707027
54,2023,12990443
55,1996,173
55,1997,174
55,1998,168
56,1991,4690865
56,1992,7321638
56,1993,4823787
56,1994,3138497
56,1995,4097238
56,1996,4057215
56,1997,4717319
56,1998,4289841
56,1999,5200053
56,2000,5641459
56,2001,6675277
56,2002,5957134
56,2003,6353254
56,2004,14404040
56,2005,15116196
56,2006,17219185
56,2007,15902440
56,2008,15142700
56,2009,16027924
56,2010,15091786
56,2011,15926519
56,2012,10604626
56,2013,13058112
56,2014,14400551
56,2015,12657644
56,2016,15999601
56,2017,17296872
56,2018,19123823
56,2019,20088693
56,2020,20910911
56,2021,24170433
56,2022,27259325
56,2023,25210243
57,1994,97
57,1995,414
57,1996,948
57,1997,2148
57,1998,2169
57,1999,7882
57,2000,41076
57,2001,52001
57,2002,69485
57,2003,65781
57,2004,112868
57,2005,106480
57,2006,106179
57,2007,174835
57,2008,310405
57,2009,262228
57,2010,239002
57,2011,585412
57,2012,1347915
57,2013,1425133
57,2014,1796632
57,2015,1630312
57,2016,1818613
57,2017,2204912
57,2018,2091375
57,2019,2558726
57,2020,3222531
57,2021,2888639
57,2022,3700922
57,2023,3445175
58,1991,10748
58,1992,20030
58,1993,36685
58,1994,37218
58,1995,56142
58,1996,67248
58,1997,98784
58,1998,87547
58,1999,187038
58,2000,431744
58,2001,340178
58,2002,455891
58,2003,429709
58,2004,651996
58,2005,561493
58,2006,517991
58,2007,800994
58,2008,631797
58,2009,652167
58,2010,743856
58,2011,661327
58,2012,871051
58,2013,875840
58,2014,979003
58,2015,1206159
58,2016,885730
58,2017,993051
58,2018,749719
58,2019,793177
58,2020,847955
58,2021,918532
58,2022,1096439
58,2023,958698
59,1991,6220784
59,1992,6870665
59,1993,7422222
59,1994,8041671
59,1995,9254642
59,1996,10332423
59,1997,11604452
59,1998,11725224
59,1999,13046687
59,2000,12664902
59,2001,11850642
59,2002,13584780
59,2003,16652093
59,2004,21234490
59,2005,24110409
59,2006,24665924
59,2007,30057235
59,2008,43115372
59,2009,34244142
59,2010,35944510
59,2011,46529362
59,2012,54220169
59,2013,56666434
59,2014,56451142
59,2015,60043725
59,2016,59482205
59,2017,76521354
59,2018,60496693
59,2019,122272089
59,2020,116782201
59,2021,104864559
59,2022,164472296
59,2023,253083016
60,1991,129480
60,1992,164254
60,1993,147265
60,1994,168837
60,1995,149010
60,1996,219762
60,1997,199197
60,1998,162386
60,1999,141800
60,2000,164212
60,2001,180462
60,2002,141557
60,2003,145585
60,2004,193246
60,2005,202010
60,2006,200712
60,2007,275992
60,2008,347746
60,2009,298291
60,2010,255150
60,2011,434837
60,2012,360187
60,2013,298534
60,2014,337525
60,2015,340502
60,2016,421837
60,2017,253423
60,2018,281140
60,2019,352826
60,2020,271921
60,2021,282357
60,2022,519173
60,2023,344642
62,1991,4740674
62,1992,4769596
63,1992,35045
63,1993,44661
63,1994,27326
63,1995,28900
63,1996,58554
63,1997,57261
63,1998,36403
63,1999,21839
63,2000,58636
63,2001,44066
63,2002,44438
63,2003,46101
63,2004,60507
63,2005,68497
63,2006,76093
63,2007,161901
63,2008,80100
63,2009,79057
63,2010,114262
63,2011,132008
63,2012,212790
63,2013,150622
63,2014,177983
63,2015,218405
63,2016,120063
63,2017,175430
63,2018,148680
63,2019,222789
63,2020,243481
63,2021,254145
63,2022,389289
63,2023,226903
66,1991,104
66,1992,299
66,1993,119
66,1994,407
66,1995,304
66,1996,397
66,1997,435
66,1998,2471
66,1999,6367
66,2000,5131
66,2001,5192
66,2002,4813
66,2003,5957
66,2004,7633
66,2005,8525
66,2006,7868
66,2007,8674
66,2008,7878
66,2009,10008
66,2010,9264
66,2011,9662
66,2012,5634
66,2013,9522
66,2014,10753
66,2015,5611
66,2016,14274
66,2017,11718
66,2018,8631
66,2019,8829
66,2020,11573
66,2021,11170
66,2022,13763
66,2023,9994
67,1991,959406
67,1992,728367
67,1993,938095
67,1994,916982
67,1995,414316
67,1996,478789
67,1997,477971
67,1998,339730
67,1999,347931
67,2000,498129
67,2001,417428
67,2002,430908
67,2003,398636
67,2004,377965
67,2005,397119
67,2006,399917
67,2007,623623
67,2008,677944
67,2009,427285
67,2010,368649
67,2011,635593
67,2012,699510
67,2013,729076
67,2014,584474
67,2015,538721
67,2016,474831
67,2017,477503
67,2018,493675
67,2019,676079
67,2020,520098
67,2021,503575
67,2022,1121150
67,2023,700410
68,1991,10292102
68,1992,9764860
68,1993,7036661
68,1994,6882635
68,1995,7158832
68,1996,7832374
68,1997,7433417
68,1998,7304585
68,1999,6996314
68,2000,6788957
68,2001,6468770
68,2002,6799559
68,2003,6404245
68,2004,6707158
68,2005,6102731
68,2006,7489409
68,2007,11011895
68,2008,9934623
68,2009,7731002
68,2010,11825012
68,2011,12143942
68,2012,14772887
68,2013,11999574
68,2014,11357650
68,2015,11312739
68,2016,7872750
68,2017,9597350
68,2018,10098190
68,2019,11178168
68,2020,9560279
68,2021,14476394
68,2022,18262423
68,2023,14224727
69,1991,46
69,1992,24
69,1993,13
69,1994,10
69,1995,8
69,1996,8
69,1997,8
69,1998,8
7,2010,46666840
7,2011,51713033
7,2012,32632347
7,2013,61975900
7,2014,68092031
7,2015,82945429
7,2016,96074349
7,2017,99481539
7,2018,125800604
7,2019,128708609
7,2020,136831939
7,2021,137039704
7,2022,143041927
7,2023,145623494
73,1994,109057
73,1995,208547
73,1996,302520
73,1997,461235
73,1998,283587
73,1999,427564
73,2000,221657
73,2001,370431
73,2002,344331
73,2003,422410
73,2004,367065
73,2005,275278
73,2006,126449
73,2007,214051
73,2008,211210
73,2009,220545
73,2010,122721
73,2011,237469
73,2012,189882
73,2013,237850
73,2014,196381
73,2015,179342
73,2016,203684
73,2017,142497
73,2018,177276
73,2019,211508
73,2020,277960
73,2021,340055
73,2022,355453
73,2023,259419
74,1991,1697641
74,1992,2118610
74,1993,2245128
74,1994,2477480
74,1995,2387075
74,1996,2372230
74,1997,2050128
74,1998,2514597
75,1991,203110
75,1992,147760
75,1993,161325
75,1994,158399
75,1995,314319
75,1996,264955
75,1997,203963
75,1998,241333
75,1999,249174
75,2000,293909
75,2001,487199
75,2002,628311
75,2003,1189722
75,2004,1582545
75,2005,1768971
75,2006,1368781
75,2007,938388
75,2008,1552776
75,2009,2328533
75,2010,2934755
75,2011,1703909
75,2012,2323620
75,2013,2490469
75,2014,2331179
75,2015,3950955
75,2016,3681130
75,2017,3056649
75,2018,2374200
75,2019,2393192
75,2020,3515070
75,2021,3980536
75,2022,4031603
75,2023,4919648
79,1991,5725646
79,1992,5518654
79,1993,4808434
79,1994,4671534
79,1995,4848358
79,1996,5374923
79,1997,5249906
79,1998,4802760
79,1999,4801646
79,2000,4997188
79,2001,5256312
79,2002,4151127
79,2003,4143753
79,2004,6054982
79,2005,4352711
79,2006,4725632
79,2007,7000472
79,2008,8945696
79,2009,5317790
79,2010,6264637
79,2011,8420655
79,2012,9654444
79,2013,9185650
79,2014,8411839
79,2015,7504196
79,2016,6128629
79,2017,6683585
79,2018,6307370
79,2019,7196837
79,2020,7023710
79,2021,8883664
79,2022,13288262
79,2023,8881600
8,1996,107
8,1997,109
8,1998,111
8,1999,116
8,2000,116
8,2001,127
8,2002,129
8,2003,147
8,2004,166
8,2005,175
8,2006,193
8,2007,200
8,2008,214
8,2009,211
8,2010,202
8,2011,229
8,2012,222
8,2013,224
8,2014,222
8,2015,304
8,2016,273
8,2017,225
8,2018,167
8,2019,240
8,2020,218
8,2021,309
8,2022,459
8,2023,465
80,1996,94319
80,1997,195697
80,1998,250471
80,1999,313398
80,2000,253096
80,2001,317300
80,2002,301403
80,2003,216436
80,2004,415158
80,2005,348713
80,2006,352829
80,2007,382874
80,2008,591935
80,2009,362346
80,2010,336459
80,2011,436186
80,2012,408964
80,2013,457341
80,2014,322634
80,2015,358818
80,2016,475101
80,2017,366539
80,2018,480858
80,2019,476604
80,2020,582587
80,2021,588620
80,2022,889635
80,2023,392657
81,1991,11993
81,1992,12979
81,1993,19662
81,1994,25455
81,1995,51337
81,1996,73937
81,1997,115828
81,1998,127082
81,1999,100906
81,2000,178850
81,2001,290354
81,2002,362084
81,2003,373330
81,2004,455064
81,2005,740344
81,2006,591490
81,2007,534828
81,2008,1256959
81,2009,1576573
81,2010,1651833
81,2011,1829664
81,2012,2378692
81,2013,2687937
81,2014,3025710
81,2015,3326507
81,2016,3805244
81,2017,3315227
81,2018,4911911
81,2019,5248433
81,2020,8369325
81,2021,12347872
81,2022,19480801
81,2023,27873696
84,1991,864735
84,1992,761298
84,1993,744063
84,1994,851516
84,1995,833729
84,1996,834404
84,1997,849396
84,1998,795017
84,1999,782963
84,2000,717983
84,2001,772983
84,2002,701317
84,2003,695748
84,2004,721006
84,2005,702065
84,2006,710466
84,2007,1108539
84,2008,1138876
84,2009,837611
84,2010,866054
84,2011,1046842
84,2012,1108887
84,2013,1005632
84,2014,882394
84,2015,886013
84,2016,763737
84,2017,699508
84,2018,580648
84,2019,587389
84,2020,643889
84,2021,875089
84,2022,1192325
84,2023,972304
86,2010,755
86,2011,1159
86,2012,794
86,2013,882
86,2014,1461
86,2015,976
86,2016,944
86,2017,850
86,2018,1020
86,2019,1031
86,2020,1181
86,2021,1108
86,2022,1269
86,2023,1288
89,1991,868208
89,1992,1052113
89,1993,1281832
89,1994,1247077
89,1996,1046795
89,1997,860936
89,1998,1067710
9,1991,2018536
9,1992,2076076
9,1993,2884900
9,1994,2664398
9,1995,3674552
9,1996,4113178
9,1997,4494925
9,1998,4189651
9,1999,3095634
9,2000,3520276
9,2001,3701391
9,2002,10956651
9,2003,9495202
9,2004,9678597
9,2005,10350699
9,2006,10247002
9,2007,17540509
9,2008,23449367
9,2009,12961262
9,2010,22849294
9,2011,41292707
9,2012,44368425
9,2013,59626341
9,2014,64743418
9,2015,79134833
9,2016,137027039
9,2017,194896029
9,2018,293828767
9,2019,423705701
9,2020,518245725
9,2021,610146208
9,2022,762283086
9,2023,603152943
90,1991,181178712
90,1992,192354924
90,1993,187797886
90,1994,251860885
90,1995,334995377
90,1996,392720860
90,1997,392205336
90,1998,446732384
90,1999,759588242
90,2000,1048954840
90,2001,852633851
90,2002,1154252603
90,2003,1364046970
90,2004,909043016
90,2005,1405721800
90,2006,1924051050
90,2007,2120599156
90,2008,2663136720
90,2009,2878626386
90,2010,3362335528
90,2011,3541196308
90,2012,3912390862
90,2013,4673527986
90,2014,4708232135
90,2015,5003476603
90,2016,4835978903
90,2017,4575464122
90,2018,5722858469
90,2019,17092489222
90,2020,30272692425
90,2021,35715834728
90,2022,40982854720
90,2023,48923021833
91,1993,224000
91,1994,211200
91,1995,243200
91,1996,198400
91,1997,510451
91,1998,201807
93,1991,480700
93,1992,652248
93,1993,688380
93,1994,1133440
93,1995,982520
93,1996,911323
93,1997,1042820
93,1998,937119
95,1991,536736
95,1992,575342
95,1993,642664
95,1994,1018536
95,1995,1195934
95,1996,1930038
95,1997,2049384
95,1998,1530977
95,1999,1519910
95,2000,1817726
95,2001,2085879
95,2002,2038037
95,2003,2135185
95,2004,1888026
95,2005,2000280
95,2006,2487631
95,2007,4408326
95,2008,3914982
95,2009,4349346
95,2010,4026394
95,2011,3944149
95,2012,4010192
95,2013,4737478
95,2014,4636947
95,2015,5193343
95,2016,5157393
95,2017,5749717
95,2018,6106591
95,2019,5318992
95,2020,6176209
95,2021,6214124
95,2022,6425199
95,2023,6642752
97,1991,97641648
97,1992,68458833
97,1993,81959395
97,1994,111517207
97,1995,130272517
97,1996,248137834
97,1997,257096727
97,1998,196175830
97,1999,194255745
97,2000,266524628
97,2001,321534452
97,2002,259074603
97,2003,259529181
97,2004,394646499
97,2005,348813929
97,2006,376210008
97,2007,421835611
97,2008,573360031
97,2009,395920840
97,2010,456422007
97,2011,678192128
97,2012,601354820
97,2013,654016532
97,2014,729684603
97,2015,632789069
97,2016,673400667
97,2017,599495849
97,2018,698160468
97,2019,725538781
97,2020,791904209
97,2021,987855054
97,2022,1087284662
97,2023,1081602490
98,1992,73118
98,1993,1071146
98,1994,2062349
98,1995,1937261
98,1996,2428081
98,1997,2547347
98,1998,2258030
98,1999,2013914
98,2000,1859279
98,2001,2325252
98,2002,2302366
98,2003,1719949
98,2004,2596318
98,2005,2227988
98,2006,2381065
98,2007,3251839
98,2008,3586571
98,2009,2535096
98,2010,3197174
98,2011,3623943
98,2012,3944069
98,2013,3473904
98,2014,2889711
98,2015,2875777
98,2016,3256702
98,2017,2706703
98,2018,3229970
98,2019,3368418
98,2020,3723437
98,2021,5277383
98,2022,6645153
98,2023,534069
99,2015,171569
99,2016,222778
99,2017,222740
99,2018,118597
99,2019,240127
99,2020,254531
99,2021,229537
99,2022,255249
99,2023,206433
