geo,year,fbs_coffee_and_products_stock_variation
1,2010,0
1,2011,0
1,2012,0
1,2013,1
1,2014,0
1,2015,0
1,2016,0
1,2017,0
1,2018,0
1,2019,0
1,2020,0
1,2021,1
1,2022,1
10,2010,0
10,2011,0
10,2012,-12
10,2013,-12
10,2014,0
10,2015,0
10,2016,0
10,2017,0
10,2018,0
10,2019,0
10,2020,0
10,2021,0
10,2022,0
100,2010,0
100,2011,-48
100,2012,-19
100,2013,-15
100,2014,9
100,2015,28
100,2016,4
100,2017,-46
100,2018,-31
100,2019,-25
100,2020,3
100,2021,-4
100,2022,-51
101,2010,0
101,2011,3
101,2012,0
101,2013,0
101,2014,-8
101,2015,0
101,2016,0
101,2017,-2
101,2018,45
101,2019,116
101,2020,-10
101,2021,-38
101,2022,-37
102,2010,0
102,2011,3
102,2012,3
102,2013,2
102,2014,-9
102,2015,32
102,2016,5
102,2017,50
102,2018,61
102,2019,20
102,2020,-57
102,2021,0
102,2022,0
103,2010,0
103,2011,-2
103,2012,0
103,2013,1
103,2014,0
103,2015,0
103,2016,0
103,2017,0
103,2018,0
103,2019,0
103,2020,0
103,2021,14
103,2022,20
104,2010,0
104,2011,0
104,2012,0
104,2013,0
104,2014,2
104,2015,2
104,2016,3
104,2017,3
104,2018,3
104,2019,2
104,2020,2
104,2021,0
104,2022,0
105,2010,5
105,2011,-1
105,2012,2
105,2013,2
105,2014,1
105,2015,1
105,2016,1
105,2017,1
105,2018,1
105,2019,0
105,2020,0
105,2021,0
105,2022,0
106,2014,7
106,2015,-8
106,2016,15
106,2017,-12
106,2018,8
106,2019,4
106,2020,0
106,2021,0
106,2022,0
107,2010,0
107,2011,0
107,2012,0
107,2013,0
107,2014,-2
107,2015,3
107,2016,-1
107,2017,-2
107,2018,0
107,2019,0
107,2020,1
107,2021,-1
107,2022,0
108,2010,0
108,2011,0
108,2012,2
108,2013,9
108,2014,-9
108,2015,-2
108,2016,0
108,2017,1
108,2018,5
108,2019,3
108,2020,3
108,2021,2
108,2022,7
109,2010,0
109,2011,0
109,2012,0
109,2013,0
109,2014,0
109,2015,0
109,2016,0
109,2017,0
109,2018,0
109,2019,0
109,2020,0
109,2021,0
109,2022,0
11,2010,-34
11,2011,-6
11,2012,5
11,2013,12
11,2014,-6
11,2015,-13
11,2016,-3
11,2017,-2
11,2018,0
11,2019,0
11,2020,0
11,2021,0
11,2022,0
110,2010,-43
110,2011,18
110,2012,-23
110,2013,64
110,2014,21
110,2015,11
110,2016,4
110,2017,23
110,2018,23
110,2019,47
110,2020,2
110,2021,8
110,2022,12
112,2010,-7
112,2011,-2
112,2012,-1
112,2013,3
112,2014,0
112,2015,0
112,2016,0
112,2017,0
112,2018,0
112,2019,0
112,2020,0
112,2021,0
112,2022,0
113,2011,3
113,2012,-2
113,2013,0
113,2014,-1
113,2015,-1
113,2016,2
113,2017,-2
113,2018,0
113,2019,0
113,2020,0
113,2021,0
113,2022,0
114,2010,0
114,2011,0
114,2012,0
114,2013,0
114,2014,1
114,2015,-1
114,2016,-2
114,2017,1
114,2018,0
114,2019,0
114,2020,-2
114,2021,-1
114,2022,4
115,2010,-1
115,2011,-1
115,2012,0
115,2013,1
115,2014,0
115,2015,0
115,2016,0
115,2017,0
115,2018,0
115,2019,0
115,2020,0
115,2021,0
115,2022,0
117,2010,-2
117,2011,1
117,2012,-1
117,2013,-1
117,2014,0
117,2015,0
117,2016,0
117,2017,0
117,2018,0
117,2019,0
117,2020,0
117,2021,0
117,2022,0
118,2010,-5
118,2011,-4
118,2012,-2
118,2013,5
118,2014,6
118,2015,10
118,2016,15
118,2017,17
118,2018,13
118,2019,1
118,2020,5
118,2021,1
118,2022,9
119,2010,0
119,2011,0
119,2012,0
119,2013,0
119,2014,-3
119,2015,6
119,2016,0
119,2017,0
119,2018,0
119,2019,0
119,2020,0
119,2021,0
119,2022,0
12,2010,0
12,2011,-1
12,2012,0
12,2013,1
12,2014,-1
12,2015,0
12,2016,0
12,2017,0
12,2018,0
12,2019,0
12,2021,0
12,2022,0
120,2010,2
120,2011,2
120,2012,2
120,2013,2
120,2014,1
120,2015,1
120,2016,4
120,2017,3
120,2018,3
120,2019,1
120,2020,0
120,2021,-23
120,2022,0
121,2010,-10
121,2011,-1
121,2012,-8
121,2013,9
121,2014,0
121,2015,0
121,2016,0
121,2017,0
121,2018,34
121,2019,36
121,2020,0
121,2021,21
121,2022,17
123,2010,0
123,2011,0
123,2012,0
123,2013,0
123,2014,0
123,2015,0
123,2016,0
123,2017,1
123,2018,0
123,2019,1
123,2020,1
123,2021,1
123,2022,1
124,2010,-2
124,2011,-3
124,2012,0
124,2013,4
124,2014,0
124,2015,0
124,2016,0
124,2017,0
124,2018,0
124,2019,0
124,2020,0
124,2021,0
124,2022,0
126,2010,0
126,2011,0
126,2012,0
126,2013,0
126,2014,1
126,2015,-4
126,2016,-1
126,2017,2
126,2018,2
126,2019,2
126,2020,2
126,2021,3
126,2022,2
127,2019,0
127,2020,0
127,2021,0
127,2022,0
128,2010,-1
128,2011,0
128,2012,0
128,2013,-1
128,2014,2
128,2015,4
128,2016,3
128,2017,2
128,2018,4
128,2019,5
128,2020,0
128,2021,1
128,2022,0
129,2010,0
129,2011,0
129,2012,0
129,2013,0
129,2014,0
129,2015,0
129,2016,0
129,2017,0
129,2018,0
129,2019,0
129,2020,0
129,2021,0
129,2022,0
13,2019,1
13,2020,0
13,2021,0
13,2022,0
130,2010,0
130,2011,0
130,2012,0
130,2013,0
130,2014,0
130,2015,0
130,2016,0
130,2017,0
130,2018,0
130,2019,0
130,2020,0
130,2021,0
130,2022,0
131,2010,0
131,2011,0
131,2012,0
131,2013,0
131,2014,0
131,2015,0
131,2016,0
131,2017,0
131,2018,0
131,2019,0
131,2020,0
131,2021,0
131,2022,0
132,2010,0
132,2011,-2
132,2012,0
132,2013,0
132,2014,-1
132,2015,0
132,2016,10
132,2017,0
132,2018,-1
132,2019,-1
132,2020,0
132,2021,-1
132,2022,0
133,2010,0
133,2011,0
133,2014,0
133,2015,0
133,2016,4
133,2017,4
133,2018,0
133,2019,0
133,2020,3
133,2021,1
133,2022,0
134,2010,-1
134,2011,-1
134,2012,0
134,2013,0
134,2014,0
134,2015,0
134,2016,0
134,2017,0
134,2018,0
134,2019,0
134,2020,0
134,2021,0
134,2022,0
136,2010,0
136,2011,0
136,2012,0
136,2013,0
136,2014,0
136,2015,3
136,2016,1
136,2017,1
136,2018,5
136,2019,0
136,2020,0
136,2021,0
136,2022,0
137,2010,-1
137,2011,-1
137,2012,0
137,2013,0
137,2014,0
137,2015,1
137,2016,1
137,2017,1
137,2018,0
137,2019,0
137,2020,0
137,2021,0
137,2022,0
138,2010,36
138,2011,17
138,2012,-32
138,2013,-11
138,2014,17
138,2015,13
138,2016,19
138,2017,-35
138,2018,-24
138,2019,-9
138,2020,4
138,2021,-5
138,2022,7
14,2010,0
14,2011,0
14,2012,0
14,2013,0
14,2014,0
14,2015,0
14,2016,0
14,2017,0
14,2018,0
14,2019,0
14,2020,0
14,2021,0
14,2022,0
141,2010,1
141,2011,5
141,2012,-1
141,2013,-2
141,2014,-3
141,2015,8
141,2016,5
141,2017,5
141,2018,7
141,2019,7
141,2020,7
141,2021,9
141,2022,12
143,2010,0
143,2011,-13
143,2012,0
143,2013,6
143,2014,0
143,2015,2
143,2016,1
143,2017,1
143,2018,7
143,2019,3
143,2020,5
143,2021,6
143,2022,6
144,2010,0
144,2011,1
144,2012,-1
144,2013,0
144,2014,0
144,2015,0
144,2016,0
144,2017,0
144,2018,0
144,2019,0
144,2020,0
144,2021,0
144,2022,0
145,2019,0
145,2020,0
145,2021,0
146,2010,0
146,2011,0
146,2012,0
146,2013,0
146,2014,0
146,2015,0
146,2016,0
146,2017,0
146,2018,0
146,2019,0
146,2020,0
146,2021,0
146,2022,0
147,2010,0
147,2011,-1
147,2012,0
147,2013,1
147,2014,2
147,2015,4
147,2016,3
147,2017,4
147,2018,0
147,2019,2
147,2020,1
147,2021,1
147,2022,1
148,2019,0
148,2020,0
148,2021,0
148,2022,0
149,2010,0
149,2011,0
149,2012,0
149,2013,0
149,2014,0
149,2015,0
149,2016,0
149,2017,0
149,2018,0
149,2019,0
149,2020,0
149,2021,0
149,2022,0
150,2010,39
150,2011,-24
150,2012,-18
150,2013,-27
150,2014,32
150,2015,31
150,2016,63
150,2017,60
150,2018,0
150,2019,0
150,2020,0
150,2021,0
150,2022,0
153,2010,0
153,2011,0
153,2012,0
153,2013,0
153,2014,0
153,2015,0
153,2016,0
153,2017,0
153,2018,0
153,2019,0
153,2020,0
153,2021,0
153,2022,0
154,2014,1
154,2015,2
154,2016,2
154,2017,2
154,2018,3
154,2019,0
154,2020,0
154,2021,0
154,2022,0
155,2010,0
155,2011,0
155,2012,0
155,2013,0
155,2014,0
155,2015,0
155,2016,0
155,2017,0
155,2018,0
155,2019,0
155,2020,0
155,2021,0
155,2022,0
156,2010,1
156,2011,-11
156,2012,-16
156,2013,-20
156,2014,0
156,2015,0
156,2016,0
156,2017,0
156,2018,0
156,2019,0
156,2020,0
156,2021,0
156,2022,0
157,2010,0
157,2011,0
157,2012,0
157,2013,0
157,2014,0
157,2015,0
157,2016,0
157,2017,0
157,2018,0
157,2019,0
157,2020,0
157,2021,4
157,2022,0
158,2010,-1
158,2011,0
158,2012,0
158,2013,0
158,2014,0
158,2015,1
158,2016,-1
158,2017,0
158,2018,1
158,2019,-1
158,2020,0
158,2021,0
158,2022,0
159,2010,1
159,2011,0
159,2012,0
159,2013,0
159,2014,1
159,2015,3
159,2016,9
159,2017,6
159,2018,3
159,2019,0
159,2020,0
159,2021,0
159,2022,0
16,2010,0
16,2011,0
16,2012,0
16,2013,0
16,2014,1
16,2015,1
16,2016,1
16,2017,2
16,2018,4
16,2019,1
16,2020,1
16,2021,2
16,2022,0
162,2010,2
162,2011,4
162,2012,-2
162,2013,-1
162,2014,-3
162,2015,-2
162,2016,-2
162,2017,-2
162,2018,-3
162,2019,0
162,2020,0
162,2021,0
162,2022,0
165,2010,0
165,2011,0
165,2012,0
165,2013,0
165,2014,0
165,2015,0
165,2016,0
165,2017,0
165,2018,0
165,2019,0
165,2020,0
165,2021,1
165,2022,2
166,2010,-1
166,2011,0
166,2012,1
166,2013,0
166,2014,3
166,2015,2
166,2016,1
166,2017,0
166,2018,2
166,2019,1
166,2020,1
166,2021,2
166,2022,0
167,2010,-7
167,2011,0
167,2012,0
167,2013,0
167,2014,-3
167,2015,2
167,2016,2
167,2017,3
167,2018,18
167,2019,6
167,2020,8
167,2021,0
167,2022,0
168,2010,0
168,2011,-1
168,2012,0
168,2013,1
168,2014,4
168,2015,13
168,2016,-1
168,2017,-11
168,2018,0
168,2019,1
168,2020,-2
168,2021,7
168,2022,6
169,2010,0
169,2011,0
169,2012,0
169,2013,0
169,2014,0
169,2015,0
169,2016,0
169,2017,0
169,2018,0
169,2019,0
169,2020,0
169,2021,0
169,2022,0
170,2010,-1
170,2011,3
170,2012,-6
170,2013,1
170,2014,-1
170,2015,-1
170,2016,2
170,2017,2
170,2018,1
170,2019,-4
170,2020,7
170,2021,-2
170,2022,1
171,2010,-62
171,2011,-61
171,2012,4
171,2013,33
171,2014,0
171,2015,0
171,2016,0
171,2017,0
171,2018,0
171,2019,0
171,2020,-29
171,2021,0
171,2022,0
173,2010,2
173,2011,-2
173,2012,0
173,2013,13
173,2014,-13
173,2015,6
173,2016,7
173,2017,6
173,2018,-4
173,2019,4
173,2020,6
173,2021,-1
173,2022,1
174,2010,-10
174,2011,-4
174,2012,-1
174,2013,4
174,2014,-1
174,2015,-1
174,2016,0
174,2017,2
174,2018,-2
174,2019,1
174,2020,1
174,2021,1
174,2022,1
175,2010,0
175,2011,0
175,2015,0
175,2019,0
175,2020,0
175,2021,0
176,2010,3
176,2011,-2
176,2012,-3
176,2013,2
176,2014,6
176,2015,0
176,2016,0
176,2017,-7
176,2018,0
176,2019,0
176,2020,0
176,2021,0
176,2022,0
179,2019,1
179,2020,0
179,2021,1
179,2022,2
18,2019,0
18,2020,0
18,2021,0
18,2022,0
181,2010,0
181,2011,1
181,2012,-1
181,2013,0
181,2014,0
181,2015,0
181,2016,0
181,2017,0
181,2018,0
181,2019,0
181,2020,0
181,2021,0
181,2022,0
183,2010,-1
183,2011,1
183,2012,-1
183,2013,-2
183,2014,13
183,2015,28
183,2016,6
183,2017,29
183,2018,31
183,2019,36
183,2020,58
183,2021,54
183,2022,3
184,2010,0
184,2011,0
184,2012,0
184,2013,0
184,2014,0
184,2015,0
184,2016,0
184,2017,0
184,2018,0
184,2019,0
184,2020,0
184,2021,0
184,2022,0
185,2014,-73
185,2015,8
185,2016,18
185,2017,22
185,2018,29
185,2019,30
185,2020,0
185,2021,0
185,2022,20
188,2010,0
188,2011,0
188,2012,0
188,2013,0
188,2014,0
188,2016,0
188,2017,0
188,2018,0
189,2014,1
189,2015,0
189,2016,0
189,2017,1
189,2018,0
189,2019,0
189,2020,0
189,2021,0
189,2022,0
19,2010,0
19,2011,0
19,2012,0
19,2013,5
19,2014,-2
19,2015,0
19,2016,0
19,2017,0
19,2018,0
19,2019,0
19,2020,0
19,2021,0
19,2022,0
191,2010,0
191,2011,0
191,2012,0
191,2013,0
191,2014,0
191,2015,0
191,2016,0
191,2017,0
191,2018,0
191,2019,0
191,2020,0
191,2021,0
191,2022,0
193,2010,0
193,2011,0
193,2012,0
193,2013,0
193,2014,0
193,2015,0
193,2016,0
193,2017,0
193,2018,0
193,2019,0
193,2020,0
193,2021,0
193,2022,0
194,2014,12
194,2015,53
194,2016,49
194,2017,91
194,2018,111
194,2019,92
194,2020,14
194,2021,16
194,2022,16
195,2010,0
195,2011,0
195,2012,0
195,2013,0
195,2014,1
195,2015,1
195,2016,0
195,2017,0
195,2018,1
195,2019,1
195,2020,1
195,2021,1
195,2022,2
196,2010,0
196,2011,0
196,2012,0
196,2013,0
196,2014,0
196,2015,0
196,2016,0
196,2017,0
196,2018,0
196,2019,0
196,2020,0
196,2021,0
196,2022,0
197,2010,0
197,2011,0
197,2012,0
197,2013,0
197,2014,0
197,2015,0
197,2016,0
197,2017,0
197,2018,0
197,2019,0
197,2020,0
197,2021,0
197,2022,0
198,2014,2
198,2015,1
198,2016,3
198,2017,2
198,2018,4
198,2019,4
198,2020,4
198,2021,4
198,2022,4
199,2010,-21
199,2011,11
199,2012,-6
199,2013,5
199,2014,14
199,2015,8
199,2016,-8
199,2017,-12
199,2018,-5
199,2019,0
199,2020,0
199,2021,0
199,2022,0
2,2010,0
2,2011,0
2,2012,0
2,2013,0
2,2014,0
2,2015,0
2,2016,0
2,2017,1
2,2018,0
2,2019,1
2,2020,-2
2,2021,0
2,2022,0
20,2010,0
20,2011,0
20,2012,0
20,2013,0
20,2014,0
20,2015,0
20,2016,0
20,2017,0
20,2018,0
20,2019,0
20,2020,0
20,2021,0
20,2022,0
201,2013,0
201,2014,0
201,2015,1
201,2016,0
201,2017,0
201,2018,0
201,2019,0
201,2020,0
201,2021,0
201,2022,0
202,2010,3
202,2011,4
202,2012,0
202,2013,-3
202,2014,-6
202,2015,6
202,2016,6
202,2017,2
202,2018,9
202,2019,13
202,2020,9
202,2021,-30
202,2022,-14
203,2010,0
203,2011,0
203,2012,0
203,2013,0
203,2014,12
203,2015,-5
203,2016,-13
203,2017,-30
203,2018,-25
203,2019,0
203,2020,0
203,2021,0
203,2022,0
207,2010,0
207,2011,0
207,2012,0
207,2013,0
207,2014,0
207,2015,0
207,2016,0
207,2017,0
207,2018,0
207,2019,0
207,2020,0
207,2021,0
207,2022,0
208,2010,0
208,2011,0
208,2012,0
208,2013,0
208,2014,0
208,2015,0
208,2016,0
208,2017,1
208,2018,1
208,2019,1
208,2020,1
208,2021,1
208,2022,1
209,2010,0
209,2011,0
209,2012,0
209,2013,0
209,2014,0
209,2015,-1
209,2016,0
209,2017,0
209,2018,0
209,2019,0
209,2020,0
209,2021,0
209,2022,0
21,2010,228
21,2011,-225
21,2012,4
21,2013,-40
21,2014,413
21,2015,177
21,2016,-158
21,2017,-416
21,2018,0
21,2019,-43
21,2020,114
21,2021,-164
21,2022,121
210,2010,0
210,2011,0
210,2012,0
210,2013,0
210,2014,0
210,2015,-9
210,2016,3
210,2017,-1
210,2018,-6
210,2019,0
210,2020,0
210,2021,0
210,2022,0
211,2014,7
211,2015,18
211,2016,8
211,2017,0
211,2018,-5
211,2019,-16
211,2020,5
211,2021,7
211,2022,8
212,2010,-2
212,2011,1
212,2012,-3
212,2013,3
212,2014,0
212,2015,0
212,2016,0
212,2017,0
212,2018,0
212,2019,0
212,2020,0
212,2021,7
212,2022,7
214,2010,-1
214,2011,-1
214,2012,0
214,2013,1
214,2014,1
214,2015,5
214,2016,5
214,2017,7
214,2018,7
214,2019,3
214,2020,11
214,2021,3
214,2022,3
215,2010,0
215,2011,0
215,2012,0
215,2013,0
215,2014,-3
215,2015,7
215,2016,-4
215,2017,-2
215,2018,4
215,2019,1
215,2020,-2
215,2021,13
215,2022,1
216,2010,0
216,2011,0
216,2012,0
216,2013,0
216,2014,0
216,2015,0
216,2016,4
216,2017,0
216,2018,0
216,2019,11
216,2020,1
216,2021,1
216,2022,1
217,2010,0
217,2011,-1
217,2012,0
217,2013,1
217,2014,2
217,2015,0
217,2016,6
217,2017,7
217,2018,2
217,2019,5
217,2020,0
217,2021,4
217,2022,3
219,2019,0
219,2020,0
219,2021,0
219,2022,0
220,2010,0
220,2011,0
220,2012,0
220,2013,0
220,2014,0
220,2015,0
220,2016,0
220,2017,0
220,2018,0
220,2019,0
220,2020,0
220,2021,0
220,2022,0
221,2010,-2
221,2011,0
221,2012,-2
221,2013,3
221,2014,2
221,2015,0
221,2016,1
221,2017,-3
221,2018,0
221,2019,0
221,2020,0
221,2021,0
221,2022,0
222,2010,1
222,2011,-1
222,2012,-1
222,2013,1
222,2014,2
222,2015,2
222,2016,5
222,2017,4
222,2018,2
222,2019,3
222,2020,3
222,2021,3
222,2022,2
223,2010,0
223,2011,22
223,2012,-7
223,2013,-10
223,2014,-4
223,2015,2
223,2016,13
223,2017,8
223,2018,22
223,2019,21
223,2020,23
223,2021,30
223,2022,22
225,2010,-3
225,2011,-20
225,2012,-11
225,2013,-3
225,2014,53
225,2015,68
225,2016,25
225,2017,11
225,2018,-81
225,2019,-69
225,2020,-16
225,2021,-6
225,2022,-2
226,2010,0
226,2011,0
226,2012,0
226,2013,0
226,2014,0
226,2015,0
226,2016,0
226,2017,0
226,2018,12
226,2019,13
226,2020,25
226,2021,-25
226,2022,-8
227,2019,0
227,2020,0
227,2021,0
227,2022,0
229,2010,0
229,2011,-26
229,2012,0
229,2013,0
229,2014,23
229,2015,75
229,2016,21
229,2017,90
229,2018,52
229,2019,36
229,2020,40
229,2021,-50
229,2022,39
23,2010,0
23,2011,0
23,2012,0
23,2013,1
23,2014,0
23,2015,0
23,2016,0
23,2017,0
23,2018,0
23,2019,0
23,2020,7
23,2021,0
23,2022,0
230,2010,-6
230,2011,0
230,2012,0
230,2013,0
230,2014,-31
230,2015,-2
230,2016,-1
230,2017,-1
230,2018,0
230,2019,0
230,2020,0
230,2021,0
230,2022,0
231,2010,0
231,2011,0
231,2012,0
231,2013,0
231,2014,23
231,2015,77
231,2016,51
231,2017,125
231,2018,-2
231,2019,109
231,2020,-10
231,2021,-10
231,2022,73
233,2010,0
233,2011,1
233,2012,0
233,2013,0
233,2014,1
233,2015,4
233,2016,1
233,2017,2
233,2018,3
233,2019,1
233,2020,2
233,2021,3
233,2022,1
234,2010,0
234,2011,1
234,2012,1
234,2013,0
234,2014,0
234,2015,0
234,2016,0
234,2017,0
234,2018,0
234,2019,0
234,2020,0
234,2021,0
234,2022,0
235,2010,0
235,2011,0
235,2012,0
235,2013,0
235,2014,0
235,2015,0
235,2016,0
235,2017,0
235,2018,0
235,2019,0
235,2020,0
235,2021,0
235,2022,0
236,2010,1
236,2011,0
236,2012,8
236,2013,10
236,2014,-18
236,2015,0
236,2016,0
236,2017,0
236,2018,0
236,2019,0
236,2020,0
236,2021,0
236,2022,0
237,2014,-117
237,2015,110
237,2016,-110
237,2017,41
237,2018,-40
237,2019,0
237,2020,0
237,2021,0
237,2022,0
238,2010,0
238,2011,0
238,2012,0
238,2013,0
238,2014,0
238,2015,0
238,2016,0
238,2017,0
238,2018,0
238,2019,0
238,2020,0
238,2021,0
238,2022,0
244,2010,0
244,2011,2
244,2012,-1
244,2013,-1
244,2014,0
244,2015,0
244,2016,0
244,2017,0
244,2018,0
244,2019,0
244,2020,0
244,2021,0
244,2022,0
249,2010,-3
249,2011,-1
249,2012,-1
249,2013,-1
249,2014,0
249,2015,0
249,2016,0
249,2017,0
249,2018,0
249,2019,0
249,2020,0
249,2021,0
249,2022,0
25,2010,0
25,2011,0
25,2012,0
25,2013,0
25,2014,0
25,2015,0
25,2017,0
25,2018,0
25,2019,0
25,2020,0
250,2010,0
250,2011,0
250,2012,0
250,2013,0
250,2014,2
250,2015,2
250,2016,0
250,2017,0
250,2018,0
250,2019,0
250,2020,0
250,2021,0
250,2022,0
251,2010,0
251,2011,0
251,2012,0
251,2013,0
251,2014,0
251,2015,0
251,2016,0
251,2017,0
251,2018,0
251,2019,1
251,2020,0
251,2021,0
251,2022,-1
255,2010,0
255,2011,0
255,2012,0
255,2013,25
255,2014,-19
255,2015,-11
255,2016,0
255,2017,6
255,2018,11
255,2019,7
255,2020,6
255,2021,11
255,2022,12
256,2010,0
256,2011,0
256,2012,0
256,2013,0
256,2014,2
256,2015,0
256,2016,0
256,2017,-1
256,2018,1
256,2019,0
256,2020,0
256,2021,0
256,2022,1
27,2010,-1
27,2011,-9
27,2012,-4
27,2013,12
27,2014,4
27,2015,-6
27,2016,-1
27,2017,-14
27,2018,-1
27,2019,0
27,2020,0
27,2021,0
27,2022,0
272,2010,0
272,2011,0
272,2012,0
272,2013,0
272,2014,0
272,2015,0
272,2016,0
272,2017,0
272,2018,0
272,2019,0
272,2020,0
272,2021,0
272,2022,0
273,2010,0
273,2011,0
273,2012,0
273,2013,1
273,2014,0
273,2015,1
273,2016,1
273,2017,1
273,2018,1
273,2019,5
273,2020,1
273,2021,1
273,2022,1
276,2012,0
276,2013,0
276,2014,0
276,2015,0
276,2016,0
276,2017,0
276,2018,0
276,2019,0
276,2020,0
276,2021,0
276,2022,0
277,2019,0
277,2020,0
277,2021,0
277,2022,0
28,2010,0
28,2011,0
28,2012,0
28,2013,0
28,2014,-11
28,2015,0
28,2016,0
28,2017,0
28,2018,0
28,2019,0
28,2020,0
28,2021,0
28,2022,0
29,2010,0
29,2011,-50
29,2012,-70
29,2013,-50
29,2014,-6
29,2015,0
29,2016,-5
29,2017,2
29,2018,-5
29,2019,-10
29,2020,0
29,2021,0
29,2022,0
3,2010,-1
3,2011,-1
3,2012,-1
3,2013,0
3,2014,0
3,2015,0
3,2016,0
3,2017,0
3,2018,0
3,2019,0
3,2020,0
3,2021,0
3,2022,0
32,2010,0
32,2011,0
32,2012,0
32,2013,0
32,2014,0
32,2015,0
32,2016,0
32,2017,0
32,2018,1
32,2019,1
32,2020,0
32,2021,1
32,2022,1
33,2010,7
33,2011,-8
33,2012,0
33,2013,6
33,2014,31
33,2015,-10
33,2016,4
33,2017,21
33,2018,29
33,2019,33
33,2020,33
33,2021,41
33,2022,39
35,2010,0
35,2011,0
35,2012,0
35,2013,0
35,2014,0
35,2015,0
35,2016,0
35,2017,0
35,2018,0
35,2019,0
35,2020,0
35,2021,0
35,2022,0
351,2010,-21
351,2011,-20
351,2012,10
351,2013,8
351,2014,5
351,2015,30
351,2016,129
351,2017,111
351,2018,15
351,2019,35
351,2020,19
351,2021,14
351,2022,15
37,2010,0
37,2011,0
37,2012,0
37,2013,0
37,2014,0
37,2015,0
37,2016,0
37,2017,0
37,2018,0
37,2019,0
37,2020,0
37,2021,0
37,2022,0
38,2010,0
38,2011,0
38,2012,0
38,2013,0
38,2014,0
38,2015,0
38,2016,0
38,2017,0
38,2018,0
38,2019,0
38,2020,0
38,2021,0
38,2022,0
39,2010,0
39,2011,0
39,2012,0
39,2013,0
39,2014,0
39,2015,0
39,2016,0
39,2017,0
39,2018,0
39,2019,0
39,2020,0
39,2021,0
39,2022,0
4,2010,-3
4,2011,3
4,2012,-1
4,2013,-1
4,2014,2
4,2015,0
4,2016,2
4,2017,5
4,2018,3
4,2019,3
4,2020,4
4,2021,4
4,2022,0
40,2010,0
40,2011,0
40,2012,-2
40,2013,-2
40,2014,1
40,2015,2
40,2016,2
40,2017,4
40,2018,4
40,2019,4
40,2020,0
40,2021,4
40,2022,2
41,2010,-6
41,2011,-14
41,2012,1
41,2013,2
41,2014,0
41,2015,0
41,2016,0
41,2017,0
41,2018,1
41,2019,1
41,2020,0
41,2021,2
41,2022,1
44,2010,27
44,2011,-32
44,2012,21
44,2013,28
44,2014,18
44,2015,4
44,2016,-13
44,2017,-13
44,2018,12
44,2019,50
44,2020,37
44,2021,-153
44,2022,0
45,2010,0
45,2011,0
45,2012,0
45,2013,0
45,2014,0
45,2015,0
45,2016,0
45,2017,0
45,2018,0
45,2019,0
45,2020,0
45,2021,0
45,2022,0
46,2010,0
46,2011,0
46,2012,0
46,2013,0
46,2014,0
46,2015,1
46,2016,0
46,2017,0
46,2018,0
46,2019,0
46,2020,0
46,2021,0
46,2022,0
48,2010,0
48,2011,0
48,2012,3
48,2013,-2
48,2014,1
48,2015,2
48,2016,3
48,2017,5
48,2018,1
48,2019,1
48,2020,2
48,2021,0
48,2022,0
49,2010,0
49,2011,0
49,2012,0
49,2013,0
49,2014,0
49,2015,0
49,2016,0
49,2017,2
49,2018,1
49,2019,0
49,2020,0
49,2021,0
49,2022,0
50,2010,1
50,2011,1
50,2012,-1
50,2013,-1
50,2014,-2
50,2015,-1
50,2016,0
50,2017,6
50,2018,4
50,2019,1
50,2020,3
50,2021,2
50,2022,2
5000,2010,160
5000,2011,-481
5000,2012,-197
5000,2013,20
5000,2014,444
5000,2015,779
5000,2016,218
5000,2017,199
5000,2018,448
5000,2019,649
5000,2020,382
5000,2021,-135
5000,2022,500
5100,2010,-6
5100,2011,-92
5100,2012,-74
5100,2013,-38
5100,2014,22
5100,2015,74
5100,2016,17
5100,2017,48
5100,2018,63
5100,2019,47
5100,2020,41
5100,2021,43
5100,2022,59
5101,2010,-3
5101,2011,-48
5101,2012,-72
5101,2013,-48
5101,2014,-7
5101,2015,7
5101,2016,-10
5101,2017,3
5101,2018,11
5101,2019,5
5101,2020,21
5101,2021,-12
5101,2022,-4
5102,2010,0
5102,2011,0
5102,2012,0
5102,2013,0
5102,2014,2
5102,2015,6
5102,2016,1
5102,2017,0
5102,2018,1
5102,2019,1
5102,2020,1
5102,2021,1
5102,2022,1
5103,2010,-5
5103,2011,-50
5103,2012,-2
5103,2013,11
5103,2014,23
5103,2015,33
5103,2016,-9
5103,2017,11
5103,2018,15
5103,2019,-3
5103,2020,0
5103,2021,10
5103,2022,8
5104,2010,3
5104,2011,3
5104,2012,0
5104,2013,-2
5104,2014,-4
5104,2015,9
5104,2016,8
5104,2017,6
5104,2018,9
5104,2019,15
5104,2020,10
5104,2021,-29
5104,2022,-13
5105,2010,-1
5105,2011,3
5105,2012,0
5105,2013,0
5105,2014,8
5105,2015,18
5105,2016,27
5105,2017,28
5105,2018,28
5105,2019,29
5105,2020,9
5105,2021,73
5105,2022,66
52,2011,0
52,2012,1
52,2013,-1
52,2014,3
52,2015,3
52,2016,4
52,2017,5
52,2018,6
52,2019,6
52,2020,6
52,2021,8
52,2022,10
5200,2010,308
5200,2011,-253
5200,2012,13
5200,2013,-14
5200,2014,499
5200,2015,260
5200,2016,-82
5200,2017,-299
5200,2018,38
5200,2019,140
5200,2020,220
5200,2021,-303
5200,2022,240
5203,2010,7
5203,2011,-8
5203,2012,0
5203,2013,6
5203,2014,54
5203,2015,66
5203,2016,55
5203,2017,146
5203,2018,27
5203,2019,142
5203,2020,23
5203,2021,31
5203,2022,111
5204,2010,44
5204,2011,6
5204,2012,-17
5204,2013,-17
5204,2014,34
5204,2015,9
5204,2016,28
5204,2017,-26
5204,2018,-9
5204,2019,-17
5204,2020,39
5204,2021,-18
5204,2022,2
5206,2010,-1
5206,2011,-2
5206,2012,6
5206,2013,-2
5206,2014,-1
5206,2015,1
5206,2016,0
5206,2017,3
5206,2018,1
5206,2019,4
5206,2020,1
5206,2021,3
5206,2022,3
5207,2010,258
5207,2011,-249
5207,2012,24
5207,2013,-1
5207,2014,411
5207,2015,183
5207,2016,-165
5207,2017,-422
5207,2018,19
5207,2019,10
5207,2020,157
5207,2021,-318
5207,2022,123
53,2010,0
53,2011,0
53,2012,0
53,2013,0
53,2014,0
53,2015,0
53,2016,0
53,2017,0
53,2018,2
53,2019,0
53,2020,1
53,2021,2
53,2022,2
5300,2010,-151
5300,2011,-106
5300,2012,-59
5300,2013,117
5300,2014,-43
5300,2015,354
5300,2016,167
5300,2017,320
5300,2018,204
5300,2019,309
5300,2020,-24
5300,2021,71
5300,2022,69
5301,2010,-1
5301,2011,3
5301,2012,1
5301,2013,9
5301,2014,-9
5301,2015,-4
5301,2016,3
5301,2017,0
5301,2018,6
5301,2019,4
5301,2020,4
5301,2021,4
5301,2022,9
5302,2010,-64
5302,2011,4
5302,2012,-15
5302,2013,69
5302,2014,24
5302,2015,50
5302,2016,137
5302,2017,140
5302,2018,45
5302,2019,89
5302,2020,29
5302,2021,30
5302,2022,39
5303,2010,0
5303,2011,-46
5303,2012,-15
5303,2013,-13
5303,2014,0
5303,2015,60
5303,2016,19
5303,2017,6
5303,2018,32
5303,2019,-3
5303,2020,-55
5303,2021,-2
5303,2022,-49
5304,2010,-59
5304,2011,-58
5304,2012,3
5304,2013,39
5304,2014,-130
5304,2015,111
5304,2016,-101
5304,2017,35
5304,2018,8
5304,2019,127
5304,2020,-38
5304,2021,-59
5304,2022,-35
5305,2010,-28
5305,2011,-8
5305,2012,-32
5305,2013,13
5305,2014,73
5305,2015,137
5305,2016,109
5305,2017,139
5305,2018,113
5305,2019,92
5305,2020,36
5305,2021,98
5305,2022,105
54,2010,1
54,2011,2
54,2012,4
54,2013,8
54,2014,-7
54,2015,-8
54,2016,0
54,2017,0
54,2018,0
54,2019,0
54,2020,0
54,2021,0
54,2022,0
5400,2010,8
5400,2011,-19
5400,2012,-47
5400,2013,-13
5400,2014,-37
5400,2015,79
5400,2016,116
5400,2017,142
5400,2018,143
5400,2019,151
5400,2020,146
5400,2021,48
5400,2022,126
5401,2010,-36
5401,2011,-23
5401,2012,-12
5401,2013,31
5401,2014,-88
5401,2015,50
5401,2016,35
5401,2017,56
5401,2018,83
5401,2019,92
5401,2020,75
5401,2021,57
5401,2022,44
5402,2010,4
5402,2011,-21
5402,2012,2
5402,2013,11
5402,2014,8
5402,2015,61
5402,2016,30
5402,2017,92
5402,2018,49
5402,2019,42
5402,2020,45
5402,2021,-47
5402,2022,41
5403,2010,-22
5403,2011,-11
5403,2012,-2
5403,2013,4
5403,2014,18
5403,2015,-16
5403,2016,22
5403,2017,-39
5403,2018,3
5403,2019,27
5403,2020,15
5403,2021,20
5403,2022,19
5404,2010,62
5404,2011,35
5404,2012,-35
5404,2013,-58
5404,2014,25
5404,2015,-16
5404,2016,30
5404,2017,33
5404,2018,8
5404,2019,-9
5404,2020,11
5404,2021,18
5404,2022,21
55,2010,0
55,2011,0
55,2012,0
55,2013,0
55,2014,0
55,2015,0
55,2016,0
55,2017,0
55,2018,0
55,2019,0
55,2020,0
55,2021,0
55,2022,0
5500,2010,1
5500,2011,-10
5500,2012,-30
5500,2013,-31
5500,2014,4
5500,2015,13
5500,2016,0
5500,2017,-11
5500,2018,0
5500,2019,2
5500,2020,-2
5500,2021,7
5500,2022,6
5501,2010,1
5501,2011,-11
5501,2012,-28
5501,2013,-32
5501,2014,0
5501,2015,0
5501,2016,0
5501,2017,0
5501,2018,0
5501,2019,0
5501,2020,0
5501,2021,0
5501,2022,0
5502,2010,0
5502,2011,-2
5502,2012,0
5502,2013,1
5502,2014,4
5502,2015,13
5502,2016,0
5502,2017,-11
5502,2018,0
5502,2019,1
5502,2020,-2
5502,2021,7
5502,2022,6
5503,2011,0
5503,2014,0
5503,2015,0
5503,2016,0
5503,2017,0
5503,2018,0
5503,2019,1
5503,2020,0
5503,2021,0
5503,2022,0
5504,2010,0
5504,2011,3
5504,2012,-2
5504,2013,-1
5504,2014,0
5504,2015,0
5504,2016,0
5504,2017,0
5504,2018,0
5504,2019,0
5504,2020,0
5504,2021,0
5504,2022,0
56,2010,0
56,2011,0
56,2012,6
56,2013,-3
56,2014,0
56,2015,0
56,2016,0
56,2017,0
56,2018,0
56,2019,4
56,2020,2
56,2021,2
56,2022,2
57,2010,3
57,2011,-4
57,2012,2
57,2013,1
57,2014,19
57,2015,20
57,2016,16
57,2017,20
57,2018,17
57,2019,15
57,2020,3
57,2021,3
57,2022,21
5707,2010,21
5707,2011,13
5707,2012,-46
5707,2013,-14
5707,2014,17
5707,2015,-41
5707,2016,55
5707,2017,15
5707,2018,52
5707,2019,81
5707,2020,99
5707,2021,88
5707,2022,39
58,2010,0
58,2011,0
58,2012,0
58,2013,0
58,2014,0
58,2015,0
58,2016,0
58,2017,0
58,2018,0
58,2019,0
58,2020,0
58,2021,-2
58,2022,0
5801,2010,-2
5801,2011,-47
5801,2012,-74
5801,2013,-44
5801,2014,-1
5801,2015,28
5801,2016,15
5801,2017,24
5801,2018,42
5801,2019,39
5801,2020,31
5801,2021,42
5801,2022,59
5802,2010,1
5802,2011,-39
5802,2012,-68
5802,2013,-35
5802,2014,-13
5802,2015,15
5802,2016,17
5802,2017,25
5802,2018,37
5802,2019,24
5802,2020,46
5802,2021,-23
5802,2022,24
5803,2010,0
5803,2011,-5
5803,2012,2
5803,2013,3
5803,2014,10
5803,2015,17
5803,2016,14
5803,2017,-13
5803,2018,4
5803,2019,9
5803,2020,7
5803,2021,10
5803,2022,8
5815,2010,-8
5815,2011,-42
5815,2012,-78
5815,2013,-47
5815,2014,4
5815,2015,21
5815,2016,10
5815,2017,27
5815,2018,39
5815,2019,38
5815,2020,30
5815,2021,75
5815,2022,74
5817,2010,1
5817,2011,-104
5817,2012,-68
5817,2013,-24
5817,2014,10
5817,2015,74
5817,2016,22
5817,2017,43
5817,2018,62
5817,2019,33
5817,2020,55
5817,2021,37
5817,2022,88
59,2010,-1
59,2011,-36
59,2012,0
59,2013,0
59,2014,19
59,2015,28
59,2016,-17
59,2017,2
59,2018,3
59,2019,-13
59,2020,-12
59,2021,-3
59,2022,0
60,2010,0
60,2011,1
60,2012,-1
60,2013,0
60,2014,0
60,2015,-1
60,2016,0
60,2017,0
60,2018,-1
60,2019,1
60,2020,0
60,2021,0
60,2022,0
63,2010,0
63,2011,0
63,2012,0
63,2013,0
63,2014,-1
63,2015,1
63,2016,3
63,2017,1
63,2018,0
63,2019,0
63,2020,0
63,2021,0
63,2022,0
66,2010,0
66,2011,0
66,2012,0
66,2013,0
66,2014,0
66,2015,0
66,2016,0
66,2017,0
66,2018,0
66,2019,0
66,2020,0
66,2021,0
66,2022,0
67,2010,0
67,2011,0
67,2012,0
67,2013,3
67,2014,-4
67,2015,0
67,2016,4
67,2017,-2
67,2018,1
67,2019,1
67,2020,0
67,2021,0
67,2022,0
68,2010,11
68,2011,20
68,2012,8
68,2013,-7
68,2014,11
68,2015,-9
68,2016,-10
68,2017,0
68,2018,0
68,2019,0
68,2020,0
68,2021,0
68,2022,0
7,2010,0
7,2011,0
7,2012,0
7,2013,0
7,2014,0
7,2015,3
7,2016,0
7,2017,0
7,2018,-1
7,2019,0
7,2020,0
7,2021,0
7,2022,0
70,2010,0
70,2011,0
70,2012,0
70,2013,0
70,2014,0
70,2015,0
70,2016,0
70,2017,0
70,2018,0
70,2019,0
70,2020,0
70,2021,0
70,2022,0
72,2010,-1
72,2012,-1
72,2013,1
73,2010,-1
73,2011,0
73,2012,0
73,2013,2
73,2014,1
73,2015,0
73,2016,2
73,2017,2
73,2018,2
73,2019,2
73,2020,2
73,2021,2
73,2022,3
74,2010,0
74,2011,0
74,2012,0
74,2013,0
74,2014,0
74,2015,0
74,2016,0
74,2017,0
74,2018,0
74,2019,0
74,2020,0
74,2021,0
74,2022,0
75,2010,0
75,2011,0
75,2012,0
75,2013,0
75,2014,0
75,2015,0
75,2016,0
75,2017,0
75,2018,0
75,2019,0
75,2020,0
75,2021,0
75,2022,0
79,2010,45
79,2011,45
79,2012,-30
79,2013,-61
79,2014,-3
79,2015,-32
79,2016,-28
79,2017,-30
79,2018,0
79,2019,0
79,2020,0
79,2021,0
79,2022,0
8,2010,0
8,2011,0
8,2012,0
8,2013,0
8,2014,0
8,2015,0
8,2016,0
8,2017,0
8,2018,1
8,2019,1
8,2020,0
8,2021,0
8,2022,0
80,2010,-9
80,2011,-4
80,2012,-1
80,2013,-2
80,2014,0
80,2015,0
80,2016,0
80,2017,0
80,2018,0
80,2019,0
80,2020,0
80,2021,0
80,2022,0
81,2010,0
81,2011,0
81,2012,0
81,2013,0
81,2014,0
81,2015,1
81,2016,-1
81,2017,0
81,2018,0
81,2019,0
81,2020,0
81,2021,0
81,2022,0
83,2011,0
83,2014,0
83,2015,0
83,2016,0
83,2017,0
83,2018,0
83,2020,0
83,2021,0
83,2022,0
84,2010,0
84,2011,0
84,2012,0
84,2013,0
84,2014,1
84,2015,-5
84,2016,14
84,2017,-4
84,2018,14
84,2019,12
84,2020,7
84,2021,11
84,2022,11
86,2010,0
86,2011,0
86,2012,0
86,2013,0
86,2014,0
86,2015,0
86,2016,0
86,2017,0
86,2019,0
86,2020,0
86,2021,0
86,2022,0
89,2010,0
89,2011,-1
89,2012,9
89,2013,-8
89,2014,3
89,2015,-10
89,2016,5
89,2017,5
89,2018,10
89,2019,-2
89,2020,12
89,2021,-1
89,2022,-5
9,2010,3
9,2011,4
9,2012,-3
9,2013,-2
9,2014,0
9,2015,0
9,2016,0
9,2017,0
9,2018,0
9,2019,0
9,2020,0
9,2021,0
9,2022,0
90,2010,0
90,2011,3
90,2012,0
90,2013,-1
90,2014,5
90,2015,2
90,2016,7
90,2017,9
90,2018,10
90,2019,22
90,2020,0
90,2021,61
90,2022,58
91,2010,0
91,2011,0
91,2012,0
91,2013,0
91,2014,1
91,2015,2
91,2016,3
91,2017,2
91,2018,3
91,2019,3
91,2020,0
91,2021,0
91,2022,0
93,2010,0
93,2011,0
93,2012,0
93,2013,0
93,2014,0
93,2015,0
93,2016,0
93,2017,0
93,2018,0
93,2019,0
93,2020,0
93,2021,0
93,2022,0
95,2010,10
95,2011,-11
95,2012,4
95,2013,3
95,2014,10
95,2015,2
95,2016,-2
95,2017,-1
95,2018,2
95,2019,-9
95,2020,13
95,2021,-19
95,2022,0
96,2010,-12
96,2011,-6
96,2012,8
96,2013,6
96,2014,2
96,2015,21
96,2016,121
96,2017,102
96,2018,2
96,2019,26
96,2020,8
96,2021,8
96,2022,11
97,2010,-6
97,2011,-20
97,2012,-3
97,2013,0
97,2014,-19
97,2015,-14
97,2016,-4
97,2017,3
97,2018,0
97,2019,0
97,2020,0
97,2021,0
97,2022,0
98,2014,-4
98,2015,0
98,2016,0
98,2017,0
98,2018,0
98,2019,1
98,2020,1
98,2021,2
98,2022,2
99,2010,0
99,2011,0
99,2012,0
99,2013,0
99,2014,0
99,2015,0
99,2016,0
99,2017,0
99,2018,0
99,2019,0
99,2020,0
99,2021,0
99,2022,0
