geo,year,scl_mixes_and_doughs_for_the_preparation_of_bakers_wares_calories_year
10,2019,18635.68
10,2020,30401.29
10,2021,19162.61
10,2022,28026.91
100,2010,0
100,2011,766.51
100,2012,0
100,2013,803.84
100,2014,830.12
100,2015,855.66
100,2016,879.73
100,2017,105.28
100,2018,0
100,2019,0
100,2020,0
100,2021,0
100,2022,0
101,2010,0
101,2011,4661.71
101,2012,5820.35
101,2013,5604.91
101,2014,5036.85
101,2015,5153.93
101,2016,5273.98
101,2017,7458.44
101,2018,14153.58
101,2019,6809.49
101,2020,1944.53
101,2021,7752.48
101,2022,5203.08
102,2010,1146.51
102,2011,331.33
102,2012,457.62
102,2013,329.51
102,2014,34.71
102,2015,313.82
102,2016,668.01
102,2017,507.23
102,2018,338.25
102,2019,326.53
102,2020,119.19
102,2021,270.38
102,2022,273.93
103,2014,254.8
103,2015,7693.12
103,2016,7295.57
103,2017,9403.68
103,2018,9909.39
103,2019,11261.2
103,2020,17604.46
103,2021,13282.97
103,2022,12782.28
104,2010,157638.88
104,2011,197454.32
104,2012,226991.52
104,2013,222934.32
104,2014,214742.94
104,2015,211672.56
104,2016,212791.39
104,2017,214085.71
104,2018,210777.92
104,2019,140385.35
104,2020,122176.9
104,2021,75826.61
104,2022,69197.28
105,2010,2797.46
105,2011,2823.44
105,2012,2867.52
105,2013,3358.66
105,2014,3146.14
105,2015,6312.46
105,2016,4056.72
105,2017,3664.28
105,2018,2967.07
105,2019,4944.12
105,2020,8478.52
105,2021,11794.39
105,2022,12475.25
106,2010,183750
106,2011,182287.84
106,2012,176921.36
106,2013,180343.52
106,2014,182811.16
106,2015,182929.76
106,2016,182746.34
106,2017,182006.52
106,2018,181313.25
106,2019,221722.82
106,2020,231622.29
106,2021,352339.4
106,2022,330820.61
107,2010,634.14
107,2011,624.77
107,2012,669.45
107,2013,1119.55
107,2014,760.68
107,2015,808.97
107,2016,858.56
107,2017,1470.35
107,2018,1796.69
107,2019,1454.24
107,2020,1498.95
107,2021,2504.35
107,2022,1837
108,2010,2031.53
108,2011,2016.52
108,2012,2029.23
108,2013,2276.74
108,2014,2053.89
108,2015,2088.36
108,2016,2122.34
108,2017,2632.56
108,2018,2406.14
108,2019,2881.68
108,2020,3712.95
108,2021,6169.11
108,2022,8096.05
109,2010,7768.77
109,2011,9609.7
109,2012,9630.19
109,2013,9683.93
109,2014,9934.8
109,2015,8309.6
109,2016,11175.01
109,2017,10906.21
109,2018,11778.56
109,2019,13097.08
109,2020,11604.18
109,2021,11939.33
109,2022,13765.84
110,2010,158183.44
110,2011,158142.97
110,2012,157804.67
110,2013,157341.48
110,2014,157102.14
110,2015,156682.69
110,2016,156226.64
110,2017,155598.73
110,2018,155120.36
110,2019,142129.44
110,2020,151168.05
110,2021,149863.77
110,2022,150831.37
112,2010,1994.84
112,2011,2110.95
112,2012,2234.79
112,2013,2358.84
112,2014,4198.59
112,2015,3427.46
112,2016,1145.29
112,2017,2479.48
112,2018,3055.87
112,2019,3469.66
112,2020,3493.01
112,2021,0
112,2022,0
114,2010,531.61
114,2011,560.65
114,2012,584.15
114,2013,613.99
114,2014,608.92
114,2015,639.58
114,2016,783.72
114,2017,2383.94
114,2018,1297.63
114,2019,3554.37
114,2020,2688.78
114,2021,3273.33
114,2022,3217
115,2010,211.4
115,2011,78.27
115,2012,7.74
115,2013,87.67
115,2014,1655.11
115,2015,1353.46
115,2016,2046.44
115,2017,1567.49
115,2018,1461.68
115,2019,2744.26
115,2020,2019.16
115,2021,1922.4
115,2022,2167.46
116,2014,16.52
116,2015,249.54
116,2016,0.54
116,2017,79.55
116,2018,97.48
117,2021,14429.52
117,2022,5559.04
118,2010,18866.76
118,2011,20119.34
118,2012,21304.54
118,2013,24059.39
118,2014,23141.17
118,2015,23950.44
118,2016,24673.84
118,2017,24978.44
118,2018,23842.13
118,2019,20549.45
118,2020,21904.23
118,2021,23270.95
118,2022,25275.2
119,2020,795.01
119,2021,5742.84
119,2022,7214.2
12,2010,1884.25
12,2011,1802.42
12,2012,1378.43
12,2013,1212.22
12,2014,1330.83
12,2015,850.96
12,2016,1501.81
12,2017,1434.65
12,2018,1660.64
12,2019,1533.46
12,2020,989.11
12,2021,935.69
12,2022,1262.87
120,2014,37.87
120,2016,6.11
120,2017,107.89
120,2018,129.11
120,2019,11.26
120,2020,28.13
120,2021,21.38
120,2022,137.61
121,2010,4046.12
121,2011,5844.72
121,2012,4379.79
121,2013,4713.15
121,2014,4824.8
121,2015,7268.79
121,2016,9625.87
121,2017,10995.76
121,2018,11982.75
121,2019,9179.81
121,2020,1732.2
121,2021,1378.09
121,2022,1578.89
122,2014,472.74
122,2015,737.52
122,2016,891.32
122,2017,499.48
122,2018,758.78
122,2019,1361
122,2020,1919.43
122,2021,1513.67
122,2022,1560.33
123,2014,79.69
123,2015,104.62
123,2016,63.83
123,2017,35.96
123,2018,41.41
123,2019,182.6
123,2020,97.72
123,2021,314.19
123,2022,112.97
124,2010,1047.98
124,2011,878.21
124,2012,1850.24
124,2013,1828.29
124,2014,2846.48
124,2015,2533.81
124,2016,3109.77
124,2017,1941.49
124,2018,961.33
124,2019,2183.12
124,2020,1645.61
124,2021,2918.55
124,2022,2800.57
126,2010,0
126,2011,0
126,2012,0
126,2013,0
126,2014,0
126,2015,0
126,2016,0
126,2017,0
126,2018,0
126,2019,0
126,2020,0
126,2021,0
126,2022,0
127,2019,369.56
127,2020,58.78
128,2010,499.53
128,2011,501.67
128,2012,510.28
128,2013,517.85
128,2014,532.22
128,2015,559.47
128,2016,571.75
128,2017,576.86
128,2018,582.55
128,2019,1657.09
128,2020,1402.74
128,2021,1732.53
128,2022,2346.55
129,2010,297.92
129,2011,595.84
129,2012,270.48
129,2013,893.76
129,2014,909.32
129,2015,1505.41
129,2016,710.27
129,2017,495.79
129,2018,1366.6
129,2019,1188.79
129,2020,121.7
129,2021,289.02
129,2022,299.71
13,2019,8344.8
13,2020,8657.46
13,2021,8708.73
13,2022,8847.1
130,2010,1245.17
130,2011,178.24
130,2012,175.94
130,2013,188.17
130,2014,201.79
130,2015,207.45
130,2016,213.68
130,2017,225.57
130,2018,231.89
130,2019,560.83
130,2020,516.87
130,2021,829.95
130,2022,241.05
131,2010,5288.08
131,2011,4445.28
131,2012,8251.6
131,2013,4939.2
131,2014,3283.07
131,2015,5789.1
131,2016,2388.25
131,2017,18737.54
131,2018,21020.37
131,2019,8039.86
131,2020,4576.84
131,2021,3529.25
131,2022,4290.83
133,2010,117.6
133,2011,432.6
133,2012,109.18
133,2013,116
133,2014,205.64
133,2015,121.39
133,2016,70.08
133,2017,299.87
133,2018,246.43
133,2019,133.79
133,2020,497.64
133,2021,803.95
133,2022,873.45
134,2010,640.69
134,2011,534.96
134,2012,650.95
134,2013,655.33
134,2014,2044.59
134,2015,3025.22
134,2016,765.22
134,2017,1866.7
134,2018,1645.09
134,2019,811.7
134,2020,0
134,2021,674.1
134,2022,0
136,2010,3432.26
136,2011,1976.89
136,2012,2047.95
136,2013,2122.59
136,2014,2198.41
136,2015,2263.68
136,2016,2323.78
136,2017,2393.01
136,2018,2460.41
136,2019,3859.05
136,2020,2706.23
136,2021,1222.44
136,2022,224.92
137,2010,475.13
137,2011,683.71
137,2012,480.64
137,2013,482.94
137,2014,475.26
137,2015,521.36
137,2016,466.84
137,2017,604.5
137,2018,607.83
137,2019,1537.54
137,2020,761.98
137,2021,672.7
137,2022,965.63
138,2010,145881.43
138,2011,149239.59
138,2012,152626.68
138,2013,154666.06
138,2014,157679.97
138,2015,160916.73
138,2016,163955.22
138,2017,147137.97
138,2018,148025.09
138,2019,151515.67
138,2020,226320.59
138,2021,172727.6
138,2022,185843.62
14,2010,2469.03
14,2011,2477.14
14,2012,2483.45
14,2013,2488.27
14,2014,2100.05
14,2015,2547.18
14,2016,2846.97
14,2017,2884.81
14,2018,2633.83
14,2019,2542.54
14,2020,2893.29
14,2021,2842.45
14,2022,2694.42
141,2010,218.25
141,2011,232.13
141,2012,243.76
141,2013,275.97
141,2014,265.59
141,2015,271.17
141,2016,275.61
141,2017,283.39
141,2018,369
141,2019,549.49
141,2020,524.3
141,2021,972.01
141,2022,646.62
143,2010,1368.08
143,2011,0
143,2012,1078
143,2013,1238.72
143,2014,853.84
143,2015,862.67
143,2016,872.47
143,2017,2577.4
143,2018,2575.81
143,2019,2978.26
143,2020,4193.74
143,2021,4332.32
143,2022,4268.82
144,2010,0
144,2011,0
144,2012,1347.17
144,2013,1444.65
144,2014,2688.65
144,2015,2294.14
144,2016,2017.57
144,2017,3373.39
144,2018,4188.32
144,2019,4859.89
144,2020,7285.34
144,2021,6983.33
144,2022,2664.15
145,2019,3457.19
145,2020,3763.85
145,2021,2260.99
145,2022,2251.65
146,2010,595.84
146,2011,580.16
146,2012,533.12
146,2013,508.03
146,2014,367.77
146,2015,334.49
146,2016,513.73
146,2017,435.69
146,2018,603.12
146,2019,1040.4
146,2020,213.54
146,2021,184.11
146,2022,373.34
147,2010,3.92
147,2011,7.84
147,2012,1134.03
147,2013,1159.15
147,2014,719.73
147,2015,735.45
147,2016,2185.25
147,2017,1612.59
147,2018,1982.72
147,2019,3879.21
147,2020,6590.11
147,2021,5844.92
147,2022,4601.81
148,2019,12.1
148,2020,6.86
148,2021,4.29
148,2022,5.55
149,2010,54.86
149,2011,266.43
149,2012,313.5
149,2013,172.41
149,2014,374.2
149,2015,491.82
149,2016,623.91
149,2017,530.8
149,2018,887.78
149,2019,580.31
149,2020,1046.03
149,2021,1814.46
149,2022,2120.91
150,2010,1928.64
150,2011,13018.32
150,2012,54978
150,2013,77529.76
150,2014,48679.86
150,2015,48434.14
150,2016,48186
150,2017,47764.53
150,2018,47531.32
150,2019,61997.28
150,2020,73217.01
150,2021,52336.87
150,2022,74361.45
153,2010,2332.85
153,2011,2324.39
153,2012,2149.5
153,2013,2021.66
153,2014,2423.17
153,2015,2447.49
153,2016,1323.84
153,2017,1133.87
153,2018,1055.66
153,2019,1086.23
153,2020,1117.73
153,2021,1188.28
153,2022,1076.9
154,2010,1211.28
154,2011,1203.44
154,2012,1356.32
154,2013,1873.76
154,2014,1498.74
154,2015,1510.83
154,2016,1520.23
154,2017,1521.69
154,2018,1530.18
154,2019,1819.18
154,2020,2346.29
154,2021,3961.88
154,2022,5232.54
155,2010,196.12
155,2011,129.35
155,2012,132.17
155,2013,135.24
155,2014,131.04
155,2015,133.47
155,2016,141.93
155,2017,138.84
155,2018,441.65
155,2019,829.78
155,2020,548.63
155,2021,258.17
155,2022,257.06
156,2010,0
156,2011,0
156,2012,0
156,2013,0
156,2014,0
156,2015,0
156,2016,0
156,2017,0
156,2018,0
156,2019,0
156,2020,0
156,2021,0
156,2022,0
157,2010,6129.65
157,2011,6424.09
157,2012,6740.44
157,2013,6999.04
157,2014,7259.74
157,2015,7533.98
157,2016,7810.39
157,2017,8105.2
157,2018,7903.62
157,2019,12068.53
157,2020,13202.66
157,2021,14871.81
157,2022,16594.59
158,2010,46.73
158,2011,66.95
158,2012,105.9
158,2013,82.26
158,2014,93.83
158,2015,97.54
158,2016,89.17
158,2017,108.55
158,2018,117.03
158,2019,173.08
158,2020,472.3
158,2021,248.13
158,2022,107.16
159,2010,1263.93
159,2011,1306.91
159,2012,1348.87
159,2013,1396.88
159,2014,1476.26
159,2015,1515.33
159,2016,1476.19
159,2017,1479.67
159,2018,1506.62
159,2019,1639.47
159,2020,546.73
159,2021,1116.73
159,2022,1232.53
16,2010,1187.76
16,2011,1089.76
16,2012,1089.76
16,2013,871.81
16,2014,686.37
16,2015,1115.37
16,2016,0
16,2017,0
16,2018,0
16,2019,0
16,2020,0
16,2021,0
16,2022,0
162,2010,40841.57
162,2011,41388.64
162,2012,41819.72
162,2013,42390.44
162,2014,42848.7
162,2015,43256.2
162,2016,43672.02
162,2017,43941.71
162,2018,44247.26
162,2019,46498.17
162,2020,46685.81
162,2021,70919.82
162,2022,84206.42
165,2010,509.6
165,2011,599.76
165,2012,591.92
165,2013,1274
165,2014,962.04
165,2015,1204.11
165,2016,1164.56
165,2017,1330.65
165,2018,1475.14
165,2019,1722.69
165,2020,459.3
165,2021,165.95
165,2022,1002.51
166,2010,14521.76
166,2011,15071.08
166,2012,17354.46
166,2013,15980.44
166,2014,18363.61
166,2015,16150.65
166,2016,15915.37
166,2017,15870.2
166,2018,18809.27
166,2019,22096.86
166,2020,27127.43
166,2021,28401.63
166,2022,24154.6
167,2010,55256.32
167,2011,111018.32
167,2012,45844.4
167,2013,50963.92
167,2014,61911.12
167,2015,47575.9
167,2016,67541.4
167,2017,62563.29
167,2018,45286.96
167,2019,27469.74
167,2020,29351.45
167,2021,34638.04
167,2022,32216.1
168,2010,4896.08
168,2011,4794.16
168,2012,4790.64
168,2013,4676.94
168,2014,5150.95
168,2015,4049.45
168,2016,4476.31
168,2017,5516.8
168,2018,5149.34
168,2019,5472.11
168,2020,4403.31
168,2021,3374.01
168,2022,6069.9
169,2010,2152.08
169,2011,1960
169,2012,2928.24
169,2013,2038.4
169,2014,444.97
169,2015,374.47
169,2016,452
169,2017,393.94
169,2018,0
169,2019,0
169,2020,0
169,2021,0
169,2022,0
170,2010,890
170,2011,907.12
170,2012,924.32
170,2013,941.88
170,2014,953.33
170,2015,969.11
170,2016,988.12
170,2017,1006.45
170,2018,5181.97
170,2019,2469.48
170,2020,1038.84
170,2021,0
170,2022,0
171,2010,11203.45
171,2011,11438.46
171,2012,13265.28
171,2013,18894.4
171,2014,11714
171,2015,18621.87
171,2016,25578.17
171,2017,28068.66
171,2018,29604.66
171,2019,52405.41
171,2020,63694.74
171,2021,78884.51
171,2022,29812.62
173,2010,82158.63
173,2011,81228.04
173,2012,83093.98
173,2013,80415.5
173,2014,79635.06
173,2015,78906.52
173,2016,78357.78
173,2017,77543.37
173,2018,76687.3
173,2019,18633.29
173,2020,36653.65
173,2021,41281.54
173,2022,54639.12
174,2010,0
174,2011,729.12
174,2012,6718.88
174,2013,5494.27
174,2014,0
174,2015,0
174,2016,0
174,2017,0
174,2018,0
174,2019,0
174,2020,0
174,2021,0
174,2022,0
175,2014,0.39
175,2015,0.85
175,2016,13.17
175,2017,9.42
175,2018,0.14
175,2019,5.37
175,2020,9.09
175,2021,8.17
175,2022,569.11
176,2015,264.73
176,2016,258.02
176,2017,20.34
176,2018,184.99
176,2019,322.39
176,2020,245.97
176,2021,121.37
176,2022,101.02
179,2019,15533.76
179,2020,16096.85
179,2021,14302.02
179,2022,18618.63
18,2019,13.11
18,2020,6.03
18,2021,34.66
18,2022,60.71
181,2010,2940
181,2011,4645.2
181,2012,4096.98
181,2013,3066.42
181,2014,3136
181,2015,2744
181,2016,1018.51
181,2017,1100.68
181,2018,0
181,2019,0
181,2020,0
181,2021,0
181,2022,0
183,2010,21705.04
183,2011,23625.84
183,2012,28208.32
183,2013,38061.63
183,2014,27417.35
183,2015,27145.36
183,2016,26825.35
183,2017,24862.04
183,2018,24933.47
183,2019,41924.19
183,2020,55560.16
183,2021,64082.56
183,2022,38168.77
184,2010,70.56
184,2011,207.76
184,2012,269.97
184,2013,110.27
184,2014,99.66
184,2015,30.37
184,2016,231.98
184,2017,113.99
184,2018,0
184,2019,1.99
184,2020,19.89
184,2021,0
184,2022,65.34
185,2019,9800
185,2020,27411.7
185,2021,29354.48
185,2022,20841.47
188,2014,94.97
188,2015,52.63
188,2017,101.92
188,2018,32.56
188,2019,39.05
188,2020,4.62
188,2021,53.01
188,2022,116.26
189,2010,491.3
189,2011,495.22
189,2012,499.43
189,2013,502.34
189,2014,504.31
189,2015,505.93
189,2016,508.37
189,2017,509.78
189,2018,512.29
189,2019,647.18
189,2020,547.24
189,2021,223.73
189,2022,239.49
19,2010,107394.07
19,2011,109342.48
19,2012,111298.07
19,2013,212708.61
19,2014,118417.14
19,2015,116327.78
19,2016,117130.11
19,2017,114924.38
19,2018,116154.89
19,2019,99791.66
19,2020,103718.31
19,2021,74075.88
19,2022,89965.12
191,2010,263.48
191,2011,370.72
191,2012,405.18
191,2013,304.91
191,2014,253.91
191,2015,281.7
191,2016,268.97
191,2017,276.85
191,2018,220.24
191,2019,292.82
191,2020,73.36
191,2021,275.73
191,2022,103.95
193,2010,22.3
193,2011,20.43
193,2012,20.88
193,2013,21.35
193,2014,21.87
193,2015,22.33
193,2016,22.71
193,2017,23.19
193,2018,23.65
193,2019,54.79
193,2020,61.32
193,2021,18.36
193,2022,15.42
194,2010,33735.52
194,2011,40940.48
194,2012,59486
194,2013,60807.04
194,2014,75173.84
194,2015,75119.1
194,2016,74832.8
194,2017,80422.48
194,2018,81755.11
194,2019,81743.53
194,2020,77917.17
194,2021,108666.94
194,2022,114743.27
195,2010,390.93
195,2011,365.63
195,2012,483.52
195,2013,388.29
195,2014,400.3
195,2015,414.74
195,2016,429.52
195,2017,444.91
195,2018,767.37
195,2019,2007.03
195,2020,1420.26
195,2021,1364.88
195,2022,1903.65
196,2010,9.25
196,2011,64.24
196,2012,65.12
196,2013,66.35
196,2014,252.54
196,2015,412.47
196,2016,517.74
196,2017,606.09
196,2018,684.78
196,2019,705.14
196,2020,1064.94
196,2021,709.22
196,2022,429.28
197,2014,18.12
197,2015,22.43
197,2016,20.69
197,2017,27.57
197,2018,30.58
197,2020,45.22
197,2021,60.07
197,2022,36.13
198,2010,10199.29
198,2011,7073.8
198,2012,8766.45
198,2013,10099.1
198,2014,8675.93
198,2015,8673.84
198,2016,8661.2
198,2017,8630.93
198,2018,8600.2
198,2019,11046.63
198,2020,11400.79
198,2021,13051.51
198,2022,14227.59
199,2010,12234.32
199,2011,12018.72
199,2012,9133.6
199,2013,19380.48
199,2014,13493.01
199,2015,13461.56
199,2016,17770.22
199,2017,41453.44
199,2018,43391.4
199,2019,45164.48
199,2020,39775.37
199,2021,35574.76
199,2022,42692.23
2,2014,1365.71
2,2015,1023.62
2,2016,318.55
2,2017,526.85
2,2018,595.29
2,2019,761.53
2,2020,601.07
2,2021,401.2
2,2022,13.47
20,2010,11403.9
20,2011,9449.52
20,2012,9593.6
20,2013,9800.26
20,2014,6422.69
20,2015,11364.79
20,2016,14696.15
20,2017,14698.46
20,2018,14467.81
20,2019,13978.43
20,2020,15554.7
20,2021,12773.29
20,2022,13524.39
201,2014,88.87
201,2015,338.67
201,2016,400.4
201,2017,152.83
201,2018,113.77
201,2019,480.79
201,2020,213.72
201,2021,294.52
201,2022,117.91
202,2010,9251.2
202,2011,12253.92
202,2012,31461.92
202,2013,9588.32
202,2014,1811.95
202,2015,1096.87
202,2016,1377.97
202,2017,963.97
202,2018,1849.97
202,2019,0
202,2020,0
202,2021,0
202,2022,0
203,2010,80548.16
203,2011,133307.44
203,2012,118529.04
203,2013,123495.68
203,2014,124253.81
203,2015,122632.78
203,2016,121319.32
203,2017,120386.85
203,2018,178087.11
203,2019,194977.78
203,2020,149143.47
203,2021,214379.25
203,2022,217688.6
207,2010,2167.22
207,2011,2222.3
207,2012,2257.88
207,2013,2295.34
207,2014,2321.3
207,2015,2319.97
207,2016,2299.52
207,2017,2310.57
207,2018,4116
207,2019,3442.41
207,2020,4100.16
207,2021,3429.33
207,2022,4712.98
208,2014,577.19
208,2015,368.24
208,2016,394.71
208,2017,261.65
208,2018,314.48
208,2019,322.37
208,2020,313.29
208,2021,438.4
208,2022,354.84
209,2010,0
209,2011,0
209,2012,0
209,2013,0
209,2014,19634.09
209,2015,16397.12
209,2016,8805.79
209,2017,7445.05
209,2018,4408.42
209,2019,6512.92
209,2020,6506.35
209,2021,6182.55
209,2022,11641.44
21,2010,126347.92
21,2011,127897.02
21,2012,129175.93
21,2013,177867.65
21,2014,131686.26
21,2015,132160.68
21,2016,132644.04
21,2017,101711.48
21,2018,2671.59
21,2019,0
21,2020,0
21,2021,0
21,2022,0
210,2010,64033.2
210,2011,25048.8
210,2012,26899.04
210,2013,29302
210,2014,27384.39
210,2015,27391.79
210,2016,27453.86
210,2017,27577.31
210,2018,27602.05
210,2019,87255.5
210,2020,82268.12
210,2021,74325.01
210,2022,86677.51
212,2010,0
212,2011,694.71
212,2012,704.9
212,2013,730.69
212,2014,1033.57
212,2015,759.45
212,2016,226.39
212,2017,143.97
212,2018,0
212,2019,91.62
212,2020,111.77
212,2021,44.21
212,2022,0
213,2014,892.92
213,2015,745.31
213,2016,176.48
213,2017,64.09
213,2018,108.07
213,2019,52.34
213,2020,166.33
213,2021,94.74
213,2022,124.45
214,2010,31628.68
214,2011,31632.56
214,2012,31685.07
214,2013,31728.07
214,2014,31718.73
214,2015,31793.11
214,2016,31835.9
214,2017,31822.41
214,2018,31802.2
214,2019,34363.27
214,2020,24514.76
214,2021,26871.15
214,2022,23865.67
215,2010,186.35
215,2011,98.23
215,2012,103.27
215,2013,110.77
215,2014,118.3
215,2015,126.52
215,2016,135.33
215,2017,144.52
215,2018,343.4
215,2019,323.32
215,2020,273.8
215,2021,180.13
215,2022,411.67
217,2010,113.68
217,2011,28.65
217,2012,0
217,2013,16.82
217,2014,4.71
217,2015,24.18
217,2016,24.91
217,2017,25.21
217,2018,0
217,2019,0.82
217,2020,0
219,2019,83.23
219,2020,128.98
219,2021,116.65
219,2022,138.45
220,2010,5127.36
220,2011,9619.68
220,2012,9976.4
220,2013,10607.52
220,2014,10584
220,2015,11368
220,2016,11760
220,2017,10976
220,2018,10976
220,2019,10009.61
220,2020,10369.7
220,2021,9630.3
220,2022,9928.15
221,2018,11760
221,2019,13720
221,2020,15154.22
221,2021,14403.42
221,2022,11232.11
222,2010,98
222,2011,129.36
222,2012,82.36
222,2013,90.94
222,2014,83.74
222,2015,0
222,2016,85.57
222,2017,86.48
222,2018,87.25
222,2019,1026.47
222,2020,805.09
222,2021,1825.41
222,2022,800.66
225,2011,3884.72
225,2012,1985.48
225,2013,376.32
225,2014,9392.58
225,2015,3724.88
225,2016,11845.69
225,2017,21828.28
225,2018,555.75
225,2019,3528
225,2020,0
225,2021,0
225,2022,4934.47
226,2010,89.39
226,2011,130.13
226,2012,150.19
226,2013,140.67
226,2014,148.66
226,2015,157.06
226,2016,373.75
226,2017,714.45
226,2018,3199.11
226,2019,5309.08
226,2020,6356.19
226,2021,5304
226,2022,414.02
227,2019,1.6
227,2020,1.51
227,2021,1.38
227,2022,1.29
229,2010,59674.16
229,2011,20070.4
229,2012,10321.36
229,2013,0
229,2014,0
229,2015,0
229,2016,15415.63
229,2017,15343.04
229,2018,0
229,2019,0
229,2020,0
229,2021,109863.73
229,2022,221678.27
23,2010,977.33
23,2011,942.62
23,2012,965.47
23,2013,986.76
23,2014,1113.5
23,2015,1223.67
23,2016,801.69
23,2017,900.13
23,2018,853.09
23,2019,930.15
23,2020,532.65
23,2021,634.54
23,2022,535.7
230,2010,1718.46
230,2011,1283.82
230,2012,1276.82
230,2013,1270.84
230,2014,1302.9
230,2015,1338.39
230,2016,1321.42
230,2017,1303.53
230,2018,1282.6
230,2019,6015.38
230,2020,4552.74
230,2021,4213.25
230,2022,7445.78
233,2010,77.81
233,2011,70.56
233,2012,87.75
233,2013,97.22
233,2014,75.79
233,2015,101.25
233,2016,123.35
233,2017,94.9
233,2018,152.55
233,2019,138.49
233,2020,34.75
233,2021,407.63
233,2022,4.86
234,2010,748.72
234,2011,791.84
234,2012,2146.46
234,2013,1520.96
234,2014,1649.07
234,2015,4531.08
234,2016,392.17
234,2017,0
234,2018,0
234,2019,0
234,2020,0
234,2021,0
234,2022,0
235,2014,191.12
235,2015,127.61
235,2016,67.96
235,2017,102.51
235,2018,184.59
235,2020,461.84
235,2021,561.56
235,2022,590.79
236,2010,1615.04
236,2011,540.96
236,2012,552.72
236,2013,893.76
236,2014,337.81
236,2015,39.02
236,2016,116.89
236,2017,161.26
236,2018,592.98
236,2019,6305.17
236,2020,6196.77
236,2021,303669.54
236,2022,285774.39
237,2016,2523.15
237,2018,2627.52
237,2020,0
237,2021,0
237,2022,0
238,2010,7.84
238,2011,54.88
238,2012,31.36
238,2013,87.81
238,2014,568.45
238,2015,120.58
238,2016,164.07
238,2017,185.69
238,2018,252.78
238,2019,609.41
238,2020,146.09
238,2021,391.5
238,2022,88.48
244,2010,0
244,2011,0
244,2012,53.15
244,2013,65.41
244,2014,153.43
244,2015,131.45
244,2016,162.57
244,2017,214.56
244,2018,390.52
244,2019,331.08
244,2020,385.38
244,2021,1000.06
244,2022,393.08
249,2010,333.2
249,2011,1775.76
249,2012,2105.04
249,2013,2659.33
249,2014,5157.27
249,2015,644.85
249,2016,904.15
249,2017,1002.75
249,2018,274.78
249,2019,391.31
249,2020,1485.79
249,2021,2085.7
249,2022,607.45
25,2010,109.89
25,2011,56.03
25,2012,57.53
25,2013,59.57
25,2014,74.75
25,2015,60.43
25,2016,41.62
25,2017,153.98
25,2018,46.4
25,2019,212.25
25,2020,131.84
25,2021,45.41
25,2022,88.7
250,2010,575.13
250,2011,1277.92
250,2012,1277.92
250,2013,1022.34
250,2014,1400.42
250,2015,1130.14
250,2016,82.91
250,2017,512.78
250,2018,256.28
250,2019,260.56
250,2020,1083.88
250,2021,2202.77
250,2022,1134.75
251,2010,0
251,2011,0
251,2012,0
251,2013,1834.56
251,2014,1031.11
251,2015,1061.84
251,2016,1098.38
251,2017,2455.13
251,2018,1174.61
251,2019,9624.91
251,2020,8920.28
251,2021,14054.25
251,2022,18408.06
256,2019,7840
256,2020,14494.42
256,2021,14971.54
256,2022,15067.59
27,2010,0
27,2011,0
27,2012,0
27,2013,0
27,2014,0
27,2015,0
27,2016,2051.06
27,2017,4103.64
27,2018,4023.31
27,2019,596.18
27,2020,223.88
27,2021,0
27,2022,1368.44
272,2010,188.16
272,2011,1489.6
272,2012,3045.84
272,2013,748.72
272,2014,40.26
272,2015,0
272,2016,0
272,2017,167.81
272,2018,3192.97
272,2019,11757.92
272,2020,10236.39
272,2021,11176.1
272,2022,21507.03
273,2010,3328.62
273,2011,3313.93
273,2012,3336.52
273,2013,3316.08
273,2014,2691.38
273,2015,3458.2
273,2016,3709.46
273,2017,3894.41
273,2018,3862.58
273,2019,5294.44
273,2020,4409.89
273,2021,3995.45
273,2022,4255
276,2012,3.92
276,2013,10.98
276,2014,33.26
276,2015,34.88
276,2016,35.92
276,2017,37.07
276,2018,45.8
276,2019,73.07
276,2020,90.75
276,2021,78.01
276,2022,82.57
277,2019,7.34
277,2020,18.37
277,2021,5.65
277,2022,468.31
28,2014,1454.32
28,2015,1967.84
28,2016,827.12
28,2017,1289.68
28,2018,1156.4
28,2020,2105.88
28,2021,2757.14
28,2022,1016.07
29,2014,58.56
29,2015,26.97
29,2016,66.2
29,2017,29.34
29,2018,26.16
29,2019,16.68
29,2020,94.8
29,2021,30.38
29,2022,39.23
3,2010,2296.99
3,2011,2289.22
3,2012,2282.28
3,2013,2277.3
3,2014,1932
3,2015,2362.06
3,2016,2537.09
3,2017,1968.8
3,2018,2300.2
3,2019,1632.64
3,2020,2517.23
3,2021,3190.29
3,2022,3793.51
32,2010,124.27
32,2011,127.89
32,2012,131.66
32,2013,159.94
32,2014,139.81
32,2015,144.01
32,2016,148.14
32,2017,167.11
32,2018,156.47
32,2019,415.15
32,2020,425.18
32,2021,525.99
32,2022,686.96
33,2010,0
33,2011,0
33,2012,0
33,2013,0
33,2014,0
33,2015,0
33,2016,0
33,2017,0
33,2018,0
33,2019,0
33,2020,0
33,2021,0
33,2022,7388.36
35,2010,657.75
35,2011,664.25
35,2012,672.87
35,2013,1195.52
35,2014,567.93
35,2015,642.62
35,2016,620.46
35,2017,737.9
35,2018,850.52
35,2019,856.41
35,2020,849.13
35,2021,689.79
35,2022,706.39
351,2010,47710.21
351,2011,54842.79
351,2012,48773.72
351,2013,47705.71
351,2014,51829.85
351,2015,43069.21
351,2016,48950.91
351,2017,51802.49
351,2018,52456.25
351,2019,68112.36
351,2020,55256.79
351,2021,69601.39
351,2022,69746.68
37,2010,160.72
37,2011,91.24
37,2012,77.32
37,2013,0
37,2014,137.68
37,2015,0
37,2016,86.24
37,2017,0
37,2018,102.47
37,2019,0
37,2020,158.78
37,2021,99.18
37,2022,19.29
38,2010,2654.72
38,2011,2693.23
38,2012,3178.41
38,2013,2758.82
38,2014,3526.49
38,2015,5096.09
38,2016,5236.44
38,2017,4071.67
38,2018,2025.79
38,2019,1955.49
38,2020,1715.06
38,2021,2319.13
38,2022,1349.35
39,2014,6.27
39,2015,19.95
39,2016,12.56
39,2017,1.53
39,2018,8.23
39,2019,6.66
39,2020,2.51
39,2021,16.04
39,2022,32.23
4,2010,765.92
4,2011,779.68
4,2012,793.88
4,2013,1107.01
4,2014,824.23
4,2015,839.86
4,2016,856.19
4,2017,1283.57
4,2018,893.03
4,2019,1085.32
4,2020,3240.6
4,2021,3588.41
4,2022,5020.36
40,2010,529.2
40,2011,787.92
40,2012,2724.44
40,2013,4575.38
40,2014,4235.3
40,2015,4434.61
40,2016,5340.53
40,2017,4285.75
40,2018,7735.52
40,2019,9258.08
40,2020,7894.95
40,2021,12667.85
40,2022,14688.38
41,2010,0
41,2011,0
41,2012,0
41,2013,0
41,2014,0
41,2015,0
41,2016,0
41,2017,0
41,2018,0
41,2019,0
41,2020,0
41,2021,0
41,2022,0
44,2010,8162.46
44,2011,8518.56
44,2012,8756.58
44,2013,11179.84
44,2014,9338.4
44,2015,9552.42
44,2016,9717.28
44,2017,14673.59
44,2018,27583.88
44,2019,16378.54
44,2020,6027.27
44,2021,9163.77
44,2022,34872.1
45,2010,0
45,2011,0
45,2012,0
45,2013,0
45,2014,0
45,2015,12.68
45,2016,1.88
45,2017,14.5
45,2018,4.9
45,2019,24.03
45,2020,36.39
45,2021,49.07
45,2022,26.71
46,2010,152.88
46,2011,1223.04
46,2012,237.69
46,2013,315.82
46,2014,194.75
46,2015,182.09
46,2016,657.77
46,2017,641
46,2018,670.89
46,2019,491.7
46,2020,342.17
46,2021,307.96
46,2022,753.46
48,2010,9169.01
48,2011,9337.44
48,2012,9515.8
48,2013,9646.87
48,2014,9808.89
48,2015,9985.08
48,2016,10154.61
48,2017,10302.53
48,2018,10444.56
48,2019,10998.58
48,2020,8832.95
48,2021,7423.76
48,2022,3954.89
49,2010,1430.13
49,2011,1435.39
49,2012,1673.3
49,2013,1448.99
49,2014,1456.33
49,2015,1464.62
49,2016,1464.55
49,2017,1467.6
49,2018,1470.74
49,2019,2263.14
49,2020,1393.32
49,2021,1185.7
49,2022,1062.5
50,2010,8760.59
50,2011,8856.82
50,2012,8937.24
50,2013,9006.68
50,2014,9391.71
50,2015,9462.62
50,2016,8570.11
50,2017,9248.55
50,2018,9088.48
50,2019,9513.71
50,2020,9128.05
50,2021,11758.55
50,2022,13262.62
5000,2010,1670312.99
5000,2011,1799923.57
5000,2012,1844702.7
5000,2013,2030731.54
5000,2014,1906332.6
5000,2015,1899609.87
5000,2016,1949320.14
5000,2017,1992841.99
5000,2018,1964575.03
5000,2019,2057494.79
5000,2020,2158635.39
5000,2021,2729539.5
5000,2022,2879972.2
5100,2010,42300.52
5100,2011,44220.54
5100,2012,66864.91
5100,2013,47245.39
5100,2014,68067.41
5100,2015,69913.79
5100,2016,61724.36
5100,2017,69081.77
5100,2018,65736.42
5100,2019,81435.32
5100,2020,99632.75
5100,2021,111123
5100,2022,96298.42
5101,2010,5853.23
5101,2011,7218.87
5101,2012,7575.28
5101,2013,9040.35
5101,2014,10637.45
5101,2015,10558.71
5101,2016,9114.4
5101,2017,13360.04
5101,2018,13927.89
5101,2019,29604.61
5101,2020,29214.04
5101,2021,33523.15
5101,2022,28441.75
5102,2010,1638.98
5102,2011,3246.2
5102,2012,2850.9
5102,2013,2375.56
5102,2014,13295.78
5102,2015,14069.32
5102,2016,8728.83
5102,2017,12476.33
5102,2018,9036.37
5102,2019,2340.07
5102,2020,15203.47
5102,2021,20903.43
5102,2022,12500.06
5103,2010,6985.63
5103,2011,5572.07
5103,2012,8138.79
5103,2013,8234.27
5103,2014,8621.45
5103,2015,8444.72
5103,2016,9223.92
5103,2017,10280.09
5103,2018,8969.91
5103,2019,10825.07
5103,2020,13036.79
5103,2021,18857.75
5103,2022,14883.38
5104,2010,20659.02
5104,2011,21711.28
5104,2012,42189.55
5104,2013,20547.73
5104,2014,29061.2
5104,2015,30331.75
5104,2016,27956.48
5104,2017,25219.54
5104,2018,23467.7
5104,2019,25731.58
5104,2020,30570.58
5104,2021,26314.43
5104,2022,31327.98
5105,2010,7163.67
5105,2011,6472.11
5105,2012,6110.4
5105,2013,7047.47
5105,2014,6451.54
5105,2015,6509.29
5105,2016,6700.73
5105,2017,7745.76
5105,2018,10334.55
5105,2019,12934
5105,2020,11607.86
5105,2021,11524.24
5105,2022,9145.25
52,2020,1627.51
52,2021,1891.03
52,2022,2215.55
5200,2010,484345.32
5200,2011,503900.81
5200,2012,520979.43
5200,2013,675140.64
5200,2014,554694.35
5200,2015,559341.75
5200,2016,565806.21
5200,2017,520568.84
5200,2018,458852.56
5200,2019,456559.25
5200,2020,527306.3
5200,2021,755686.99
5200,2022,801308.41
5203,2010,0
5203,2011,0
5203,2012,0
5203,2013,0
5203,2014,0
5203,2015,0
5203,2016,0
5203,2017,0
5203,2018,0
5203,2019,0
5203,2020,0
5203,2021,0
5203,2022,7388.36
5204,2010,209690.43
5204,2011,219422.51
5204,2012,227907.6
5204,2013,228602.66
5204,2014,236684.45
5204,2015,242299.69
5204,2016,242434.08
5204,2017,227768.29
5204,2018,232314.83
5204,2019,251442.11
5204,2020,337005.01
5204,2021,291784.79
5204,2022,301678.41
5206,2010,21312.03
5206,2011,28437.42
5206,2012,29406.86
5206,2013,28478.71
5206,2014,45227.99
5206,2015,42846.23
5206,2016,48834.71
5206,2017,45449.16
5206,2018,53346.2
5206,2019,58095.46
5206,2020,51965.88
5206,2021,50568.61
5206,2022,53529.65
5207,2010,253342.86
5207,2011,256040.88
5207,2012,263664.97
5207,2013,418059.26
5207,2014,272781.91
5207,2015,274195.82
5207,2016,274537.42
5207,2017,247351.39
5207,2018,173191.53
5207,2019,147021.68
5207,2020,138335.4
5207,2021,413333.59
5207,2022,438711.99
53,2010,60.94
53,2011,368.48
53,2012,98
53,2013,119.17
53,2014,118.38
53,2015,60.77
53,2016,26.24
53,2017,22.21
53,2018,54.94
53,2019,64.72
53,2020,179.94
53,2021,347.53
53,2022,234.76
5300,2010,301785.27
5300,2011,329105.52
5300,2012,346271.41
5300,2013,351838.51
5300,2014,380474.01
5300,2015,386146.02
5300,2016,400467.59
5300,2017,440923.52
5300,2018,443811.55
5300,2019,474055.58
5300,2020,475095.74
5300,2021,555774.4
5300,2022,513737.27
5301,2010,2031.53
5301,2011,2016.52
5301,2012,2029.23
5301,2013,2276.74
5301,2014,3715.12
5301,2015,3329.53
5301,2016,2761.5
5301,2017,3060.81
5301,2018,3013.29
5301,2019,3256.39
5301,2020,4654.4
5301,2021,7263.81
5301,2022,9166.13
5302,2010,206111.9
5302,2011,213217.89
5302,2012,206822.14
5302,2013,205323.16
5302,2014,209214.09
5302,2015,200272.61
5302,2016,205453.7
5302,2017,207764.15
5302,2018,208043.1
5302,2019,210899.1
5302,2020,206978.41
5302,2021,234905.51
5302,2022,227973.47
5303,2010,5553.45
5303,2011,5747.02
5303,2012,5631.21
5303,2013,6210.39
5303,2014,7779.64
5303,2015,10100.5
5303,2016,8891.21
5303,2017,7072.49
5303,2018,5322.25
5303,2019,5359.67
5303,2020,3946.69
5303,2021,5005.78
5303,2022,4820.87
5304,2010,16702.93
5304,2011,20623.73
5304,2012,27344.98
5304,2013,29526.18
5304,2014,23181.23
5304,2015,33150.92
5304,2016,38901.24
5304,2017,57250.04
5304,2018,70338.31
5304,2019,70332.67
5304,2020,74615.25
5304,2021,94988.54
5304,2022,42728.68
5305,2010,71385.46
5305,2011,87500.37
5305,2012,104443.85
5305,2013,108502.04
5305,2014,136583.92
5305,2015,139292.46
5305,2016,144459.94
5305,2017,165776.03
5305,2018,157094.6
5305,2019,184207.75
5305,2020,184900.98
5305,2021,213610.74
5305,2022,229048.11
54,2010,0
54,2011,0
54,2012,0
54,2013,0
54,2014,0
54,2015,0
54,2016,0
54,2017,0
54,2018,0
54,2019,0
54,2020,0
54,2021,0
54,2022,0
5400,2010,830261.61
5400,2011,911250.95
5400,2012,899291.66
5400,2013,945414.81
5400,2014,890832.72
5400,2015,873047.39
5400,2016,910093.29
5400,2017,950258.85
5400,2018,984338.83
5400,2019,1010253.17
5400,2020,1009881.01
5400,2021,1273558.79
5400,2022,1424587.83
5401,2010,176404.77
5401,2011,233847.38
5401,2012,168490.08
5401,2013,190600.4
5401,2014,184127.21
5401,2015,170919.89
5401,2016,196517.34
5401,2017,226472.92
5401,2018,204731.71
5401,2019,152653.31
5401,2020,195876.56
5401,2021,209328.73
5401,2022,197745.24
5402,2010,341426.86
5402,2011,304403.11
5402,2012,326962.33
5402,2013,321893.56
5402,2014,307054.04
5402,2015,304458.47
5402,2016,319801.67
5402,2017,331566.01
5402,2018,327844.35
5402,2019,314626.1
5402,2020,287117.49
5402,2021,369793.43
5402,2022,508706.62
5403,2010,310501.35
5403,2011,359982.14
5403,2012,348861.25
5403,2013,355391.09
5403,2014,350971.6
5403,2015,349234.88
5403,2016,345588.28
5403,2017,344455.39
5403,2018,404231.45
5403,2019,473136.49
5403,2020,439175.53
5403,2021,627128.21
5403,2022,628706.93
5404,2010,1928.64
5404,2011,13018.32
5404,2012,54978
5404,2013,77529.76
5404,2014,48679.86
5404,2015,48434.14
5404,2016,48186
5404,2017,47764.53
5404,2018,47531.32
5404,2019,69837.28
5404,2020,87711.43
5404,2021,67308.41
5404,2022,89429.04
55,2010,85.82
55,2011,108.82
55,2012,422.97
55,2013,40.92
55,2014,0
55,2015,0
55,2016,13.41
55,2017,0.09
55,2018,26.95
55,2019,44.24
55,2020,0
55,2021,47.28
55,2022,0
5500,2010,11620.26
5500,2011,11445.74
5500,2012,11295.29
5500,2013,11092.19
5500,2014,12264.11
5500,2015,11160.93
5500,2016,11228.69
5500,2017,12009
5500,2018,11835.67
5500,2019,35191.47
5500,2020,46719.59
5500,2021,33396.31
5500,2022,44040.28
5501,2010,0
5501,2011,0
5501,2012,0
5501,2013,0
5501,2014,0
5501,2015,0
5501,2016,0
5501,2017,0
5501,2018,0
5501,2019,18635.68
5501,2020,30401.29
5501,2021,19162.61
5501,2022,28026.91
5502,2010,8668.63
5502,2011,8444.99
5502,2012,8274.44
5502,2013,8044.09
5502,2014,9124.57
5502,2015,8033.76
5502,2016,8041.08
5502,2017,8774.36
5502,2018,8425.47
5502,2019,9192.78
5502,2020,8073.65
5502,2021,7020.94
5502,2022,8984.91
5503,2010,54.88
5503,2011,70.56
5503,2012,14.98
5503,2013,14.81
5503,2014,7.2
5503,2015,7.01
5503,2016,27.85
5503,2017,16.68
5503,2018,7.58
5503,2019,3855.76
5503,2020,3872.08
5503,2021,2316.77
5503,2022,2336.73
5504,2010,2896.75
5504,2011,2930.19
5504,2012,3005.87
5504,2013,3033.29
5504,2014,3132.34
5504,2015,3120.16
5504,2016,3159.76
5504,2017,3217.96
5504,2018,3402.62
5504,2019,3507.25
5504,2020,4372.57
5504,2021,4895.99
5504,2022,4691.72
56,2014,17132.1
56,2015,16685.77
56,2016,18463.17
56,2017,16068.66
56,2018,23106.61
56,2019,26289.14
56,2020,22510.98
56,2021,21257.79
56,2022,23185.53
5707,2010,723475.59
5707,2011,842858.79
5707,2012,838638.82
5707,2013,896444.64
5707,2014,844004.02
5707,2015,826813.41
5707,2016,845988.77
5707,2017,886343.08
5707,2018,931916.44
5707,2019,931545.13
5707,2020,916878.68
5707,2021,1044577.33
5707,2022,1064165.17
58,2010,2508.8
58,2011,2234.4
58,2012,2050.16
58,2013,3175.2
58,2014,2960.18
58,2015,2824.41
58,2016,4742.8
58,2017,6985.59
58,2018,8077.91
58,2019,7938.5
58,2020,6940.13
58,2021,7346.26
58,2022,5876.92
5801,2010,10022.75
5801,2011,11208.3
5801,2012,12164.81
5801,2013,14211.67
5801,2014,33266.01
5801,2015,29615.42
5801,2016,22693.03
5801,2017,28573.38
5801,2018,30242.79
5801,2019,39074.31
5801,2020,57316.76
5801,2021,67584.58
5801,2022,47913.42
5802,2010,129817.63
5802,2011,130928.23
5802,2012,133400.43
5802,2013,235377.55
5802,2014,158780.08
5802,2015,156851.55
5802,2016,151542.98
5802,2017,149758.12
5802,2018,148428.91
5802,2019,146257.95
5802,2020,155984.56
5802,2021,133280.58
5802,2022,157419.64
5803,2010,38068.61
5803,2011,45318.99
5803,2012,46015.18
5803,2013,45481.4
5803,2014,62683.03
5803,2015,60090.11
5803,2016,65779.4
5803,2017,63583.19
5803,2018,73584.55
5803,2019,83967.31
5803,2020,78364.79
5803,2021,74115.81
5803,2022,80427.36
5815,2010,18337.24
5815,2011,23589.26
5815,2012,23490.62
5815,2013,23229.14
5815,2014,31542.19
5815,2015,25151.63
5815,2016,21752.36
5815,2017,25181.3
5815,2018,29159.39
5815,2019,42393.5
5815,2020,48263.01
5815,2021,50970.27
5815,2022,39381.46
5817,2010,80223.31
5817,2011,87233.15
5817,2012,97491.67
5817,2013,100758.33
5817,2014,154925.2
5817,2015,156976.18
5817,2016,151262.82
5817,2017,160018.88
5817,2018,170345.61
5817,2019,197660.54
5817,2020,215148.37
5817,2021,524837.18
5817,2022,495876.41
59,2010,3705.65
59,2011,3784.82
59,2012,4330.39
59,2013,3958.34
59,2014,3979.9
59,2015,4173.51
59,2016,4264
59,2017,4354.1
59,2018,4406.69
59,2019,3478.83
59,2020,3061.01
59,2021,6115.05
59,2022,1910.4
60,2010,14208.98
60,2011,14346.6
60,2012,14471.93
60,2013,14597.94
60,2014,14707.29
60,2015,14856.55
60,2016,15011.72
60,2017,15167.84
60,2018,15472.54
60,2019,19386.77
60,2020,26809.61
60,2021,25274.11
60,2022,29484.83
63,2010,2665.6
63,2011,3453.52
63,2012,3782.8
63,2013,6934.48
63,2014,4674.57
63,2015,4663.18
63,2016,2470.05
63,2017,0
63,2018,4637.27
63,2019,3205.84
63,2020,1100.6
63,2021,0
63,2022,0
66,2010,1133.69
66,2011,1141.07
66,2012,1144.6
66,2013,1150.68
66,2014,1344.65
66,2015,1342.93
66,2016,2057.38
66,2017,1830.86
66,2018,1732.42
66,2019,1592.4
66,2020,1872.15
66,2021,2155.08
66,2022,1492.34
67,2010,13206.94
67,2011,13591.25
67,2012,13730.69
67,2013,16912.45
67,2014,13972.34
67,2015,14038.32
67,2016,14013.65
67,2017,26030.59
67,2018,36087.87
67,2019,32917.6
67,2020,30334.25
67,2021,29234.53
67,2022,35381.01
7,2014,9683.36
7,2015,11022.01
7,2016,6829.21
7,2017,10006.85
7,2018,7111.69
7,2020,12451.45
7,2021,17281.57
7,2022,9362.7
70,2010,2896.75
70,2011,2930.19
70,2012,2952.72
70,2013,2967.88
70,2014,2978.91
70,2015,2988.71
70,2016,2997.18
70,2017,3003.4
70,2018,3012.11
70,2019,3091.34
70,2020,3856.7
70,2021,3777.9
70,2022,4158.89
72,2014,251.35
72,2015,359.6
72,2016,914.07
72,2017,759.64
72,2018,436.12
72,2019,800.49
72,2020,694.9
72,2021,456.12
72,2022,585.22
73,2010,850.98
73,2011,449.43
73,2012,438.54
73,2013,431.95
73,2014,869.44
73,2015,929.29
73,2016,1283.5
73,2017,1608.36
73,2018,1903.26
73,2019,1936.77
73,2020,1509.73
73,2021,1800.29
73,2022,2321.72
74,2010,603.68
74,2011,505.68
74,2012,1105.44
74,2013,856.13
74,2014,1711.6
74,2015,1548.79
74,2016,889.29
74,2017,1123.87
74,2018,706.69
74,2019,1111.21
74,2020,678.19
74,2021,451.57
74,2022,495.24
75,2010,7.25
75,2011,13.71
75,2012,14.32
75,2013,15.68
75,2014,68.2
75,2015,72.97
75,2016,1.69
75,2017,12.03
75,2018,4.92
75,2019,17.82
75,2020,770.4
75,2021,8.27
75,2022,18.01
79,2010,0
79,2011,0
79,2012,0
79,2013,0
79,2014,0
79,2015,0
79,2016,0
79,2017,0
79,2018,0
79,2019,0
79,2020,0
79,2021,0
79,2022,0
8,2010,449.24
8,2011,462.13
8,2012,467.09
8,2013,473.43
8,2014,486.71
8,2015,471.02
8,2016,484.45
8,2017,509.6
8,2018,529.2
8,2019,717.46
8,2020,378.18
8,2021,697.78
8,2022,633.21
80,2010,2325.03
80,2011,2233.59
80,2012,2200.89
80,2013,2171.81
80,2014,2107.56
80,2015,0
80,2016,0
80,2017,0
80,2018,0
80,2019,0
80,2020,0
80,2021,0
80,2022,0
81,2010,360.64
81,2011,552.72
81,2012,464.73
81,2013,369.45
81,2014,374.96
81,2015,249.45
81,2016,550.3
81,2017,575.07
81,2018,526.97
81,2019,788.79
81,2020,470
81,2021,74.45
81,2022,0
83,2010,54.88
83,2011,70.56
83,2012,14.98
83,2013,14.81
83,2014,7.2
83,2015,7.01
83,2016,27.85
83,2017,16.68
83,2018,7.58
83,2019,15.21
83,2020,29.59
83,2021,15.38
83,2022,51.23
84,2010,0
84,2011,0
84,2012,0
84,2013,0
84,2014,0
84,2015,0
84,2016,0
84,2017,0
84,2018,0
84,2019,0
84,2020,0
84,2021,0
86,2010,174.48
86,2011,162.86
86,2012,577.06
86,2013,201.49
86,2014,88.8
86,2015,123.56
86,2016,192.42
86,2017,184.57
86,2018,198.08
86,2019,344.27
86,2020,289.64
86,2021,297.46
86,2022,335.7
89,2010,7776.85
89,2011,9954.98
89,2012,8350.08
89,2013,7417.31
89,2014,9083.3
89,2015,9129.5
89,2016,5401.46
89,2017,3797.06
89,2018,3090.27
89,2019,7943.54
89,2020,9508.18
89,2021,11176.95
89,2022,7324.56
9,2010,0
9,2011,0
9,2012,0
9,2013,0
9,2014,0
9,2015,0
9,2016,0
9,2017,0
9,2018,0
9,2019,0
9,2020,0
9,2021,0
9,2022,0
90,2010,0
90,2011,0
90,2012,7.86
90,2013,8.06
90,2014,8.25
90,2015,8.49
90,2016,8.79
90,2017,9.12
90,2018,1777.99
90,2019,1612.33
90,2020,2009.51
90,2021,2353.66
90,2022,1284.32
91,2010,827.36
91,2011,838.28
91,2012,850.18
91,2013,862.24
91,2014,438.13
91,2015,662.27
91,2016,713.96
91,2017,898.38
91,2018,1076.79
91,2019,1437.84
91,2020,2418.98
91,2021,2980.94
91,2022,2822.11
93,2010,1168.16
93,2011,1893.36
93,2012,1893.36
93,2013,1514.69
93,2014,1261.16
93,2015,185.25
93,2016,155.58
93,2017,128.42
93,2018,200.5
93,2019,275.46
93,2020,912.27
93,2021,1182.35
93,2022,201.73
95,2010,11025.42
95,2011,14106.11
95,2012,17882.74
95,2013,18308.22
95,2014,18668.15
95,2015,22503.53
95,2016,23383.61
95,2017,26487.38
95,2018,27716.4
95,2019,26502.02
95,2020,24670.93
95,2021,31274.4
95,2022,33785.61
96,2010,15582
96,2011,22708.56
96,2012,16578.37
96,2013,15459.79
96,2014,19578.9
96,2015,10716.63
96,2016,16543.26
96,2017,19403.21
96,2018,20071.5
96,2019,32091.99
96,2020,29339.29
96,2021,40997.71
96,2022,43534.46
97,2010,2736.16
97,2011,4092.48
97,2012,399.84
97,2013,0
97,2014,0
97,2015,2157.66
97,2016,2136.38
97,2017,14207.93
97,2018,8523.54
97,2019,2009.65
97,2020,2134.08
97,2021,0
97,2022,0
98,2010,26013.12
98,2011,25519.2
98,2012,25052.72
98,2013,24915.52
98,2014,24916.18
98,2015,24642.19
98,2016,24329.44
98,2017,24011.68
98,2018,23699.87
98,2019,24073.39
98,2020,27499.18
98,2021,24360.23
98,2022,31182.05
99,2010,3366.51
99,2011,3396.19
99,2012,3417.21
99,2013,3419.88
99,2014,3431.09
99,2015,3436.42
99,2016,3985.07
99,2017,4587.65
99,2018,4491.97
99,2019,4363.64
99,2020,3756.8
99,2021,3880.89
99,2022,4351.94
