geo,year,on_farm_energy_use_emissions_ch4_ete
1,1992,0.017
1,1993,0.0078
1,1994,0.0099
1,1995,0.0108
1,1996,0.0057
1,1997,0.0116
1,1998,0.0234
1,1999,0.0222
1,2000,0.0446
1,2001,0.0575
1,2002,0.0706
1,2003,0.096
1,2004,0.0808
1,2005,0.0659
1,2006,0.0482
1,2007,0.0551
1,2008,0.0577
1,2009,0.05
1,2010,0.0539
1,2011,0.0583
1,2012,0.0546
1,2013,0.0508
1,2014,0.0493
1,2015,0.0488
1,2016,0.0494
1,2017,0.0491
1,2018,0.05
1,2019,0.0505
10,1990,1.1129
10,1991,1.3129
10,1992,1.4704
10,1993,1.5404
10,1994,1.6235
10,1995,1.5639
10,1996,1.4149
10,1997,1.4876
10,1998,1.503
10,1999,1.4954
10,2000,1.4673
10,2001,1.294
10,2002,1.0609
10,2003,1.1569
10,2004,1.1857
10,2005,1.1424
10,2006,1.4384
10,2007,1.5462
10,2008,1.5846
10,2009,1.5018
10,2010,1.5202
10,2011,1.2856
10,2012,1.2075
10,2013,1.1935
10,2014,1.1323
10,2015,1.1259
10,2016,1.1684
10,2017,1.199
10,2018,1.2548
10,2019,1.2909
100,1990,68.1982
100,1991,69.421
100,1992,66.4412
100,1993,71.8127
100,1994,68.3941
100,1995,69.5405
100,1996,70.0238
100,1997,68.9186
100,1998,56.7178
100,1999,48.14
100,2000,39.0641
100,2001,32.3968
100,2002,35.6937
100,2003,37.0399
100,2004,35.8934
100,2005,42.6804
100,2006,49.5226
100,2007,52.131
100,2008,63.6541
100,2009,67.1978
100,2010,55.3627
100,2011,42.2832
100,2012,35.4564
100,2013,66.5483
100,2014,54.1966
100,2015,42.0933
100,2016,33.6407
100,2017,28.207
100,2018,22.8026
100,2019,16.7173
101,1990,0.2316
101,1991,0.2325
101,1992,0.7075
101,1993,0.5426
101,1994,0.5085
101,1995,0.4361
101,1996,0.5363
101,1997,0.815
101,1998,0.9214
101,1999,1.0755
101,2000,1.2825
101,2001,1.0664
101,2002,0.9729
101,2003,1.0826
101,2004,1.4472
101,2005,1.3943
101,2006,1.6199
101,2007,1.6232
101,2008,1.303
101,2009,0.8429
101,2010,0.8258
101,2011,1.2947
101,2012,1.1901
101,2013,0.5701
101,2014,0.3442
101,2015,0.3199
101,2016,0.4104
101,2017,0.4084
101,2018,0.7402
101,2019,0.8194
102,1990,0.7668
102,1991,0.8256
102,1992,0.9506
102,1993,0.8519
102,1994,0.864
102,1995,0.8371
102,1996,0.7609
102,1997,0.7561
102,1998,0.8939
102,1999,0.768
102,2000,0.7796
102,2001,0.7004
102,2002,0.6817
102,2003,0.7082
102,2004,0.7003
102,2005,0.7528
102,2006,0.8217
102,2007,0.5338
102,2008,0.9325
102,2009,0.9837
102,2010,0.9149
102,2011,0.832
102,2012,0.8668
102,2013,0.8051
102,2014,0.7345
102,2015,0.7519
102,2016,0.8205
102,2017,0.8777
102,2018,0.9096
102,2019,0.9446
103,1990,0.3826
103,1991,0.3147
103,1992,0.4008
103,1993,0.4343
103,1994,0.488
103,1995,0.4992
103,1996,0.5117
103,1997,0.5112
103,1998,0.4568
103,1999,0.4059
103,2000,0.3993
103,2001,0.4107
103,2002,0.4942
103,2003,0.4144
103,2004,0.4745
103,2005,0.5264
103,2006,0.4041
103,2007,0.2964
103,2008,0.375
103,2009,0.4146
103,2010,0.4581
103,2011,0.4566
103,2012,0.4935
103,2013,0.4572
103,2014,0.3509
103,2015,0.2888
103,2016,0.2704
103,2017,0.2752
103,2018,0.2973
103,2019,0.2866
104,1990,1.0308
104,1991,1.007
104,1992,0.6266
104,1993,0.6157
104,1994,0.4219
104,1995,0.3379
104,1996,0.4309
104,1997,0.3176
104,1998,0.3093
104,1999,0.2358
104,2000,0.2988
104,2001,0.3153
104,2002,0.347
104,2003,0.4274
104,2004,0.4709
104,2005,0.4842
104,2006,0.4791
104,2007,0.4713
104,2008,0.4844
104,2009,0.4429
104,2010,0.4419
104,2011,0.3675
104,2012,0.3659
104,2013,0.3817
104,2014,0.3509
104,2015,0.3393
104,2016,0.3104
104,2017,0.2527
104,2018,0.2265
104,2019,0.2016
105,1990,0.2363
105,1991,0.2082
105,1992,0.1966
105,1993,0.2218
105,1994,0.2481
105,1995,0.2857
105,1996,0.3515
105,1997,0.2273
105,1998,0.2681
105,1999,0.2605
105,2000,0.3227
105,2001,0.2031
105,2002,0.1978
105,2003,0.1993
105,2004,0.1972
105,2005,0.1728
105,2006,0.1745
105,2007,0.1794
105,2008,0.1787
105,2009,0.1917
105,2010,0.1955
105,2011,0.1811
105,2012,0.1922
105,2013,0.1722
105,2014,0.1595
105,2015,0.1585
105,2016,0.1541
105,2017,0.1446
105,2018,0.1355
105,2019,0.1307
106,1990,2.2152
106,1991,1.9071
106,1992,2.1817
106,1993,1.8292
106,1994,1.7596
106,1995,1.5219
106,1996,1.4768
106,1997,1.2714
106,1998,1.1796
106,1999,1.2119
106,2000,1.1249
106,2001,1.2041
106,2002,1.0337
106,2003,1.1718
106,2004,1.1237
106,2005,1.1043
106,2006,0.9046
106,2007,1.1239
106,2008,1.1282
106,2009,0.7155
106,2010,0.8384
106,2011,1.0012
106,2012,0.9415
106,2013,0.7645
106,2014,0.7631
106,2015,0.587
106,2016,0.6294
106,2017,0.5586
106,2018,0.6209
106,2019,0.5925
107,1990,0.0627
107,1991,0.0528
107,1992,0.0493
107,1993,0.0463
107,1994,0.0497
107,1995,0.0684
107,1996,0.0662
107,1997,0.0564
107,1998,0.0456
107,1999,0.0564
107,2000,0.0497
107,2001,0.0497
107,2002,0.0451
107,2003,0.0317
107,2004,0.0331
107,2005,0.0322
107,2006,0.0459
107,2007,0.0445
107,2008,0.0515
107,2009,0.0512
107,2010,0.0438
107,2011,0.0506
107,2012,0.0838
107,2013,0.0952
107,2014,0.1116
107,2015,0.1322
107,2016,0.1612
107,2017,0.203
107,2018,0.1802
107,2019,0.1939
108,1992,5.1356
108,1993,4.6185
108,1994,3.6712
108,1995,4.2128
108,1996,3.4658
108,1997,2.734
108,1998,2.7553
108,1999,2.0621
108,2000,0.5298
108,2001,1.6782
108,2002,0.4541
108,2003,0.6087
108,2004,1.7363
108,2005,2.2045
108,2006,0.7504
108,2007,2.5379
108,2008,6.6277
108,2009,6.3885
108,2010,6.6493
108,2011,6.4199
108,2012,6.3558
108,2013,5.781
108,2014,5.3773
108,2015,4.1821
108,2016,3.9968
108,2017,4.1251
108,2018,4.0814
108,2019,3.8222
109,1990,0.4716
109,1991,0.5017
109,1992,0.5197
109,1993,0.3262
109,1994,0.3347
109,1995,0.2894
109,1996,0.312
109,1997,0.325
109,1998,0.3477
109,1999,0.3553
109,2000,0.3654
109,2001,0.3357
109,2002,0.31
109,2003,0.2957
109,2004,0.3127
109,2005,0.4573
109,2006,0.6512
109,2007,0.4491
109,2008,0.5629
109,2009,0.2481
109,2010,0.2446
109,2011,0.2898
109,2012,0.269
109,2013,0.3539
109,2014,0.2841
109,2015,0.311
109,2016,0.3302
109,2017,0.2631
109,2018,0.3939
109,2019,0.4158
11,1990,0.28
11,1991,0.2899
11,1992,0.2775
11,1993,0.2576
11,1994,0.2441
11,1995,0.2569
11,1996,0.2481
11,1997,0.2415
11,1998,0.2342
11,1999,0.2263
11,2000,0.2172
11,2001,0.2166
11,2002,0.2206
11,2003,0.2251
11,2004,0.2215
11,2005,0.208
11,2006,0.2022
11,2007,0.1952
11,2008,0.1909
11,2009,0.1814
11,2010,0.1791
11,2011,0.1682
11,2012,0.1669
11,2013,0.1653
11,2014,0.1622
11,2015,0.164
11,2016,0.1656
11,2017,0.1601
11,2018,0.1616
11,2019,0.1618
110,1990,60.9871
110,1991,56.8648
110,1992,51.0945
110,1993,45.7654
110,1994,49.6112
110,1995,49.8504
110,1996,50.4201
110,1997,42.2488
110,1998,34.6758
110,1999,29.4435
110,2000,23.5166
110,2001,16.4272
110,2002,15.381
110,2003,13.273
110,2004,11.528
110,2005,11.5461
110,2006,10.6765
110,2007,10.7198
110,2008,9.7567
110,2009,8.4599
110,2010,7.9275
110,2011,7.5854
110,2012,7.3277
110,2013,7.2542
110,2014,6.9027
110,2015,6.8475
110,2016,6.8794
110,2017,7.1718
110,2018,7.307
110,2019,7.3878
112,1990,0.0723
112,1991,0.0719
112,1992,0.0681
112,1993,0.0633
112,1994,0.0696
112,1995,0.0735
112,1996,0.069
112,1997,0.0713
112,1998,0.0704
112,1999,0.0668
112,2000,0.0697
112,2001,0.0646
112,2002,0.0642
112,2003,0.0686
112,2004,0.0662
112,2005,0.0706
112,2006,0.0699
112,2007,0.0709
112,2008,0.0641
112,2009,0.0684
112,2010,0.066
112,2011,0.0644
112,2012,0.0673
112,2013,0.4293
112,2014,0.3578
112,2015,0.156
112,2016,0.1324
112,2017,0.0846
112,2018,0.0687
112,2019,0.0617
113,1992,0.4298
113,1993,0.3447
113,1994,0.4382
113,1995,0.0429
113,1996,0.1272
113,1997,0.1141
113,1998,0.1412
113,1999,0.1459
113,2000,0.1023
113,2001,0.0318
113,2002,0.2141
113,2003,0.2737
113,2004,0.2471
113,2005,0.09
113,2006,0.0822
113,2007,0.1658
113,2008,0.2427
113,2009,0.1283
113,2010,0.1842
113,2011,0.1414
113,2012,0.2716
113,2013,0.2395
113,2014,0.1547
113,2015,0.0696
113,2016,0.0854
113,2017,0.0617
113,2018,0.0549
113,2019,0.0379
114,1990,0.2844
114,1991,0.2485
114,1992,0.2677
114,1993,0.2353
114,1994,0.2046
114,1995,0.2464
114,1996,0.2436
114,1997,0.1749
114,1998,0.1659
114,1999,0.1623
114,2000,0.15
114,2001,0.1535
114,2002,0.2028
114,2003,0.1888
114,2004,0.1994
114,2005,0.171
114,2006,0.2236
114,2007,0.3757
114,2008,0.3827
114,2009,0.364
114,2010,0.5929
114,2011,1.1891
114,2012,0.9396
114,2013,0.822
114,2014,0.3843
114,2015,0.2898
114,2016,0.2382
114,2017,0.1818
114,2018,0.228
114,2019,0.1968
115,1990,0.008
115,1991,0.0083
115,1992,0.0086
115,1993,0.0087
115,1994,0.0088
115,1995,0.0092
115,1996,0.0087
115,1997,0.0071
115,1998,0.0106
115,1999,0.0096
115,2000,0.0087
115,2001,0.0094
115,2002,0.0078
115,2003,0.0068
115,2004,0.0062
115,2005,0.0068
115,2006,0.0073
115,2007,0.0118
115,2008,0.0137
115,2009,0.0175
115,2010,0.02
115,2011,0.0207
115,2012,0.0209
115,2013,0.0216
115,2014,0.0202
115,2015,0.0229
115,2016,0.0244
115,2017,0.0265
115,2018,0.0312
115,2019,0.0335
116,1990,73.6676
116,1991,64.8313
116,1992,57.4256
116,1993,50.8815
116,1994,52.0416
116,1995,47.9108
116,1996,41.8679
116,1997,34.6208
116,1998,27.5876
116,1999,25.6251
116,2000,19.2497
116,2001,11.6526
116,2002,10.2194
116,2003,8.0854
116,2004,6.5835
116,2005,7.2627
116,2006,7.0436
116,2007,5.6229
116,2008,5.879
116,2009,3.3128
116,2010,2.6353
116,2011,1.7315
116,2012,1.8187
116,2013,1.1654
116,2014,1.3537
116,2015,1.0726
116,2016,1.4658
116,2017,1.1039
116,2018,0.8428
116,2019,0.7406
117,1990,12.975
117,1991,13.9045
117,1992,14.0591
117,1993,15.4508
117,1994,20.132
117,1995,21.6472
117,1996,24.3194
117,1997,20.3385
117,1998,15.3195
117,1999,13.749
117,2000,11.8143
117,2001,8.1615
117,2002,5.8928
117,2003,4.0535
117,2004,3.0739
117,2005,2.9735
117,2006,2.9378
117,2007,3.037
117,2008,2.9391
117,2009,2.2271
117,2010,2.1579
117,2011,2.3139
117,2012,2.1335
117,2013,2.1539
117,2014,2.0675
117,2015,2.0762
117,2016,2.239
117,2017,2.1001
117,2018,2.2562
117,2019,2.2939
118,1990,0.1094
118,1991,0.0635
118,1992,0.0991
118,1993,0.1366
118,1994,0.1599
118,1995,0.1517
118,1996,0.1827
118,1997,0.1916
118,1998,0.1569
118,1999,0.1204
118,2000,0.1231
118,2001,0.1196
118,2002,0.1199
118,2003,0.1364
118,2004,0.146
118,2005,0.1734
118,2006,0.1798
118,2007,0.1685
118,2008,0.1795
118,2009,0.1871
118,2010,0.1888
118,2011,0.1792
118,2012,0.1876
118,2013,0.1817
118,2014,0.1644
118,2015,0.1608
118,2016,0.1483
118,2017,0.1388
118,2018,0.1328
118,2019,0.1265
119,1992,0.2513
119,1993,0.2021
119,1994,0.3386
119,1995,0.2179
119,1996,0.1272
119,1997,0.1058
119,1998,0.0848
119,1999,0.0698
119,2000,0.0546
119,2001,0.0714
119,2002,0.0702
119,2003,0.0577
119,2004,0.059
119,2005,0.058
119,2006,0.0578
119,2007,0.0576
119,2008,0.0558
119,2009,0.0402
119,2010,0.0447
119,2011,0.0455
119,2012,0.0603
119,2013,0.0451
119,2014,0.0413
119,2015,0.0389
119,2016,0.042
119,2017,0.0409
119,2018,0.0406
119,2019,0.0404
12,1990,1.2865
12,1991,1.2723
12,1992,1.2002
12,1993,1.128
12,1994,1.14
12,1995,1.1661
12,1996,1.1604
12,1997,0.4997
12,1998,1.1585
12,1999,1.1552
12,2000,1.1531
12,2001,0.9543
12,2002,0.9236
12,2003,0.8513
12,2004,0.8469
12,2005,0.5189
12,2006,0.2579
12,2007,0.2475
12,2008,0.1323
12,2009,0.1298
12,2010,0.1394
12,2011,0.1849
12,2012,0.2221
12,2013,0.3046
12,2014,0.2339
12,2015,0.2013
12,2016,0.1593
12,2017,0.1704
12,2018,0.1926
12,2019,0.1843
120,1990,0.0068
120,1991,0.0065
120,1992,0.0066
120,1993,0.0065
120,1994,0.0062
120,1995,0.0061
120,1996,0.006
120,1997,0.0061
120,1998,0.0066
120,1999,0.0065
120,2000,0.0079
120,2001,0.008
120,2002,0.0082
120,2003,0.0079
120,2004,0.0081
120,2005,0.0082
120,2006,0.0208
120,2007,0.0186
120,2008,0.0219
120,2009,0.0254
120,2010,0.026
120,2011,0.0264
120,2012,0.0225
120,2013,0.0266
120,2014,0.014
120,2015,0.0147
120,2016,0.0171
120,2017,0.0175
120,2018,0.0182
120,2019,0.0191
121,1990,0.0585
121,1991,0.0725
121,1992,0.0844
121,1993,0.3492
121,1994,0.3703
121,1995,0.5485
121,1996,0.5685
121,1997,0.6587
121,1998,0.5817
121,1999,0.5634
121,2000,0.5516
121,2001,0.5587
121,2002,0.5396
121,2003,0.5532
121,2004,0.538
121,2005,0.5311
121,2006,0.5106
121,2007,0.9477
121,2008,0.8666
121,2009,0.9153
121,2010,0.9177
121,2011,0.8557
121,2012,0.71
121,2013,0.5211
121,2014,0.3896
121,2015,0.2562
121,2016,0.182
121,2017,0.125
121,2018,0.0781
121,2019,0.0628
122,1990,0.0268
122,1991,0.0281
122,1992,0.0311
122,1993,0.0339
122,1994,0.0384
122,1995,0.0422
122,1996,0.0453
122,1997,0.0464
122,1998,0.0461
122,1999,0.0444
122,2000,0.0426
122,2001,0.0421
122,2002,0.0415
122,2003,0.0428
122,2004,0.0433
122,2005,0.0432
122,2006,0.0419
122,2007,0.0426
122,2008,0.0416
122,2009,0.0408
122,2010,0.0652
122,2011,0.1293
122,2012,0.1621
122,2013,0.1369
122,2014,0.1716
122,2015,0.1526
122,2016,0.1454
122,2017,0.1613
122,2018,0.1754
122,2019,0.1762
123,1990,0.0685
123,1991,0.0629
123,1992,0.064
123,1993,0.0689
123,1994,0.0676
123,1995,0.0699
123,1996,0.0729
123,1997,0.077
123,1998,0.083
123,1999,0.0802
123,2000,0.08
123,2001,0.0824
123,2002,0.0788
123,2003,0.0887
123,2004,0.095
123,2005,0.1297
123,2006,0.1277
123,2007,0.1013
123,2008,0.0809
123,2009,0.0802
123,2010,0.1256
123,2011,0.1509
123,2012,0.164
123,2013,0.1664
123,2014,0.2365
123,2015,0.26
123,2016,0.2852
123,2017,0.2527
123,2018,0.2175
123,2019,0.2137
124,1990,0.0717
124,1991,0.0736
124,1992,0.0753
124,1993,0.0873
124,1994,0.1048
124,1995,0.117
124,1996,0.1197
124,1997,0.1215
124,1998,0.1242
124,1999,0.1304
124,2000,0.1355
124,2001,0.1352
124,2002,0.1117
124,2003,0.1147
124,2004,0.1149
124,2005,0.1045
124,2006,0.1596
124,2007,0.1517
124,2008,0.1798
124,2009,0.2002
124,2010,0.2218
124,2011,0.173
124,2012,0.2215
124,2013,0.244
124,2014,0.2536
124,2015,0.2187
124,2016,0.2416
124,2017,0.2382
124,2018,0.2389
124,2019,0.2359
125,1990,0.0001
125,1991,0.0001
125,1992,0.0001
125,1993,0.0001
125,1994,0.0001
125,1995,0.0001
125,1996,0.0001
125,1997,0.0001
125,1998,0.0001
125,1999,0.0001
125,2000,0.0001
125,2001,0.0001
125,2002,0.0001
125,2003,0.0001
125,2004,0.0002
125,2005,0.0002
125,2006,0.0002
125,2007,0.0002
125,2008,0.0002
125,2009,0.0001
125,2010,0.0001
125,2011,0.0001
125,2012,0.0001
125,2013,0.0001
125,2014,0.0001
125,2015,0.0001
125,2016,0.0001
125,2017,0.0001
125,2018,0.0001
125,2019,0.0001
126,1992,0.1983
126,1993,0.1712
126,1994,0.1286
126,1995,0.0823
126,1996,0.1099
126,1997,0.0784
126,1998,0.0794
126,1999,0.0548
126,2000,0.0459
126,2001,0.0353
126,2002,0.0358
126,2003,0.0356
126,2004,0.0372
126,2005,0.0337
126,2006,0.0386
126,2007,0.0359
126,2008,0.0347
126,2009,0.0326
126,2010,0.0342
126,2011,0.0345
126,2012,0.0341
126,2013,0.0488
126,2014,0.0639
126,2015,0.0629
126,2016,0.0789
126,2017,0.0795
126,2018,0.0791
126,2019,0.0822
127,1992,0.042
127,1993,0.0419
127,1994,0.0416
127,1995,0.0426
127,1996,0.0425
127,1997,0.0423
127,1998,0.0422
127,1999,0.0436
127,2000,0.0437
127,2001,0.0447
127,2002,0.0475
127,2003,0.0484
127,2004,0.0502
127,2005,0.0511
127,2006,0.0553
127,2007,0.0608
127,2008,0.0635
127,2009,0.0667
127,2010,0.0715
127,2011,0.0772
127,2012,0.0762
127,2013,0.0787
127,2014,0.0797
127,2015,0.0792
127,2016,0.0775
127,2017,0.0772
127,2018,0.076
127,2019,0.0752
128,1990,0.0128
128,1991,0.0105
128,1992,0.0093
128,1993,0.0077
128,1994,0.006
128,1995,0.006
128,1996,0.0061
128,1997,0.006
128,1998,0.006
128,1999,0.0057
128,2000,0.0058
128,2001,0.0059
128,2002,0.0058
128,2003,0.0055
128,2004,0.0057
128,2005,0.006
128,2006,0.0058
128,2007,0.0053
128,2008,0.0051
128,2009,0.0054
128,2010,0.0056
128,2011,0.006
128,2012,0.0062
128,2013,0.0066
128,2014,0.0069
128,2015,0.0067
128,2016,0.0066
128,2017,0.0065
128,2018,0.0066
128,2019,0.0065
129,1990,0.031
129,1991,0.0324
129,1992,0.0286
129,1993,0.0275
129,1994,0.0306
129,1995,0.0317
129,1996,0.0339
129,1997,0.0371
129,1998,0.0381
129,1999,0.0354
129,2000,0.0302
129,2001,0.031
129,2002,0.0254
129,2003,0.0287
129,2004,0.0281
129,2005,0.039
129,2006,0.0355
129,2007,0.0317
129,2008,0.0372
129,2009,0.0425
129,2010,0.0862
129,2011,0.2147
129,2012,0.3397
129,2013,0.4431
129,2014,0.2938
129,2015,0.2249
129,2016,0.1809
129,2017,0.1947
129,2018,0.1764
129,2019,0.1529
13,1990,0.0424
13,1991,0.0414
13,1992,0.038
13,1993,0.0433
13,1994,0.0463
13,1995,0.0494
13,1996,0.0509
13,1997,0.0438
13,1998,0.0426
13,1999,0.0376
13,2000,0.0356
13,2001,0.0362
13,2002,0.0398
13,2003,0.0422
13,2004,0.0466
13,2005,0.0529
13,2006,0.0622
13,2007,0.0338
13,2008,0.0371
13,2009,0.0365
13,2010,0.0381
13,2011,0.0358
13,2012,0.0375
13,2013,0.0385
13,2014,0.0371
13,2015,0.0359
13,2016,0.0335
13,2017,0.0307
13,2018,0.0291
13,2019,0.0276
130,1990,0.1179
130,1991,0.1076
130,1992,0.1105
130,1993,0.1111
130,1994,0.1091
130,1995,0.1054
130,1996,0.1143
130,1997,0.119
130,1998,0.1222
130,1999,0.1259
130,2000,0.1271
130,2001,0.1388
130,2002,0.125
130,2003,0.09
130,2004,0.0938
130,2005,0.0959
130,2006,0.0975
130,2007,0.1011
130,2008,0.1012
130,2009,0.1096
130,2010,0.1223
130,2011,0.1611
130,2012,0.1272
130,2013,0.1051
130,2014,0.0725
130,2015,0.0641
130,2016,0.0574
130,2017,0.0516
130,2018,0.0538
130,2019,0.0501
131,1990,0.4011
131,1991,0.3949
131,1992,0.3513
131,1993,0.2217
131,1994,0.1984
131,1995,0.1476
131,1996,0.1715
131,1997,0.1924
131,1998,0.184
131,1999,0.0714
131,2000,0.1594
131,2001,0.1498
131,2002,0.152
131,2003,0.1557
131,2004,0.2555
131,2005,0.1563
131,2006,0.2138
131,2007,0.24
131,2008,0.1662
131,2009,0.1405
131,2010,0.3714
131,2011,0.4252
131,2012,0.5182
131,2013,0.5423
131,2014,0.5513
131,2015,0.4401
131,2016,0.3705
131,2017,0.4576
131,2018,0.4612
131,2019,0.4432
132,1990,0.1205
132,1991,0.1091
132,1992,0.1426
132,1993,0.1004
132,1994,0.0842
132,1995,0.1015
132,1996,0.106
132,1997,0.1273
132,1998,0.1125
132,1999,0.1534
132,2000,0.1357
132,2001,0.1445
132,2002,0.1973
132,2003,0.1642
132,2004,0.2157
132,2005,0.1955
132,2006,0.2465
132,2007,0.2412
132,2008,0.2283
132,2009,0.2284
132,2010,0.2345
132,2011,0.2283
132,2012,0.2566
132,2013,0.23
132,2014,0.2618
132,2015,0.2485
132,2016,0.3028
132,2017,0.2847
132,2018,0.3274
132,2019,0.3416
133,1990,0.083
133,1991,0.0829
133,1992,0.0853
133,1993,0.0842
133,1994,0.0843
133,1995,0.0851
133,1996,0.0985
133,1997,0.1007
133,1998,0.1013
133,1999,0.1034
133,2000,0.1037
133,2001,0.1081
133,2002,0.1052
133,2003,0.1069
133,2004,0.1214
133,2005,0.1249
133,2006,0.1275
133,2007,0.1465
133,2008,0.1556
133,2009,0.168
133,2010,0.18
133,2011,0.2008
133,2012,0.2242
133,2013,0.3667
133,2014,0.6617
133,2015,0.5922
133,2016,0.6373
133,2017,0.6726
133,2018,0.7319
133,2019,0.7459
134,1990,0.0039
134,1991,0.0042
134,1992,0.0044
134,1993,0.0051
134,1994,0.0051
134,1995,0.0068
134,1996,0.0045
134,1997,0.0053
134,1998,0.0051
134,1999,0.0048
134,2000,0.0037
134,2001,0.0037
134,2002,0.004
134,2003,0.004
134,2004,0.0037
134,2005,0.0038
134,2006,0.0043
134,2007,0.0037
134,2008,0.0044
134,2009,0.0048
134,2010,0.0048
134,2011,0.0047
134,2012,0.0046
134,2013,0.0053
134,2014,0.0055
134,2015,0.0053
134,2016,0.0053
134,2017,0.005
134,2018,0.005
134,2019,0.0049
135,1990,0.0048
135,1991,0.0048
135,1992,0.0052
135,1993,0.0053
135,1994,0.0054
135,1995,0.0055
135,1996,0.0055
135,1997,0.0064
135,1998,0.0063
135,1999,0.0065
135,2000,0.0067
135,2001,0.0068
135,2002,0.0068
135,2003,0.0068
135,2004,0.0067
135,2005,0.0069
135,2006,0.0068
135,2007,0.0069
135,2008,0.0069
135,2009,0.0069
135,2010,0.0067
135,2011,0.0031
135,2012,0.0031
135,2013,0.0032
135,2014,0.003
135,2015,0.003
135,2016,0.003
135,2017,0.003
135,2018,0.003
135,2019,0.003
136,1990,0.0274
136,1991,0.0283
136,1992,0.0292
136,1993,0.0299
136,1994,0.0312
136,1995,0.0303
136,1996,0.0293
136,1997,0.0273
136,1998,0.023
136,1999,0.0218
136,2000,0.0196
136,2001,0.0193
136,2002,0.0207
136,2003,0.021
136,2004,0.0231
136,2005,0.0209
136,2006,0.0197
136,2007,0.0214
136,2008,0.0178
136,2009,0.0206
136,2010,0.02
136,2011,0.0235
136,2012,0.0247
136,2013,0.022
136,2014,0.0271
136,2015,0.0342
136,2016,0.0298
136,2017,0.0461
136,2018,0.0454
136,2019,0.0491
137,1990,0.0351
137,1991,0.0374
137,1992,0.0404
137,1993,0.0384
137,1994,0.0151
137,1995,0.0627
137,1996,0.0669
137,1997,0.0566
137,1998,0.0577
137,1999,0.0551
137,2000,0.0557
137,2001,0.0571
137,2002,0.0556
137,2003,0.0586
137,2004,0.0499
137,2005,0.0483
137,2006,0.0474
137,2007,0.0491
137,2008,0.0849
137,2009,0.0606
137,2010,0.068
137,2011,0.0642
137,2012,0.0607
137,2013,0.0557
137,2014,0.0495
137,2015,0.0463
137,2016,0.0435
137,2017,0.0424
137,2018,0.0423
137,2019,0.0408
138,1990,0.5084
138,1991,0.5417
138,1992,0.5387
138,1993,0.52
138,1994,0.5076
138,1995,0.5199
138,1996,0.561
138,1997,0.573
138,1998,0.5885
138,1999,0.6277
138,2000,0.625
138,2001,0.5875
138,2002,0.8403
138,2003,1.5149
138,2004,1.5188
138,2005,1.4694
138,2006,1.7936
138,2007,1.3999
138,2008,1.6331
138,2009,1.0785
138,2010,2.0655
138,2011,2.1587
138,2012,0.8886
138,2013,1.2452
138,2014,0.7465
138,2015,1.5971
138,2016,0.8257
138,2017,2.024
138,2018,1.9342
138,2019,2.1718
14,1990,0.0066
14,1991,0.0064
14,1992,0.0055
14,1993,0.0057
14,1994,0.007
14,1995,0.0076
14,1996,0.0078
14,1997,0.0095
14,1998,0.0101
14,1999,0.0102
14,2000,0.0103
14,2001,0.0101
14,2002,0.0096
14,2003,0.0092
14,2004,0.0089
14,2005,0.0087
14,2006,0.0085
14,2007,0.008
14,2008,0.0079
14,2009,0.0076
14,2010,0.0071
14,2011,0.0063
14,2012,0.0063
14,2013,0.006
14,2014,0.0061
14,2015,0.0052
14,2016,0.0051
14,2017,0.0049
14,2018,0.0046
14,2019,0.0043
141,1990,1.3041
141,1991,1.6017
141,1992,1.4501
141,1993,1.3224
141,1994,1.2037
141,1995,1.1265
141,1996,1.0501
141,1997,0.0796
141,1998,0.1141
141,1999,0.1661
141,2000,0.0395
141,2001,0.0424
141,2002,0.0398
141,2003,0.0399
141,2004,0.0627
141,2005,0.121
141,2006,0.0516
141,2007,0.0586
141,2008,0.0447
141,2009,0.0802
141,2010,0.0874
141,2011,0.1017
141,2012,0.0662
141,2013,0.0415
141,2014,0.0641
141,2015,0.0864
141,2016,0.0629
141,2017,0.0733
141,2018,0.0554
141,2019,0.0536
142,1990,0.0029
142,1991,0.0019
142,1992,0.003
142,1993,0.0029
142,1994,0.0033
142,1995,0.0034
142,1996,0.0044
142,1997,0.0033
142,1998,0.0028
142,1999,0.0024
142,2000,0.0023
142,2001,0.0022
142,2002,0.0037
142,2003,0.0026
142,2004,0.003
142,2005,0.0024
142,2006,0.0024
142,2007,0.0025
142,2008,0.0039
142,2009,0.0031
142,2010,0.0064
142,2011,0.0023
142,2012,0.0024
142,2013,0.0045
142,2014,0.0035
142,2015,0.0045
142,2016,0.0015
142,2017,0.0009
142,2018,0.001
142,2019,0.0005
143,1990,0.4717
143,1991,0.619
143,1992,0.5903
143,1993,0.6041
143,1994,0.6498
143,1995,0.6639
143,1996,0.6778
143,1997,0.59
143,1998,0.511
143,1999,0.6538
143,2000,0.6894
143,2001,0.7573
143,2002,0.7459
143,2003,0.4551
143,2004,0.5702
143,2005,0.5655
143,2006,0.7012
143,2007,0.952
143,2008,1.029
143,2009,1.0727
143,2010,0.9585
143,2011,0.1982
143,2012,0.1955
143,2013,0.2033
143,2014,0.2037
143,2015,0.214
143,2016,0.22
143,2017,0.2399
143,2018,0.2442
143,2019,0.2523
144,1990,0.0125
144,1991,0.0119
144,1992,0.0111
144,1993,0.0116
144,1994,0.0108
144,1995,0.0111
144,1996,0.0056
144,1997,0.0063
144,1998,0.0071
144,1999,0.0072
144,2000,0.0073
144,2001,0.0086
144,2002,0.0093
144,2003,0.0107
144,2004,0.0104
144,2005,0.0114
144,2006,0.0104
144,2007,0.0432
144,2008,0.0324
144,2009,0.0354
144,2010,0.0483
144,2011,0.1132
144,2012,0.1722
144,2013,0.2636
144,2014,0.3654
144,2015,0.2686
144,2016,0.1527
144,2017,0.1368
144,2018,0.0477
144,2019,0.0429
145,1992,0.0513
145,1993,0.0523
145,1994,0.0546
145,1995,0.0558
145,1996,0.0576
145,1997,0.059
145,1998,0.0609
145,1999,0.0615
145,2000,0.0647
145,2001,0.0716
145,2002,0.068
145,2003,0.072
145,2004,0.0719
145,2005,0.0753
145,2006,0.074
145,2007,0.0785
145,2008,0.0716
145,2009,0.0989
145,2010,0.0641
145,2011,0.0823
145,2012,0.0939
145,2013,0.1024
145,2014,0.1047
145,2015,0.1032
145,2016,0.1012
145,2017,0.0998
145,2018,0.0977
145,2019,0.0963
146,1992,0.136
146,1993,0.1436
146,1994,0.1122
146,1995,0.0943
146,1996,0.0996
146,1997,0.0571
146,1998,0.0429
146,1999,0.026
146,2000,0.0226
146,2001,0.0237
146,2002,0.0275
146,2003,0.0283
146,2004,0.0285
146,2005,0.0274
146,2006,0.0274
146,2007,0.0268
146,2008,0.0308
146,2009,0.0309
146,2010,0.0311
146,2011,0.0314
146,2012,0.0295
146,2013,0.0307
146,2014,0.0305
146,2015,0.0218
146,2016,0.0259
146,2017,0.0381
146,2018,0.0464
146,2019,0.0496
147,1991,0.0183
147,1992,0.021
147,1993,0.021
147,1994,0.0245
147,1995,0.0296
147,1996,0.0355
147,1997,0.0317
147,1998,0.0327
147,1999,0.0309
147,2000,0.032
147,2001,0.0397
147,2002,0.0349
147,2003,0.0377
147,2004,0.0422
147,2005,0.0507
147,2006,0.0506
147,2007,0.0534
147,2008,0.0628
147,2009,0.0702
147,2010,0.0772
147,2011,0.0831
147,2012,0.114
147,2013,0.0861
147,2014,0.1195
147,2015,0.1309
147,2016,0.1597
147,2017,0.1685
147,2018,0.1546
147,2019,0.162
148,1990,0.0729
148,1991,0.067
148,1992,0.0589
148,1993,0.0529
148,1994,0.0481
148,1995,0.0452
148,1996,0.0436
148,1997,0.0453
148,1998,0.0497
148,1999,0.0446
148,2000,0.0384
148,2001,0.0321
148,2002,0.0293
148,2003,0.0232
148,2004,0.0262
148,2005,0.0304
148,2006,0.0408
148,2007,0.0447
148,2008,0.0482
148,2009,0.0423
148,2010,0.0471
148,2011,0.0347
148,2012,0.034
148,2013,0.039
148,2014,0.036
148,2015,0.03
148,2016,0.025
148,2017,0.022
148,2018,0.0202
148,2019,0.017
149,1990,0.065
149,1991,0.089
149,1992,0.0803
149,1993,0.0851
149,1994,0.1007
149,1995,0.2036
149,1996,0.2034
149,1997,0.2044
149,1998,0.0785
149,1999,0.2501
149,2000,0.2411
149,2001,0.2414
149,2002,0.1166
149,2003,0.1394
149,2004,0.1223
149,2005,0.188
149,2006,0.117
149,2007,0.1496
149,2008,0.1414
149,2009,0.1382
149,2010,0.1922
149,2011,0.1728
149,2012,0.1174
149,2013,0.2416
149,2014,0.2908
149,2015,0.2447
149,2016,0.2613
149,2017,0.2549
149,2018,0.2403
149,2019,0.2302
150,1990,1.0472
150,1991,1.1155
150,1992,1.0641
150,1993,1.1085
150,1994,1.0243
150,1995,1.0328
150,1996,1.1175
150,1997,0.9915
150,1998,0.9741
150,1999,0.9559
150,2000,0.9537
150,2001,0.9309
150,2002,0.8663
150,2003,0.8632
150,2004,0.8668
150,2005,0.8758
150,2006,0.7726
150,2007,0.7709
150,2008,0.7688
150,2009,0.7679
150,2010,0.8736
150,2011,0.7736
150,2012,0.7739
150,2013,0.7622
150,2014,0.6835
150,2015,0.7134
150,2016,0.7202
150,2017,0.7039
150,2018,0.6854
150,2019,0.6858
151,1990,0.0316
151,1991,0.0379
151,1992,0.0326
151,1993,0.0285
151,1994,0.0304
151,1995,0.0314
151,1996,0.0302
151,1997,0.0316
151,1998,0.0394
151,1999,0.0383
151,2000,0.0339
151,2001,0.0337
151,2002,0.0333
151,2003,0.0404
151,2004,0.0407
151,2005,0.0411
151,2006,0.0527
151,2007,0.0548
151,2008,0.0551
151,2009,0.052
151,2010,0.0522
153,1990,0.0353
153,1991,0.041
153,1992,0.0365
153,1993,0.0418
153,1994,0.0511
153,1995,0.048
153,1996,0.0615
153,1997,0.0363
153,1998,0.0415
153,1999,0.0381
153,2000,0.0602
153,2001,0.0515
153,2002,0.0512
153,2003,0.0516
153,2004,0.051
153,2005,0.0511
153,2006,0.0714
153,2007,0.0788
153,2008,0.0609
153,2009,0.0619
153,2010,0.0722
153,2011,0.0619
153,2012,0.0577
153,2013,0.0553
153,2014,0.0505
153,2015,0.046
153,2016,0.0421
153,2017,0.0407
153,2018,0.044
153,2019,0.0427
154,1992,0.0422
154,1993,0.0602
154,1994,0.108
154,1995,0.0685
154,1996,0.055
154,1997,0.0501
154,1998,0.0508
154,1999,0.0605
154,2000,0.0585
154,2001,0.0288
154,2002,0.0105
154,2003,0.0279
154,2004,0.0239
154,2005,0.0132
154,2006,0.025
154,2007,0.0133
154,2008,0.0119
154,2009,0.0062
154,2010,0.0094
154,2011,0.006
154,2012,0.0061
154,2013,0.0073
154,2014,0.0077
154,2015,0.0112
154,2016,0.0202
154,2017,0.0207
154,2018,0.0453
154,2019,0.0529
155,1990,0.0195
155,1991,0.0192
155,1992,0.0169
155,1993,0.0164
155,1994,0.015
155,1995,0.0143
155,1996,0.0226
155,1997,0.0233
155,1998,0.0203
155,1999,0.0223
155,2000,0.0204
155,2001,0.0202
155,2002,0.0141
155,2003,0.0121
155,2004,0.0049
155,2005,0.0047
155,2006,0.0045
155,2007,0.0154
155,2008,0.0138
155,2009,0.0235
155,2010,0.0264
155,2011,0.0311
155,2012,0.0269
155,2013,0.0257
155,2014,0.0397
155,2015,0.033
155,2016,0.0363
155,2017,0.0305
155,2018,0.0414
155,2019,0.0417
156,1990,0.4432
156,1991,0.3847
156,1992,0.324
156,1993,0.3268
156,1994,0.3308
156,1995,0.3551
156,1996,0.346
156,1997,0.3637
156,1998,0.3369
156,1999,0.3118
156,2000,0.3054
156,2001,0.3247
156,2002,0.3542
156,2003,0.3302
156,2004,0.3135
156,2005,0.2911
156,2006,0.4916
156,2007,0.3894
156,2008,0.2724
156,2009,0.2442
156,2010,0.2129
156,2011,0.2019
156,2012,0.2151
156,2013,0.223
156,2014,0.2423
156,2015,0.2111
156,2016,0.2069
156,2017,0.1787
156,2018,0.1849
156,2019,0.1734
157,1990,0.0088
157,1991,0.0068
157,1992,0.0058
157,1993,0.0054
157,1994,0.0058
157,1995,0.0058
157,1996,0.006
157,1997,0.0061
157,1998,0.0051
157,1999,0.0051
157,2000,0.0049
157,2001,0.0049
157,2002,0.0051
157,2003,0.0053
157,2004,0.0054
157,2005,0.0054
157,2006,0.0056
157,2007,0.0049
157,2008,0.0053
157,2009,0.0055
157,2010,0.0054
157,2011,0.0054
157,2012,0.0055
157,2013,0.0056
157,2014,0.0058
157,2015,0.0062
157,2016,0.0062
157,2017,0.0064
157,2018,0.0062
157,2019,0.0063
158,1990,0.0124
158,1991,0.013
158,1992,0.0077
158,1993,0.0166
158,1994,0.0196
158,1995,0.0138
158,1996,0.0301
158,1997,0.0154
158,1998,0.015
158,1999,0.0333
158,2000,0.0242
158,2001,0.0245
158,2002,0.0253
158,2003,0.0257
158,2004,0.0242
158,2005,0.022
158,2006,0.0199
158,2007,0.0203
158,2008,0.0178
158,2009,0.0211
158,2010,0.0222
158,2011,0.0186
158,2012,0.0283
158,2013,0.0358
158,2014,0.0425
158,2015,0.0486
158,2016,0.0437
158,2017,0.0398
158,2018,0.0323
158,2019,0.0303
159,1990,0.7135
159,1991,0.8843
159,1992,1.0087
159,1993,0.8106
159,1994,0.6921
159,1995,0.7307
159,1996,0.7779
159,1997,1.0361
159,1998,0.9403
159,1999,1.042
159,2000,1.1861
159,2001,1.489
159,2002,1.5695
159,2003,1.4763
159,2004,1.4533
159,2005,1.6196
159,2006,1.4278
159,2007,1.4111
159,2008,1.6407
159,2009,1.6406
159,2010,1.9239
159,2011,2.3105
159,2012,2.7561
159,2013,3.1579
159,2014,3.5716
159,2015,3.3333
159,2016,3.5904
159,2017,3.5631
159,2018,3.7875
159,2019,3.8307
16,1990,0.5021
16,1991,0.1909
16,1992,0.1839
16,1993,0.1022
16,1994,0.0967
16,1995,0.5416
16,1996,0.3392
16,1997,0.5202
16,1998,0.2026
16,1999,0.1448
16,2000,0.4313
16,2001,0.4345
16,2002,0.4318
16,2003,0.7219
16,2004,0.7186
16,2005,0.8597
16,2006,0.7714
16,2007,0.7357
16,2008,0.7594
16,2009,0.9421
16,2010,0.9382
16,2011,0.8235
16,2012,0.871
16,2013,0.8071
16,2014,0.6016
16,2015,1.1087
16,2016,0.7023
16,2017,0.7363
16,2018,0.6776
16,2019,0.6929
160,1990,0
160,1991,0
160,1992,0
160,1993,0
160,1994,0
160,1995,0
160,1996,0
160,1997,0
160,1998,0
160,1999,0
160,2000,0
160,2001,0
160,2002,0
160,2003,0
160,2004,0
160,2005,0
160,2006,0
160,2007,0
160,2008,0
160,2009,0
160,2010,0
160,2011,0
160,2012,0
160,2013,0
160,2014,0
160,2015,0
160,2016,0
160,2017,0
160,2018,0
160,2019,0
162,1990,0.2037
162,1991,0.1949
162,1992,0.2061
162,1993,0.1242
162,1994,0.1452
162,1995,0.128
162,1996,0.1396
162,1997,0.1394
162,1998,0.1441
162,1999,0.1434
162,2000,0.1358
162,2001,0.14
162,2002,0.1357
162,2003,0.1372
162,2004,0.1381
162,2005,0.1345
162,2006,0.1292
162,2007,0.1261
162,2008,0.1242
162,2009,0.1337
162,2010,0.1401
162,2011,0.1365
162,2012,0.1471
162,2013,0.1384
162,2014,0.1274
162,2015,0.0768
162,2016,0.077
162,2017,0.0789
162,2018,0.0776
162,2019,0.068
165,1990,2.6598
165,1991,2.4993
165,1992,2.4166
165,1993,2.4341
165,1994,2.7284
165,1995,2.3033
165,1996,2.4667
165,1997,2.2617
165,1998,1.8721
165,1999,1.8903
165,2000,1.59
165,2001,1.4368
165,2002,1.7121
165,2003,2.3165
165,2004,2.8163
165,2005,3.0596
165,2006,3.2213
165,2007,4.0873
165,2008,2.7715
165,2009,2.9466
165,2010,2.5745
165,2011,2.2688
165,2012,1.71
165,2013,1.5248
165,2014,1.3868
165,2015,1.1019
165,2016,1.0622
165,2017,1.1377
165,2018,1.0414
165,2019,0.9724
166,1990,0.031
166,1991,0.0437
166,1992,0.0461
166,1993,0.0517
166,1994,0.0555
166,1995,0.0394
166,1996,0.1015
166,1997,0.0572
166,1998,0.0583
166,1999,0.0608
166,2000,0.0651
166,2001,0.0623
166,2002,0.0426
166,2003,0.0417
166,2004,0.0367
166,2005,0.0342
166,2006,0.0325
166,2007,0.0242
166,2008,0.0225
166,2009,0.0194
166,2010,0.0128
166,2011,0.0092
166,2012,0.0077
166,2013,0.0055
166,2014,0.0059
166,2015,0.0066
166,2016,0.0064
166,2017,0.0081
166,2018,0.0069
166,2019,0.0071
167,1993,1.4412
167,1994,1.308
167,1995,1.3818
167,1996,0.4881
167,1997,0.4191
167,1998,0.4089
167,1999,0.4495
167,2000,0.4854
167,2001,0.4777
167,2002,0.4287
167,2003,0.4329
167,2004,0.4353
167,2005,0.3911
167,2006,0.3811
167,2007,0.3721
167,2008,0.3682
167,2009,0.3572
167,2010,0.3336
167,2011,0.3203
167,2012,0.3002
167,2013,0.2891
167,2014,0.2881
167,2015,0.2861
167,2016,0.2768
167,2017,0.2767
167,2018,0.2736
167,2019,0.2707
168,1990,0.0437
168,1991,0.0431
168,1992,0.043
168,1993,0.0422
168,1994,0.0406
168,1995,0.0393
168,1996,0.0392
168,1997,0.0423
168,1998,0.0446
168,1999,0.0428
168,2000,0.03
168,2001,0.0313
168,2002,0.0326
168,2003,0.0325
168,2004,0.0429
168,2005,0.0515
168,2006,0.0525
168,2007,0.0527
168,2008,0.054
168,2009,0.0553
168,2010,0.0581
168,2011,0.0578
168,2012,0.056
168,2013,0.0576
168,2014,0.0594
168,2015,0.0598
168,2016,0.06
168,2017,0.0581
168,2018,0.0576
168,2019,0.0573
169,1990,0.1007
169,1991,0.089
169,1992,0.0776
169,1993,0.0605
169,1994,0.0476
169,1995,0.0536
169,1996,0.0528
169,1997,0.0582
169,1998,0.0614
169,1999,0.0585
169,2000,0.0467
169,2001,0.0484
169,2002,0.0508
169,2003,0.0534
169,2004,0.0546
169,2005,0.054
169,2006,0.0553
169,2007,0.0562
169,2008,0.0645
169,2009,0.0692
169,2010,0.0767
169,2011,0.0779
169,2012,0.0767
169,2013,0.0711
169,2014,0.0714
169,2015,0.0789
169,2016,0.0927
169,2017,0.0972
169,2018,0.1034
169,2019,0.1101
17,1990,0.1282
17,1991,0.1286
17,1992,0.1109
17,1993,0.1232
17,1994,0.1131
17,1995,0.1115
17,1996,0.1044
17,1997,0.1
17,1998,0.0995
17,1999,0.0984
17,2000,0.0981
17,2001,0.0964
17,2002,0.1072
17,2003,0.1049
17,2004,0.1081
17,2005,0.1203
17,2006,0.1446
17,2007,0.1276
17,2008,0.1213
17,2009,0.1235
17,2010,0.1236
17,2011,0.1098
17,2012,0.1059
17,2013,0.1058
17,2014,0.1129
17,2015,0.0982
17,2016,0.1466
17,2017,0.0945
17,2018,0.1287
17,2019,0.1319
170,1990,0.2667
170,1991,0.369
170,1992,0.4207
170,1993,0.6298
170,1994,0.5373
170,1995,0.6287
170,1996,0.4991
170,1997,0.47
170,1998,0.536
170,1999,0.9932
170,2000,1.2808
170,2001,0.218
170,2002,0.2129
170,2003,0.1979
170,2004,0.252
170,2005,0.2328
170,2006,0.2238
170,2007,0.3044
170,2008,0.2632
170,2009,0.2331
170,2010,0.1522
170,2011,0.1277
170,2012,0.1314
170,2013,0.082
170,2014,0.0682
170,2015,0.0734
170,2016,0.0592
170,2017,0.0482
170,2018,0.0343
170,2019,0.0298
171,1990,0.215
171,1991,0.0489
171,1992,0.0556
171,1993,0.0623
171,1994,0.0634
171,1995,0.0631
171,1996,0.0684
171,1997,0.0659
171,1998,0.0904
171,1999,0.0984
171,2000,0.0789
171,2001,0.0601
171,2002,0.0662
171,2003,0.0951
171,2004,0.0858
171,2005,0.1135
171,2006,0.0567
171,2007,0.0507
171,2008,0.0573
171,2009,0.6374
171,2010,0.0668
171,2011,0.0502
171,2012,0.058
171,2013,0.0438
171,2014,0.0482
171,2015,0.0634
171,2016,0.0697
171,2017,0.0952
171,2018,0.0632
171,2019,0.0663
173,1990,25.3519
173,1991,39.7994
173,1992,42.1153
173,1993,43.4439
173,1994,42.7206
173,1995,41.8222
173,1996,40.9946
173,1997,36.3245
173,1998,31.5611
173,1999,34.6584
173,2000,23.8724
173,2001,26.9023
173,2002,22.1854
173,2003,20.6704
173,2004,20.6728
173,2005,22.2448
173,2006,25.1706
173,2007,23.5842
173,2008,25.1344
173,2009,25.1206
173,2010,27.5805
173,2011,25.1105
173,2012,25.8889
173,2013,25.0989
173,2014,23.5398
173,2015,21.9892
173,2016,23.5576
173,2017,23.3089
173,2018,23.0155
173,2019,22.9107
174,1990,0.585
174,1991,0.6224
174,1992,0.5692
174,1993,0.5218
174,1994,0.5303
174,1995,0.4482
174,1996,0.4664
174,1997,0.3998
174,1998,0.3594
174,1999,0.3097
174,2000,0.3805
174,2001,0.2296
174,2002,0.2239
174,2003,0.1892
174,2004,0.1622
174,2005,0.0984
174,2006,0.085
174,2007,0.2137
174,2008,0.1186
174,2009,0.0779
174,2010,0.1094
174,2011,0.0788
174,2012,0.071
174,2013,0.0699
174,2014,0.0694
174,2015,0.0711
174,2016,0.0684
174,2017,0.07
174,2018,0.0693
174,2019,0.0693
175,1990,0.067
175,1991,0.068
175,1992,0.0665
175,1993,0.0703
175,1994,0.0668
175,1995,0.0701
175,1996,0.0688
175,1997,0.0784
175,1998,0.0733
175,1999,0.0832
175,2000,0.0544
175,2001,0.0555
175,2002,0.0585
175,2003,0.0756
175,2004,0.0779
175,2005,0.0753
175,2006,0.0757
175,2007,0.0792
175,2008,0.0782
175,2009,0.0821
175,2010,0.0834
175,2011,0.0825
175,2012,0.0816
175,2013,0.0829
175,2014,0.0934
175,2015,0.0991
175,2016,0.1071
175,2017,0.1136
175,2018,0.1217
175,2019,0.1274
176,2002,0.027
176,2003,0.0251
176,2004,0.0277
176,2005,0.026
176,2006,0.0275
176,2007,0.024
176,2008,0.0249
176,2009,0.0264
176,2010,0.0275
176,2011,0.0288
176,2012,0.0477
176,2013,0.0478
176,2014,0.0579
176,2015,0.0535
176,2016,0.0342
176,2017,0.0293
176,2018,0.0292
176,2019,0.0234
178,1994,0.0034
178,1995,0.0041
178,1996,0.0046
178,1997,0.0043
178,1998,0.0036
178,1999,0.0033
178,2000,0.0033
178,2001,0.0036
178,2002,0.0038
178,2003,0.0037
178,2004,0.003
178,2005,0.0019
178,2006,0.0016
178,2007,0.0017
178,2008,0.0016
178,2009,0.002
178,2010,0.0024
178,2011,0.0026
178,2012,0.0026
178,2013,0.0026
178,2014,0.0026
178,2015,0.0025
178,2016,0.0026
178,2017,0.0029
178,2018,0.003
178,2019,0.0031
179,1990,0.0528
179,1991,0.0543
179,1992,0.0562
179,1993,0.0555
179,1994,0.0603
179,1995,0.0648
179,1996,0.066
179,1997,0.0713
179,1998,0.0731
179,1999,0.065
179,2000,0.0671
179,2001,0.0671
179,2002,0.071
179,2003,0.0635
179,2004,0.0796
179,2005,0.0876
179,2006,0.1008
179,2007,0.0949
179,2008,0.1192
179,2009,0.1397
179,2010,0.1327
179,2011,0.1279
179,2012,0.1225
179,2013,0.1166
179,2014,0.1294
179,2015,0.1226
179,2016,0.1178
179,2017,0.1076
179,2018,0.0909
179,2019,0.0832
18,1990,0.015
18,1991,0.0145
18,1992,0.0229
18,1993,0.0118
18,1994,0.0183
18,1995,0.0216
18,1996,0.026
18,1997,0.0484
18,1998,0.0435
18,1999,0.0394
18,2000,0.0353
18,2001,0.0258
18,2002,0.0294
18,2003,0.0186
18,2004,0.0043
18,2005,0.0161
18,2006,0.0141
18,2007,0.013
18,2008,0.0167
18,2009,0.0086
18,2010,0.0107
18,2011,0.0115
18,2012,0.014
18,2013,0.0178
18,2014,0.0163
18,2015,0.0102
18,2016,0.0121
18,2017,0.0121
18,2018,0.0136
18,2019,0.013
180,1992,0.0011
180,1993,0.0011
180,1994,0.001
180,1995,0.001
180,1996,0.001
180,1997,0.0011
180,1998,0.0013
180,1999,0.0014
180,2000,0.0014
180,2001,0.0014
180,2002,0.0014
180,2003,0.0015
180,2004,0.0019
180,2005,0.0023
180,2006,0.0035
180,2007,0.0042
180,2008,0.0043
180,2009,0.0043
180,2010,0.0051
180,2011,0.0045
180,2012,0.0045
180,2013,0.004
180,2014,0.0031
180,2015,0.0019
180,2016,0.0014
180,2017,0.0012
180,2018,0.0011
180,2019,0.0008
181,1990,4.5874
181,1991,4.4996
181,1992,3.8246
181,1993,2.9795
181,1994,2.9455
181,1995,3.1125
181,1996,4.2925
181,1997,3.8356
181,1998,3.944
181,1999,4.4352
181,2000,4.7158
181,2001,2.2259
181,2002,2.4113
181,2003,3.32
181,2004,2.5396
181,2005,3.2973
181,2006,7.5233
181,2007,9.1332
181,2008,8.1235
181,2009,9.4435
181,2010,5.9793
181,2011,2.1187
181,2012,1.7875
181,2013,0.3726
181,2014,0.5772
181,2015,0.3621
181,2016,0.4142
181,2017,0.1516
181,2018,0.1418
181,2019,0.0825
182,1990,0.0386
182,1991,0.0362
182,1992,0.0363
182,1993,0.0355
182,1994,0.0361
182,1995,0.0359
182,1996,0.0366
182,1997,0.0351
182,1998,0.0346
182,1999,0.0349
182,2000,0.0354
182,2001,0.0364
182,2002,0.0362
182,2003,0.0372
182,2004,0.0376
182,2005,0.037
182,2006,0.0358
182,2007,0.0416
182,2008,0.0424
182,2009,0.0464
182,2010,0.0482
182,2011,0.0251
182,2012,0.021
182,2013,0.0202
182,2014,0.0185
182,2015,0.0181
182,2016,0.0184
182,2017,0.0179
182,2018,0.0174
182,2019,0.0169
183,1990,0.5181
183,1991,0.4484
183,1992,0.2626
183,1993,0.184
183,1994,0.1117
183,1995,0.1346
183,1996,0.1464
183,1997,0.1351
183,1998,0.1371
183,1999,0.0758
183,2000,0.1002
183,2001,0.0508
183,2002,0.0469
183,2003,0.0427
183,2004,0.0731
183,2005,0.071
183,2006,0.0949
183,2007,0.0603
183,2008,0.0666
183,2009,0.0742
183,2010,0.0808
183,2011,0.0895
183,2012,0.1246
183,2013,0.0935
183,2014,0.0821
183,2015,0.106
183,2016,0.0895
183,2017,0.102
183,2018,0.119
183,2019,0.1264
184,1990,0.1819
184,1991,0.1601
184,1992,0.1484
184,1993,0.1359
184,1994,0.1267
184,1995,0.1222
184,1996,0.121
184,1997,0.1203
184,1998,0.1191
184,1999,0.1179
184,2000,0.1171
184,2001,0.1148
184,2002,0.1123
184,2003,0.1084
184,2004,0.0959
184,2005,0.0962
184,2006,0.0779
184,2007,0.0864
184,2008,0.0883
184,2009,0.0957
184,2010,0.0956
184,2011,0.1116
184,2012,0.1169
184,2013,0.1225
184,2014,0.1328
184,2015,0.1569
184,2016,0.1653
184,2017,0.1549
184,2018,0.1843
184,2019,0.1946
185,1992,16.1729
185,1993,14.689
185,1994,13.8974
185,1995,13.7625
185,1996,12.4229
185,1997,12.1168
185,1998,11.4185
185,1999,11.5487
185,2000,10.0219
185,2001,10.3155
185,2002,8.5943
185,2003,7.6365
185,2004,7.0421
185,2005,7.0988
185,2006,6.9386
185,2007,6.5493
185,2008,6.1188
185,2009,6.1876
185,2010,6.0434
185,2011,6.2447
185,2012,6.4301
185,2013,6.3695
185,2014,7.4687
185,2015,7.2484
185,2016,6.4272
185,2017,5.9714
185,2018,6.0911
185,2019,5.8155
186,1992,0.0237
186,1993,0.019
186,1994,0.0204
186,1995,0.0622
186,1996,0.0966
186,1997,0.1172
186,1998,0.1062
186,1999,0.076
186,2000,0.0906
186,2001,0.103
186,2002,0.1106
186,2003,0.1012
186,2004,0.1004
186,2005,0.0987
187,1990,0.0018
187,1991,0.0017
187,1992,0.0017
187,1993,0.002
187,1994,0.0019
187,1995,0.0019
187,1996,0.0018
187,1997,0.0017
187,1998,0.0015
187,1999,0.0015
187,2000,0.0013
187,2001,0.001
187,2002,0.001
187,2003,0.0007
187,2004,0.0004
187,2005,0.0013
187,2006,0.001
187,2007,0.0017
187,2008,0.0011
187,2009,0.0008
187,2010,0.0012
187,2011,0.0011
187,2012,0.0013
187,2013,0.0011
187,2014,0.0016
187,2015,0.0014
187,2016,0.0025
187,2017,0.0013
187,2018,0.0021
187,2019,0.0022
188,1990,0.0005
188,1991,0.0005
188,1992,0.0006
188,1993,0.0006
188,1994,0.0008
188,1995,0.0009
188,1996,0.0011
188,1997,0.0012
188,1998,0.0013
188,1999,0.0014
188,2000,0.0014
188,2001,0.0011
188,2002,0.0015
188,2003,0.0014
188,2004,0.0013
188,2005,0.0009
188,2006,0.0011
188,2007,0.001
188,2008,0.001
188,2009,0.001
188,2010,0.001
188,2011,0.001
188,2012,0.001
188,2013,0.001
188,2014,0.0009
188,2015,0.0009
188,2016,0.0009
188,2017,0.0008
188,2018,0.0008
188,2019,0.0008
189,1990,0.0001
189,1991,0.0001
189,1992,0.0001
189,1993,0.0002
189,1994,0.0002
189,1995,0.0003
189,1996,0.0003
189,1997,0.0003
189,1998,0.0004
189,1999,0.0003
189,2000,0.0003
189,2001,0.0005
189,2002,0.0004
189,2003,0.0005
189,2004,0.0005
189,2005,0.0004
189,2006,0.0005
189,2007,0.0005
189,2008,0.0005
189,2009,0.0005
189,2010,0.0006
189,2011,0.0006
189,2012,0.0005
189,2013,0.0005
189,2014,0.0005
189,2015,0.0005
189,2016,0.0005
189,2017,0.0006
189,2018,0.0006
189,2019,0.0006
19,1990,0.1953
19,1991,0.157
19,1992,0.1168
19,1993,0.0747
19,1994,0.0424
19,1995,0.0454
19,1996,0.0481
19,1997,0.0527
19,1998,0.0553
19,1999,0.056
19,2000,0.0828
19,2001,0.0807
19,2002,0.0826
19,2003,0.0879
19,2004,0.0959
19,2005,0.0962
19,2006,0.0645
19,2007,0.0686
19,2008,0.0732
19,2009,0.0737
19,2010,0.0742
19,2011,0.0749
19,2012,0.0744
19,2013,0.0752
19,2014,0.0761
19,2015,0.0794
19,2016,0.084
19,2017,0.0897
19,2018,0.0909
19,2019,0.0938
190,1990,0.0002
190,1991,0.0002
190,1992,0.0002
190,1993,0.0002
190,1994,0.0002
190,1995,0.0002
190,1996,0.0002
190,1997,0.0002
190,1998,0.0002
190,1999,0.0002
190,2000,0.0002
190,2001,0.0002
190,2002,0.0002
190,2003,0.0003
190,2004,0.0002
190,2005,0.0003
190,2006,0.0003
190,2007,0.0003
190,2008,0.0003
190,2009,0.0003
190,2010,0.0003
190,2011,0.0003
190,2012,0.0004
190,2013,0.0004
190,2014,0.0003
190,2015,0.0003
190,2016,0.0004
190,2017,0.0004
190,2018,0.0003
190,2019,0.0003
191,1990,0.0001
191,1991,0.0001
191,1992,0.0001
191,1993,0.0002
191,1994,0.0002
191,1995,0.0002
191,1996,0.0003
191,1997,0.0003
191,1998,0.0004
191,1999,0.0003
191,2000,0.0003
191,2001,0.0004
191,2002,0.0004
191,2003,0.0004
191,2004,0.0005
191,2005,0.0005
191,2006,0.0005
191,2007,0.0005
191,2008,0.0005
191,2009,0.0006
191,2010,0.0004
191,2011,0.0003
191,2012,0.0003
191,2013,0.0003
191,2014,0.0003
191,2015,0.0003
191,2016,0.0003
191,2017,0.0002
191,2018,0.0003
191,2019,0.0002
193,1990,0
193,1991,0
193,1992,0
193,1993,0
193,1994,0
193,1995,0
193,1996,0
193,1997,0
193,1998,0
193,1999,0
193,2000,0
193,2001,0
193,2002,0
193,2003,0
193,2004,0.0001
193,2005,0.0001
193,2006,0.0001
193,2007,0.0001
193,2008,0.0001
193,2009,0.0001
193,2010,0.0001
193,2011,0.0001
193,2012,0.0001
193,2013,0.0001
193,2014,0.0001
193,2015,0.0001
193,2016,0.0001
193,2017,0.0001
193,2018,0.0001
193,2019,0.0001
194,1990,1.3735
194,1991,1.4981
194,1992,1.5402
194,1993,1.5316
194,1994,1.713
194,1995,1.6858
194,1996,1.4158
194,1997,1.363
194,1998,1.3818
194,1999,1.2734
194,2000,1.1387
194,2001,1.217
194,2002,1.3457
194,2003,1.4349
194,2004,1.3875
194,2005,1.3978
194,2006,1.4716
194,2007,1.5984
194,2008,1.7134
194,2009,1.6452
194,2010,1.7524
194,2011,1.8179
194,2012,1.8827
194,2013,1.8831
194,2014,1.931
194,2015,2.0335
194,2016,1.7992
194,2017,1.6052
194,2018,1.7107
194,2019,1.6666
195,1990,0.0484
195,1991,0.0496
195,1992,0.0505
195,1993,0.0516
195,1994,0.052
195,1995,0.0548
195,1996,0.0578
195,1997,0.0328
195,1998,0.0353
195,1999,0.0382
195,2000,0.0425
195,2001,0.0431
195,2002,0.1282
195,2003,0.1234
195,2004,0.1269
195,2005,0.1374
195,2006,0.1315
195,2007,0.2173
195,2008,0.1971
195,2009,0.258
195,2010,0.2544
195,2011,0.3269
195,2012,0.2718
195,2013,0.243
195,2014,0.2615
195,2015,0.2395
195,2016,0.2301
195,2017,0.1883
195,2018,0.2524
195,2019,0.2506
196,1990,0.0012
196,1991,0.0014
196,1992,0.0013
196,1993,0.0013
196,1994,0.0014
196,1995,0.0013
196,1996,0.0016
196,1997,0.0018
196,1998,0.0022
196,1999,0.003
196,2000,0.0017
196,2001,0.0025
196,2002,0.0028
196,2003,0.0025
196,2004,0.0047
196,2005,0.0025
196,2006,0.0022
196,2007,0.0035
196,2008,0.0043
196,2009,0.0036
196,2010,0.0041
196,2011,0.0041
196,2012,0.0037
196,2013,0.0036
196,2014,0.0043
196,2015,0.0041
196,2016,0.0046
196,2017,0.0054
196,2018,0.0077
196,2019,0.0084
197,1990,0.0014
197,1991,0.0015
197,1992,0.0016
197,1993,0.0015
197,1994,0.0017
197,1995,0.0009
197,1996,0.0012
197,1997,0.0008
197,1998,0.0008
197,1999,0.0007
197,2000,0.0013
197,2001,0.0012
197,2002,0.0016
197,2003,0.0019
197,2004,0.002
197,2005,0.0018
197,2006,0.0027
197,2007,0.0022
197,2008,0.0022
197,2009,0.0024
197,2010,0.0027
197,2011,0.0034
197,2012,0.0037
197,2013,0.0047
197,2014,0.0055
197,2015,0.0045
197,2016,0.0046
197,2017,0.0049
197,2018,0.0045
197,2019,0.0043
198,1992,0.0374
198,1993,0.0452
198,1994,0.05
198,1995,0.0505
198,1996,0.0572
198,1997,0.0537
198,1998,0.0466
198,1999,0.0444
198,2000,0.0448
198,2001,0.0478
198,2002,0.0569
198,2003,0.0601
198,2004,0.051
198,2005,0.0542
198,2006,0.0538
198,2007,0.0648
198,2008,0.0669
198,2009,0.0434
198,2010,0.0396
198,2011,0.0375
198,2012,0.0364
198,2013,0.0316
198,2014,0.0351
198,2015,0.0354
198,2016,0.0314
198,2017,0.0347
198,2018,0.0345
198,2019,0.0345
199,1993,0.1698
199,1994,0.1491
199,1995,0.1138
199,1996,0.1097
199,1997,0.1112
199,1998,0.1078
199,1999,0.0993
199,2000,0.0656
199,2001,0.0433
199,2002,0.0409
199,2003,0.0394
199,2004,0.0651
199,2005,0.0566
199,2006,0.0524
199,2007,0.052
199,2008,0.0542
199,2009,0.0508
199,2010,0.0523
199,2011,0.0528
199,2012,0.0509
199,2013,0.0513
199,2014,0.0516
199,2015,0.0471
199,2016,0.0463
199,2017,0.0451
199,2018,0.0457
199,2019,0.0445
2,1990,0.0697
2,1991,0.0562
2,1992,0.011
2,1993,0.0093
2,1994,0.0082
2,1995,0.007
2,1996,0.005
2,1997,0.0037
2,1998,0.0034
2,1999,0.0022
2,2000,0.0021
2,2001,0.0046
2,2002,0.0029
2,2003,0.0049
2,2004,0.0042
2,2005,0.0047
2,2006,0.008
2,2007,0.0765
2,2008,0.1169
2,2009,0.178
2,2010,0.2316
2,2011,0.4201
2,2012,0.2564
2,2013,0.2441
2,2014,0.1946
2,2015,0.1091
2,2016,0.0894
2,2017,0.0888
2,2018,0.0872
2,2019,0.0657
20,1990,0.0356
20,1991,0.0389
20,1992,0.0394
20,1993,0.0398
20,1994,0.0306
20,1995,0.0257
20,1996,0.0357
20,1997,0.028
20,1998,0.0274
20,1999,0.0309
20,2000,0.0351
20,2001,0.0344
20,2002,0.0369
20,2003,0.0487
20,2004,0.0495
20,2005,0.1025
20,2006,0.1055
20,2007,0.1717
20,2008,0.1149
20,2009,0.1133
20,2010,0.1176
20,2011,0.1222
20,2012,0.1264
20,2013,0.1295
20,2014,0.1361
20,2015,0.131
20,2016,0.1718
20,2017,0.1905
20,2018,0.1844
20,2019,0.1941
200,1990,0.1142
200,1991,0.1167
200,1992,0.112
200,1993,0.1092
200,1994,0.0724
200,1995,0.073
200,1996,0.0737
200,1997,0.0725
200,1998,0.0732
200,1999,0.0733
200,2000,0.0719
200,2001,0.0714
200,2002,0.0742
200,2003,0.091
200,2004,0.0861
200,2005,0.0888
200,2006,0.1029
200,2007,0.056
200,2008,0.0579
200,2009,0.0723
200,2010,0.075
200,2011,0.0744
200,2012,0.0749
200,2013,0.0843
200,2014,0.0719
200,2015,0.0708
200,2016,0.0715
200,2017,0.0654
200,2018,0.0697
200,2019,0.0692
201,1990,0.0857
201,1991,0.0767
201,1992,0.0723
201,1993,0.0665
201,1994,0.0679
201,1995,0.0644
201,1996,0.0704
201,1997,0.0671
201,1998,0.062
201,1999,0.0592
201,2000,0.0575
201,2001,0.0596
201,2002,0.0592
201,2003,0.0588
201,2004,0.0578
201,2005,0.0575
201,2006,0.0572
201,2007,0.0817
201,2008,0.0785
201,2009,0.0837
201,2010,0.0765
201,2011,0.0725
201,2012,0.0596
201,2013,0.0568
201,2014,0.0647
201,2015,0.0628
201,2016,0.0676
201,2017,0.0696
201,2018,0.0766
201,2019,0.0789
202,1990,0.6537
202,1991,0.8143
202,1992,1.7371
202,1993,1.736
202,1994,2.6525
202,1995,2.6476
202,1996,2.2442
202,1997,2.2106
202,1998,1.8126
202,1999,1.1681
202,2000,0.916
202,2001,1.2476
202,2002,1.2107
202,2003,1.5064
202,2004,1.458
202,2005,0.6835
202,2006,0.7577
202,2007,0.6336
202,2008,0.8431
202,2009,0.6337
202,2010,1.6612
202,2011,6.1757
202,2012,9.7051
202,2013,10.1814
202,2014,10.3717
202,2015,9.1518
202,2016,6.0632
202,2017,6.7923
202,2018,13.1228
202,2019,13.6732
203,1990,2.089
203,1991,2.5296
203,1992,2.4142
203,1993,1.6185
203,1994,1.338
203,1995,1.0259
203,1996,0.9886
203,1997,0.9925
203,1998,0.9264
203,1999,0.923
203,2000,1.037
203,2001,1.1145
203,2002,1.0959
203,2003,1.1712
203,2004,1.1838
203,2005,1.1019
203,2006,0.9885
203,2007,1.1331
203,2008,0.9856
203,2009,0.695
203,2010,0.7565
203,2011,0.9072
203,2012,0.7954
203,2013,0.875
203,2014,0.761
203,2015,0.6372
203,2016,0.6551
203,2017,0.7222
203,2018,0.7141
203,2019,0.7047
206,1990,0.0418
206,1991,0.0349
206,1992,0.0336
206,1993,0.0231
206,1994,0.0333
206,1995,0.0323
206,1996,0.035
206,1997,0.0345
206,1998,0.0328
206,1999,0.0405
206,2000,0.029
206,2001,0.0274
206,2002,0.0406
206,2003,0.0442
206,2004,0.0364
206,2005,0.0354
206,2006,0.0442
206,2007,0.0729
206,2008,0.058
206,2009,0.0515
206,2010,0.0552
206,2011,0.0469
207,1990,0.0915
207,1991,0.0986
207,1992,0.1014
207,1993,0.1022
207,1994,0.1036
207,1995,0.1029
207,1996,0.1055
207,1997,0.1074
207,1998,0.1072
207,1999,0.1036
207,2000,0.1037
207,2001,0.1108
207,2002,0.0722
207,2003,0.0572
207,2004,0.0555
207,2005,0.0539
207,2006,0.0509
207,2007,0.0451
207,2008,0.0427
207,2009,0.0384
207,2010,0.0381
207,2011,0.0342
207,2012,0.0418
207,2013,0.0366
207,2014,0.0398
207,2015,0.0393
207,2016,0.0425
207,2017,0.0357
207,2018,0.0353
207,2019,0.0344
208,1992,0.0368
208,1993,0.0239
208,1994,0.0098
208,1995,0.0091
208,1996,0.0087
208,1997,0.0085
208,1998,0.0082
208,1999,0.0073
208,2000,0.0052
208,2001,0.0075
208,2002,0.0079
208,2003,0.008
208,2004,0.0101
208,2005,0.0078
208,2006,0.0105
208,2007,0.0189
208,2008,0.0166
208,2009,0.017
208,2010,0.0179
208,2011,0.015
208,2012,0.0189
208,2013,0.0204
208,2014,0.0329
208,2015,0.0313
208,2016,0.0316
208,2017,0.0291
208,2018,0.0281
208,2019,0.0272
209,1990,0.0063
209,1991,0.0063
209,1992,0.0065
209,1993,0.0066
209,1994,0.0072
209,1995,0.0072
209,1996,0.0071
209,1997,0.0084
209,1998,0.0084
209,1999,0.0084
209,2000,0.0086
209,2001,0.0094
209,2002,0.0098
209,2003,0.0105
209,2004,0.012
209,2005,0.0128
209,2006,0.014
209,2007,0.0158
209,2008,0.0176
209,2009,0.0192
209,2010,0.021
209,2011,0.0227
209,2012,0.0262
209,2013,0.028
209,2014,0.029
209,2015,0.0326
209,2016,0.0375
209,2017,0.0035
209,2018,0.005
209,2019,0.0016
21,1990,6.4336
21,1991,6.6811
21,1992,5.3619
21,1993,4.5619
21,1994,4.1169
21,1995,4.3963
21,1996,5.2606
21,1997,5.7857
21,1998,5.5397
21,1999,6.309
21,2000,6.9641
21,2001,6.3908
21,2002,6.3209
21,2003,6.3373
21,2004,6.0015
21,2005,5.2159
21,2006,5.1532
21,2007,5.412
21,2008,5.659
21,2009,4.9984
21,2010,5.9851
21,2011,6.4877
21,2012,6.3944
21,2013,6.3521
21,2014,6.4352
21,2015,6.227
21,2016,5.4456
21,2017,6.0484
21,2018,5.9108
21,2019,5.8059
210,1990,1.1188
210,1991,0.8182
210,1992,0.4318
210,1993,0.3445
210,1994,0.2684
210,1995,0.1968
210,1996,0.1529
210,1997,0.15
210,1998,0.1697
210,1999,0.1428
210,2000,0.1316
210,2001,0.1289
210,2002,0.1527
210,2003,0.1577
210,2004,0.1535
210,2005,0.1794
210,2006,0.1671
210,2007,0.1833
210,2008,0.1799
210,2009,0.1539
210,2010,0.17
210,2011,0.1717
210,2012,0.1685
210,2013,0.1679
210,2014,0.1581
210,2015,0.1466
210,2016,0.15
210,2017,0.1441
210,2018,0.1204
210,2019,0.1128
211,1990,0.1926
211,1991,0.1729
211,1992,0.1415
211,1993,0.1641
211,1994,0.1678
211,1995,0.172
211,1996,0.1589
211,1997,0.1451
211,1998,0.1362
211,1999,0.1296
211,2000,0.133
211,2001,0.1369
211,2002,0.1254
211,2003,0.131
211,2004,0.1344
211,2005,0.1337
211,2006,0.129
211,2007,0.1353
211,2008,0.1318
211,2009,0.1269
211,2010,0.1245
211,2011,0.1092
211,2012,0.1021
211,2013,0.0948
211,2014,0.0826
211,2015,0.0778
211,2016,0.0751
211,2017,0.0731
211,2018,0.0716
211,2019,0.0695
212,1990,0.177
212,1991,0.1762
212,1992,0.1683
212,1993,0.171
212,1994,0.1828
212,1995,0.1869
212,1996,0.2213
212,1997,0.1991
212,1998,0.2031
212,1999,0.1893
212,2000,0.1557
212,2001,0.1858
212,2002,0.1735
212,2003,0.1514
212,2004,0.1444
212,2005,0.1474
212,2006,0.1527
212,2007,0.2549
212,2008,0.253
212,2009,0.2137
212,2010,0.2164
212,2011,0.221
212,2012,0.1791
212,2013,0.1091
212,2014,0.0986
212,2015,0.0896
212,2016,0.0929
212,2017,0.0992
212,2018,0.0894
212,2019,0.0876
213,1992,0.2761
213,1993,0.1218
213,1994,0.1194
213,1995,0.1111
213,1996,0.1196
213,1997,0.0906
213,1998,0.1122
213,1999,0.1209
213,2000,0.1287
213,2001,0.1175
213,2002,0.1298
213,2003,0.1441
213,2004,0.1486
213,2005,0.1534
213,2006,0.1578
213,2007,0.1692
213,2008,0.173
213,2009,0.1739
213,2010,0.1839
213,2011,0.1818
213,2012,0.1936
213,2013,0.1785
213,2014,0.1861
213,2015,0.1747
213,2016,0.1597
213,2017,0.1404
213,2018,0.1267
213,2019,0.1148
215,1990,0.0301
215,1991,0.0287
215,1992,0.0285
215,1993,0.0671
215,1994,0.0611
215,1995,0.0264
215,1996,0.0337
215,1997,0.0235
215,1998,0.0591
215,1999,0.1007
215,2000,0.1037
215,2001,0.082
215,2002,0.0734
215,2003,0.0601
215,2004,0.0672
215,2005,0.0502
215,2006,0.0557
215,2007,0.0708
215,2008,0.0642
215,2009,0.1439
215,2010,0.237
215,2011,0.3464
215,2012,0.3118
215,2013,0.2885
215,2014,0.4972
215,2015,0.4236
215,2016,0.3802
215,2017,0.5012
215,2018,0.489
215,2019,0.4876
216,1990,0.6055
216,1991,0.6452
216,1992,0.6178
216,1993,0.6429
216,1994,0.6335
216,1995,0.6015
216,1996,0.7994
216,1997,0.7307
216,1998,0.632
216,1999,0.7974
216,2000,0.8336
216,2001,0.9706
216,2002,0.9788
216,2003,1.0889
216,2004,1.1433
216,2005,1.0605
216,2006,1.1498
216,2007,1.1605
216,2008,1.0952
216,2009,1.0449
216,2010,1.0282
216,2011,1.1877
216,2012,1.212
216,2013,1.1801
216,2014,1.084
216,2015,1.2164
216,2016,1.0686
216,2017,1.0945
216,2018,1.0514
216,2019,1.0449
217,1990,0.0165
217,1991,0.0169
217,1992,0.0171
217,1993,0.0172
217,1994,0.0174
217,1995,0.0179
217,1996,0.0207
217,1997,0.0235
217,1998,0.0258
217,1999,0.0345
217,2000,0.0177
217,2001,0.0171
217,2002,0.0234
217,2003,0.0283
217,2004,0.0288
217,2005,0.028
217,2006,0.0219
217,2007,0.0258
217,2008,0.0424
217,2009,0.0637
217,2010,0.0527
217,2011,0.0478
217,2012,0.0408
217,2013,0.0423
217,2014,0.0283
217,2015,0.0314
217,2016,0.0395
217,2017,0.0419
217,2018,0.0485
217,2019,0.0526
219,1990,0.0003
219,1991,0.0003
219,1992,0.0002
219,1993,0.0002
219,1994,0.0003
219,1995,0.0003
219,1996,0.0002
219,1997,0.0003
219,1998,0.0003
219,1999,0.0004
219,2000,0.0003
219,2001,0.0003
219,2002,0.0003
219,2003,0.0004
219,2004,0.0003
219,2005,0.0003
219,2006,0.0004
219,2007,0.0003
219,2008,0.0004
219,2009,0.0004
219,2010,0.0004
219,2011,0.0003
219,2012,0.0004
219,2013,0.0013
219,2014,0.0009
219,2015,0.0006
219,2016,0.0005
219,2017,0.0005
219,2018,0.0004
219,2019,0.0003
22,1990,0.0159
22,1991,0.0188
22,1992,0.0193
22,1993,0.0237
22,1994,0.0241
22,1995,0.0265
22,1996,0.0277
22,1997,0.0306
22,1998,0.0309
22,1999,0.0296
22,2000,0.0286
22,2001,0.0287
22,2002,0.0281
22,2003,0.0274
22,2004,0.0265
22,2005,0.0269
22,2006,0.0264
22,2007,0.0259
22,2008,0.0256
22,2009,0.0244
22,2010,0.0226
22,2011,0.0219
22,2012,0.0213
22,2013,0.0211
22,2014,0.0206
22,2015,0.02
22,2016,0.0194
22,2017,0.0195
22,2018,0.0198
22,2019,0.0196
220,1990,0.0356
220,1991,0.035
220,1992,0.0343
220,1993,0.0307
220,1994,0.0311
220,1995,0.0341
220,1996,0.0389
220,1997,0.0435
220,1998,0.0437
220,1999,0.0431
220,2000,0.0436
220,2001,0.0409
220,2002,0.0399
220,2003,0.039
220,2004,0.0387
220,2005,0.0372
220,2006,0.041
220,2007,0.0409
220,2008,0.0402
220,2009,0.0412
220,2010,0.0386
220,2011,0.038
220,2012,0.0379
220,2013,0.033
220,2014,0.0395
220,2015,0.0364
220,2016,0.0331
220,2017,0.0324
220,2018,0.0269
220,2019,0.0244
221,1990,0.0673
221,1991,0.0749
221,1992,0.0626
221,1993,0.0566
221,1994,0.0668
221,1995,0.1145
221,1996,0.1123
221,1997,0.0937
221,1998,0.0862
221,1999,0.115
221,2000,0.1164
221,2001,0.097
221,2002,0.0947
221,2003,0.153
221,2004,0.1352
221,2005,0.1387
221,2006,0.1593
221,2007,0.1793
221,2008,0.2135
221,2009,0.1917
221,2010,0.197
221,2011,0.2178
221,2012,0.2278
221,2013,0.2122
221,2014,0.2003
221,2015,0.189
221,2016,0.1606
221,2017,0.1483
221,2018,0.1366
221,2019,0.1274
222,1990,0.057
222,1991,0.0642
222,1992,0.072
222,1993,0.0828
222,1994,0.084
222,1995,0.0847
222,1996,0.0899
222,1997,0.0837
222,1998,0.0832
222,1999,0.0861
222,2000,0.0888
222,2001,0.0936
222,2002,0.0968
222,2003,0.1008
222,2004,0.1051
222,2005,0.1075
222,2006,0.1045
222,2007,0.1067
222,2008,0.1083
222,2009,0.1115
222,2010,0.1156
222,2011,0.1106
222,2012,0.1093
222,2013,0.1098
222,2014,0.1127
222,2015,0.1162
222,2016,0.117
222,2017,0.1283
222,2018,0.1325
222,2019,0.1364
223,1990,12.083
223,1991,13.9843
223,1992,13.1465
223,1993,12.4728
223,1994,10.8464
223,1995,13.6249
223,1996,22.7933
223,1997,27.7241
223,1998,29.7034
223,1999,24.0702
223,2000,37.0407
223,2001,24.0371
223,2002,34.037
223,2003,42.7731
223,2004,45.0081
223,2005,44.4679
223,2006,56.9441
223,2007,66.9586
223,2008,42.4459
223,2009,46.4539
223,2010,43.6148
223,2011,34.737
223,2012,31.7441
223,2013,23.0571
223,2014,13.9736
223,2015,8.4893
223,2016,5.3209
223,2017,2.7005
223,2018,1.0168
223,2019,0.5823
224,1990,0.0036
224,1991,0.0036
224,1992,0.0038
224,1993,0.0044
224,1994,0.0044
224,1995,0.0048
224,1996,0.0047
224,1997,0.0046
224,1998,0.0047
224,1999,0.0048
224,2000,0.0049
224,2001,0.005
224,2002,0.006
224,2003,0.0061
224,2004,0.0064
224,2005,0.0078
224,2006,0.0082
224,2007,0.0085
224,2008,0.0081
224,2009,0.0065
224,2010,0.0067
224,2011,0.006
224,2012,0.0051
224,2013,0.0056
224,2014,0.0059
224,2015,0.0059
224,2016,0.0061
224,2017,0.0084
224,2018,0.0084
224,2019,0.0089
225,1990,0.3323
225,1991,0.3692
225,1992,0.3663
225,1993,0.3978
225,1994,0.429
225,1995,0.4336
225,1996,0.3589
225,1997,0.3473
225,1998,0.43
225,1999,0.3942
225,2000,0.36
225,2001,0.4146
225,2002,0.734
225,2003,0.869
225,2004,0.9056
225,2005,0.9812
225,2006,1.4938
225,2007,1.4955
225,2008,2.8704
225,2009,2.2031
225,2010,4.1726
225,2011,2.6003
225,2012,3.6242
225,2013,3.839
225,2014,2.3973
225,2015,1.4807
225,2016,1.0759
225,2017,0.7277
225,2018,0.4483
225,2019,0.3331
226,1990,0.0207
226,1991,0.0171
226,1992,0.0206
226,1993,0.017
226,1994,0.0166
226,1995,0.0141
226,1996,0.0147
226,1997,0.0081
226,1998,0.0089
226,1999,0.0126
226,2000,0.0095
226,2001,0.0098
226,2002,0.0095
226,2003,0.024
226,2004,0.0248
226,2005,0.0324
226,2006,0.0323
226,2007,0.1756
226,2008,0.1001
226,2009,0.1748
226,2010,0.1697
226,2011,0.1465
226,2012,0.0674
226,2013,0.1234
226,2014,0.1325
226,2015,0.2145
226,2016,0.2286
226,2017,0.2424
226,2018,0.2605
226,2019,0.2861
227,1990,0.0005
227,1991,0.0005
227,1992,0.0005
227,1993,0.0005
227,1994,0.0006
227,1995,0.0006
227,1996,0.0004
227,1997,0.0004
227,1998,0.0035
227,1999,0.0003
227,2000,0.0003
227,2001,0.0004
227,2002,0.0004
227,2003,0.0004
227,2004,0.0004
227,2005,0.0003
227,2006,0.0004
227,2007,0.0005
227,2008,0.0004
227,2009,0.0005
227,2010,0.0004
227,2011,0.0004
227,2012,0.0004
227,2013,0.0005
227,2014,0.0004
227,2015,0.0003
227,2016,0.0002
227,2017,0.0002
227,2018,0.0003
227,2019,0.0003
228,1990,193.7831
228,1991,186.0523
229,1990,1.9256
229,1991,1.8753
229,1992,1.7489
229,1993,1.6224
229,1994,1.3961
229,1995,1.1701
229,1996,1.0455
229,1997,0.7597
229,1998,0.7173
229,1999,0.6826
229,2000,0.6252
229,2001,0.5546
229,2002,0.5222
229,2003,0.4513
229,2004,0.4617
229,2005,0.4602
229,2006,0.3769
229,2007,0.3477
229,2008,0.3382
229,2009,0.2822
229,2010,0.2728
229,2011,0.2754
229,2012,0.296
229,2013,0.3085
229,2014,0.3096
229,2015,0.3206
229,2016,0.3422
229,2017,0.3423
229,2018,0.3328
229,2019,0.3374
23,1990,0.0025
23,1991,0.0029
23,1992,0.004
23,1993,0.0043
23,1994,0.0045
23,1995,0.0044
23,1996,0.0032
23,1997,0.0045
23,1998,0.005
23,1999,0.0048
23,2000,0.0059
23,2001,0.0065
23,2002,0.0062
23,2003,0.0056
23,2004,0.0051
23,2005,0.0054
23,2006,0.0064
23,2007,0.0059
23,2008,0.0054
23,2009,0.006
23,2010,0.0065
23,2011,0.0082
23,2012,0.0061
23,2013,0.0062
23,2014,0.0069
23,2015,0.009
23,2016,0.0081
23,2017,0.007
23,2018,0.006
23,2019,0.0058
230,1992,9.5316
230,1993,9.0095
230,1994,8.8813
230,1995,8.0444
230,1996,6.9479
230,1997,6.287
230,1998,5.3442
230,1999,4.2222
230,2000,3.2922
230,2001,2.3365
230,2002,1.3707
230,2003,1.2668
230,2004,1.2414
230,2005,1.1031
230,2006,1.1994
230,2007,1.2316
230,2008,1.2383
230,2009,1.0637
230,2010,1.0348
230,2011,1.0541
230,2012,1.1472
230,2013,1.0859
230,2014,0.8685
230,2015,0.7775
230,2016,0.7816
230,2017,0.6326
230,2018,0.5678
230,2019,0.5077
231,1990,20.5394
231,1991,20.3694
231,1992,16.8225
231,1993,16.3642
231,1994,17.2301
231,1995,16.8905
231,1996,16.9429
231,1997,18.0576
231,1998,16.7032
231,1999,15.2612
231,2000,14.953
231,2001,16.7999
231,2002,16.722
231,2003,18.3216
231,2004,23.7319
231,2005,23.3713
231,2006,16.1314
231,2007,14.9039
231,2008,10.6564
231,2009,10.6939
231,2010,9.3945
231,2011,16.8023
231,2012,15.6725
231,2013,15.7977
231,2014,15.5881
231,2015,17.0878
231,2016,14.7031
231,2017,17.4279
231,2018,16.8413
231,2019,17.0919
233,1990,0.0161
233,1991,0.0162
233,1992,0.0165
233,1993,0.0166
233,1994,0.017
233,1995,0.0185
233,1996,0.02
233,1997,0.0222
233,1998,0.0228
233,1999,0.0227
233,2000,0.0242
233,2001,0.0234
233,2002,0.0226
233,2003,0.0234
233,2004,0.0251
233,2005,0.0256
233,2006,0.0321
233,2007,0.0418
233,2008,0.0385
233,2009,0.0385
233,2010,0.0388
233,2011,0.0431
233,2012,0.0583
233,2013,0.0659
233,2014,0.0719
233,2015,0.0808
233,2016,0.086
233,2017,0.114
233,2018,0.1315
233,2019,0.1434
234,1990,0.0496
234,1991,0.0515
234,1992,0.0563
234,1993,0.0572
234,1994,0.0629
234,1995,0.0678
234,1996,0.0704
234,1997,0.0684
234,1998,0.0736
234,1999,0.0738
234,2000,0.0698
234,2001,0.0645
234,2002,0.0555
234,2003,0.0568
234,2004,0.0589
234,2005,0.0586
234,2006,0.0629
234,2007,0.0453
234,2008,0.0469
234,2009,0.0466
234,2010,0.0488
234,2011,0.051
234,2012,0.0515
234,2013,0.0539
234,2014,0.0552
234,2015,0.0505
234,2016,0.0529
234,2017,0.0572
234,2018,0.0514
234,2019,0.0507
235,1992,0.5892
235,1993,0.5173
235,1994,0.4935
235,1995,0.3405
235,1996,0.3113
235,1997,0.3304
235,1998,0.3398
235,1999,0.3438
235,2000,0.3242
235,2001,0.3226
235,2002,0.3139
235,2003,0.3547
235,2004,0.3131
235,2005,0.2611
235,2006,0.2776
235,2007,0.2814
235,2008,0.294
235,2009,0.2806
235,2010,0.2434
235,2011,0.2305
235,2012,0.2218
235,2013,0.2141
235,2014,0.1723
235,2015,0.1413
235,2016,0.1389
235,2017,0.1108
235,2018,0.109
235,2019,0.1099
236,1990,0.4733
236,1991,0.5642
236,1992,0.6261
236,1993,1.9144
236,1994,1.1757
236,1995,1.0929
236,1996,1.1968
236,1997,1.1909
236,1998,1.6491
236,1999,1.2218
236,2000,1.2796
236,2001,1.3147
236,2002,1.2895
236,2003,1.3146
236,2004,1.3315
236,2005,1.4399
236,2006,1.5069
236,2007,1.2904
236,2008,1.3793
236,2009,1.4608
236,2010,1.5852
236,2011,1.5414
236,2012,1.4887
236,2013,1.371
236,2014,1.1344
236,2015,0.8482
236,2016,0.7872
236,2017,0.6575
236,2018,0.5219
236,2019,0.4005
237,1990,1.0608
237,1991,0.3535
237,1992,0.3665
237,1993,0.5391
237,1994,0.5596
237,1995,0.6085
237,1996,0.7585
237,1997,1.0983
237,1998,0.9494
237,1999,0.7767
237,2000,0.6488
237,2001,0.6264
237,2002,0.6824
237,2003,0.7481
237,2004,0.7878
237,2005,0.7886
237,2006,0.7828
237,2007,0.7797
237,2008,0.799
237,2009,0.8033
237,2010,0.7791
237,2011,0.8249
237,2012,0.7735
237,2013,0.7722
237,2014,0.8077
237,2015,0.9368
237,2016,0.8375
237,2017,0.6576
237,2018,0.8323
237,2019,0.8372
238,1994,0.0216
238,1995,0.0242
238,1996,0.0271
238,1997,0.027
238,1998,0.0279
238,1999,0.0272
238,2000,0.0295
238,2001,0.0355
238,2002,0.0374
238,2003,0.0361
238,2004,0.0367
238,2005,0.0353
238,2006,0.0362
238,2007,0.0398
238,2008,0.0882
238,2009,0.1875
238,2010,0.2138
238,2011,0.5716
238,2012,0.6622
238,2013,0.6794
238,2014,0.6827
238,2015,0.5268
238,2016,0.5526
238,2017,0.4871
238,2018,0.466
238,2019,0.4226
239,1990,0.0053
239,1991,0.0053
239,1992,0.0059
239,1993,0.0064
239,1994,0.0075
239,1995,0.0081
239,1996,0.0083
239,1997,0.0078
239,1998,0.0078
239,1999,0.007
239,2000,0.0069
239,2001,0.0068
239,2002,0.007
239,2003,0.0073
239,2004,0.0076
239,2005,0.0095
239,2006,0.01
239,2007,0.0101
239,2008,0.0096
239,2009,0.0089
239,2010,0.0093
239,2011,0.0092
239,2012,0.0083
239,2013,0.0083
239,2014,0.0089
239,2015,0.0086
239,2016,0.0084
239,2017,0.0052
239,2018,0.0046
239,2019,0.0038
243,2001,0.0015
243,2002,0.0037
243,2003,0.0031
243,2004,0.0033
243,2005,0.0033
243,2006,0.0033
243,2007,0.0033
243,2008,0.0029
243,2009,0.0032
243,2010,0.0032
243,2011,0.0033
243,2012,0.0031
243,2013,0.0031
243,2014,0.003
243,2015,0.003
243,2016,0.003
243,2017,0.0029
243,2018,0.0028
243,2019,0.0028
244,1990,0.0003
244,1991,0.0003
244,1992,0.0003
244,1993,0.0004
244,1994,0.0004
244,1995,0.0004
244,1996,0.0004
244,1997,0.0005
244,1998,0.0005
244,1999,0.0005
244,2000,0.0005
244,2001,0.0005
244,2002,0.0005
244,2003,0.0005
244,2004,0.0005
244,2005,0.0005
244,2006,0.0005
244,2007,0.0006
244,2008,0.0005
244,2009,0.0005
244,2010,0.0006
244,2011,0.0005
244,2012,0.0005
244,2013,0.0019
244,2014,0.0017
244,2015,0.0018
244,2016,0.0004
244,2017,0.0005
244,2018,0.0005
244,2019,0.0003
248,1990,0.255
248,1991,0.2457
249,1991,0.0937
249,1992,0.0994
249,1993,0.0839
249,1994,0.0954
249,1995,0.1139
249,1996,0.1172
249,1997,0.1234
249,1998,0.1292
249,1999,0.1218
249,2000,0.1276
249,2001,0.1362
249,2002,0.1526
249,2003,0.1665
249,2004,0.1877
249,2005,0.1916
249,2006,0.1975
249,2007,0.2231
249,2008,0.4313
249,2009,0.4986
249,2010,0.753
249,2011,0.6504
249,2012,0.5245
249,2013,0.5401
249,2014,0.3585
249,2015,0.1524
249,2016,0.0901
249,2017,0.0559
249,2018,0.0376
249,2019,0.0131
25,1990,0.0034
25,1991,0.0034
25,1992,0.0035
25,1993,0.0036
25,1994,0.0037
25,1995,0.0038
25,1996,0.0039
25,1997,0.004
25,1998,0.0045
25,1999,0.0046
25,2000,0.0047
25,2001,0.0049
25,2002,0.0051
25,2003,0.0049
25,2004,0.0051
25,2005,0.0053
25,2006,0.0054
25,2007,0.0056
25,2008,0.0058
25,2009,0.0059
25,2010,0.0061
25,2011,0.0064
25,2012,0.0064
25,2013,0.0108
25,2014,0.0087
25,2015,0.0082
25,2016,0.008
25,2017,0.0078
25,2018,0.0079
25,2019,0.0077
250,1990,0.2519
250,1991,0.2788
250,1992,0.3092
250,1993,0.341
250,1994,0.373
250,1995,0.404
250,1996,0.4358
250,1997,0.4676
250,1998,0.4995
250,1999,0.531
250,2000,0.5623
250,2001,0.5933
250,2002,0.6254
250,2003,0.6586
250,2004,0.6913
250,2005,0.7247
250,2006,0.7572
250,2007,0.79
250,2008,0.8223
250,2009,0.8541
250,2010,0.8873
250,2011,0.9206
250,2012,0.9515
250,2013,0.9903
250,2014,1.0295
250,2015,1.0488
250,2016,1.0775
250,2017,1.1099
250,2018,1.1418
250,2019,1.1707
251,1990,0.06
251,1991,0.0612
251,1992,0.0614
251,1993,0.0693
251,1994,0.0465
251,1995,0.0258
251,1996,0.0284
251,1997,0.0342
251,1998,0.0324
251,1999,0.0222
251,2000,0.0217
251,2001,0.0221
251,2002,0.0224
251,2003,0.0235
251,2004,0.0193
251,2005,0.0231
251,2006,0.0172
251,2007,0.0197
251,2008,0.0247
251,2009,0.0294
251,2010,0.0247
251,2011,0.0184
251,2012,0.0244
251,2013,0.0299
251,2014,0.0327
251,2015,0.0343
251,2016,0.0348
251,2017,0.0342
251,2018,0.0356
251,2019,0.0361
255,2000,0.5136
255,2001,0.4559
255,2002,0.387
255,2003,0.4529
255,2004,0.445
255,2005,0.4328
255,2006,0.4319
255,2007,0.5119
255,2008,0.5869
255,2009,0.4444
255,2010,0.3085
255,2011,0.2127
255,2012,0.228
255,2013,0.2466
255,2014,0.2331
255,2015,0.2265
255,2016,0.2357
255,2017,0.2423
255,2018,0.2424
255,2019,0.2443
256,2000,0.0386
256,2001,0.0394
256,2002,0.0286
256,2003,0.027
256,2004,0.0338
256,2005,0.0331
256,2006,0.0379
256,2007,0.0349
256,2008,0.0355
256,2009,0.0337
256,2010,0.0306
256,2011,0.0266
256,2012,0.0226
256,2013,0.0186
256,2014,0.0181
256,2015,0.0162
256,2016,0.0171
256,2017,0.0154
256,2018,0.0153
256,2019,0.0147
258,1990,0.0078
258,1991,0.008
258,1992,0.0087
258,1993,0.0094
258,1994,0.01
258,1995,0.0105
258,1996,0.0105
258,1997,0.0105
258,1998,0.0103
258,1999,0.011
258,2000,0.0108
258,2001,0.0116
258,2002,0.0107
258,2003,0.0128
258,2004,0.0167
258,2005,0.017
258,2006,0.0228
258,2007,0.0214
258,2008,0.0203
258,2009,0.0178
258,2010,0.0159
258,2011,0.0134
258,2012,0.0113
258,2013,0.0095
258,2014,0.0111
258,2015,0.0123
258,2016,0.0113
258,2017,0.0107
258,2018,0.0116
258,2019,0.0117
259,2006,0.097
259,2007,0.0868
259,2008,0.0896
259,2009,0.0832
259,2010,0.0744
259,2011,0.0723
259,2012,0.0708
259,2013,0.0703
259,2014,0.0698
259,2015,0.052
259,2016,0.0498
259,2017,0.0552
259,2018,0.0598
259,2019,0.0578
26,1990,0.0172
26,1991,0.0167
26,1992,0.0104
26,1993,0.0106
26,1994,0.0107
26,1995,0.0104
26,1996,0.0106
26,1997,0.0111
26,1998,0.0112
26,1999,0.0117
26,2000,0.0113
26,2001,0.0107
26,2002,0.0099
26,2003,0.0085
26,2004,0.0075
26,2005,0.0075
26,2006,0.0076
26,2007,0.0111
26,2008,0.011
26,2009,0.0104
26,2010,0.0093
26,2011,0.0095
26,2012,0.0102
26,2013,0.0103
26,2014,0.0087
26,2015,0.0088
26,2016,0.0085
26,2017,0.0098
26,2018,0.0113
26,2019,0.0118
264,2002,0.005
264,2003,0.0053
264,2004,0.0059
264,2005,0.007
264,2006,0.0068
264,2007,0.0073
264,2008,0.0083
264,2009,0.0084
264,2010,0.0084
264,2011,0.0071
264,2012,0.0102
264,2013,0.0102
264,2014,0.009
264,2015,0.0084
264,2016,0.0083
264,2017,0.0081
264,2018,0.0066
264,2019,0.0062
27,1990,0.6085
27,1991,0.4296
27,1992,0.2598
27,1993,0.2572
27,1994,0.2711
27,1995,0.2714
27,1996,0.2392
27,1997,0.1809
27,1998,0.2164
27,1999,0.2191
27,2000,0.1968
27,2001,0.1757
27,2002,0.1854
27,2003,0.1838
27,2004,0.1813
27,2005,0.2369
27,2006,0.2767
27,2007,0.3464
27,2008,0.2543
27,2009,0.1943
27,2010,0.2021
27,2011,0.2116
27,2012,0.2215
27,2013,0.1931
27,2014,0.2287
27,2015,0.2307
27,2016,0.2311
27,2017,0.2561
27,2018,0.2295
27,2019,0.2297
270,1990,0.0216
270,1991,0.022
270,1992,0.0226
270,1993,0.0222
270,1994,0.0223
270,1995,0.0233
270,1996,0.0244
270,1997,0.0261
270,1998,0.0281
270,1999,0.0298
270,2000,0.0298
270,2001,0.0319
270,2002,0.0324
270,2003,0.0352
270,2004,0.0377
270,2005,0.0427
270,2006,0.0458
270,2007,0.0496
270,2008,0.0565
270,2009,0.0606
270,2010,0.061
270,2011,0.0293
270,2012,0.0309
270,2013,0.0323
270,2014,0.036
270,2015,0.0379
270,2016,0.0399
270,2017,0.0417
270,2018,0.0435
270,2019,0.0453
272,2006,0.0996
272,2007,0.1154
272,2008,0.0765
272,2009,0.0275
272,2010,0.0836
272,2011,0.107
272,2012,0.0696
272,2013,0.0541
272,2014,0.0687
272,2015,0.0873
272,2016,0.0944
272,2017,0.0628
272,2018,0.1027
272,2019,0.1095
273,2006,0.0059
273,2007,0.0065
273,2008,0.0061
273,2009,0.007
273,2010,0.0062
273,2011,0.0049
273,2012,0.0047
273,2013,0.0052
273,2014,0.0049
273,2015,0.0051
273,2016,0.0046
273,2017,0.0045
273,2018,0.0024
273,2019,0.0019
276,2012,0.0906
276,2013,0.0947
276,2014,0.0925
276,2015,0.0938
276,2016,0.094
276,2017,0.103
276,2018,0.103
276,2019,0.1051
277,2012,0.0087
277,2013,0.0078
277,2014,0.0081
277,2015,0.0118
277,2016,0.0109
277,2017,0.0072
277,2018,0.0065
277,2019,0.0061
28,1990,0.0368
28,1991,0.0326
28,1992,0.0231
28,1993,0.0257
28,1994,0.0308
28,1995,0.032
28,1996,0.0275
28,1997,0.0372
28,1998,0.0374
28,1999,0.0481
28,2000,0.0715
28,2001,0.0728
28,2002,0.0379
28,2003,0.0549
28,2004,0.0363
28,2005,0.0374
28,2006,0.0365
28,2007,0.0354
28,2008,0.0336
28,2009,0.0287
28,2010,0.0484
28,2011,0.0447
28,2012,0.0386
28,2013,0.0758
28,2014,0.0911
28,2015,0.0912
28,2016,0.1452
28,2017,0.2415
28,2018,0.5032
28,2019,0.5857
29,1990,0.0469
29,1991,0.0581
29,1992,0.0436
29,1993,0.0434
29,1994,0.042
29,1995,0.0436
29,1996,0.0462
29,1997,0.0472
29,1998,0.0491
29,1999,0.051
29,2000,0.0565
29,2001,0.048
29,2002,0.0479
29,2003,0.038
29,2004,0.0372
29,2005,0.0356
29,2006,0.0425
29,2007,0.0459
29,2008,0.05
29,2009,0.0482
29,2010,0.0762
29,2011,0.0924
29,2012,0.0838
29,2013,0.0818
29,2014,0.0774
29,2015,0.0836
29,2016,0.1023
29,2017,0.1185
29,2018,0.1495
29,2019,0.1639
299,1990,0.0009
299,1991,0.0009
299,1992,0.0009
299,1993,0.0009
299,1994,0.0009
299,1995,0.001
299,1996,0.001
299,1997,0.0011
299,1998,0.0012
299,1999,0.0012
299,2000,0.001
299,2001,0.0009
299,2002,0.0009
299,2003,0.0011
299,2004,0.001
299,2005,0.001
299,2006,0.001
299,2007,0.001
299,2008,0.001
299,2009,0.001
299,2010,0.001
299,2011,0.0062
299,2012,0.0106
299,2013,0.0141
299,2014,0.0129
299,2015,0.0159
299,2016,0.0142
299,2017,0.013
299,2018,0.0104
299,2019,0.0099
3,1990,0.0393
3,1991,0.0274
3,1992,0.0245
3,1993,0.0175
3,1994,0.0188
3,1995,0.0291
3,1996,0.0291
3,1997,0.0243
3,1998,0.0241
3,1999,0.0275
3,2000,0.0265
3,2001,0.0251
3,2002,0.0318
3,2003,0.0208
3,2004,0.0372
3,2005,0.0347
3,2006,0.0424
3,2007,0.0322
3,2008,0.0262
3,2009,0.023
3,2010,0.0266
3,2011,0.0289
3,2012,0.0235
3,2013,0.0528
3,2014,0.0811
3,2015,0.0932
3,2016,0.0538
3,2017,0.0747
3,2018,0.1066
3,2019,0.1117
32,1990,0.0176
32,1991,0.0179
32,1992,0.0187
32,1993,0.0184
32,1994,0.0182
32,1995,0.0181
32,1996,0.018
32,1997,0.017
32,1998,0.0182
32,1999,0.0161
32,2000,0.0183
32,2001,0.0189
32,2002,0.0189
32,2003,0.0196
32,2004,0.0202
32,2005,0.0199
32,2006,0.0187
32,2007,0.0219
32,2008,0.0229
32,2009,0.0248
32,2010,0.025
32,2011,0.026
32,2012,0.0268
32,2013,0.028
32,2014,0.0304
32,2015,0.0299
32,2016,0.0302
32,2017,0.026
32,2018,0.0245
32,2019,0.0233
33,1990,4.9681
33,1991,4.961
33,1992,4.9708
33,1993,4.9647
33,1994,4.9429
33,1995,4.9488
33,1996,4.9659
33,1997,4.9685
33,1998,4.9217
33,1999,4.9232
33,2000,4.9483
33,2001,4.844
33,2002,4.7487
33,2003,4.7649
33,2004,4.7932
33,2005,4.8725
33,2006,4.9744
33,2007,4.6679
33,2008,4.6948
33,2009,4.1614
33,2010,5.1226
33,2011,5.2775
33,2012,5.1253
33,2013,5.424
33,2014,5.0951
33,2015,5.1434
33,2016,5.3575
33,2017,5.1193
33,2018,5.1588
33,2019,5.1715
35,1990,0.0016
35,1991,0.0015
35,1992,0.0015
35,1993,0.0015
35,1994,0.0015
35,1995,0.0016
35,1996,0.0017
35,1997,0.0017
35,1998,0.002
35,1999,0.0026
35,2000,0.0026
35,2001,0.0029
35,2002,0.0029
35,2003,0.0028
35,2004,0.0029
35,2005,0.0032
35,2006,0.0036
35,2007,0.0034
35,2008,0.0033
35,2009,0.0033
35,2010,0.0032
35,2011,0.0033
35,2012,0.0033
35,2013,0.0033
35,2014,0.0035
35,2015,0.0037
35,2016,0.004
35,2017,0.0042
35,2018,0.0044
35,2019,0.0046
351,1990,169.1721
351,1991,172.2396
351,1992,145.0267
351,1993,131.6384
351,1994,145.1953
351,1995,164.6468
351,1996,169.3168
351,1997,167.7005
351,1998,169.4661
351,1999,151.618
351,2000,136.6082
351,2001,133.1892
351,2002,103.2957
351,2003,119.9355
351,2004,134.86
351,2005,147.4982
351,2006,153.3114
351,2007,159.8535
351,2008,164.3099
351,2009,169.1022
351,2010,174.4298
351,2011,179.7523
351,2012,184.7194
351,2013,199.3968
351,2014,210.0426
351,2015,214.1508
351,2016,225.7656
351,2017,230.3679
351,2018,194.2298
351,2019,191.0673
36,1990,0.0002
36,1991,0.0003
36,1992,0.0003
36,1993,0.0004
36,1994,0.0003
36,1995,0.0003
36,1996,0.0003
36,1997,0.0003
36,1998,0.0004
36,1999,0.0003
36,2000,0.0004
36,2001,0.0003
36,2002,0.0003
36,2003,0.0003
36,2004,0.0003
36,2005,0.0004
36,2006,0.0004
36,2007,0.0005
36,2008,0.0005
36,2009,0.0004
36,2010,0.0004
36,2011,0.0004
36,2012,0.0003
36,2013,0.0003
36,2014,0.0003
36,2015,0.0003
36,2016,0.0003
36,2017,0.0003
36,2018,0.0003
36,2019,0.0003
37,1990,0.0002
37,1991,0.0002
37,1992,0.0002
37,1993,0.0002
37,1994,0.0002
37,1995,0.0002
37,1996,0.0002
37,1997,0.0002
37,1998,0.0002
37,1999,0.0002
37,2000,0.0003
37,2001,0.0003
37,2002,0.0003
37,2003,0.0002
37,2004,0.0002
37,2005,0.0002
37,2006,0.0003
37,2007,0.0003
37,2008,0.0003
37,2009,0.0003
37,2010,0.0003
37,2011,0.0003
37,2012,0.0003
37,2013,0.0002
37,2014,0.0002
37,2015,0.0003
37,2016,0.0003
37,2017,0.0003
37,2018,0.0003
37,2019,0.0004
38,1990,0.0057
38,1991,0.0061
38,1992,0.0073
38,1993,0.0076
38,1994,0.0083
38,1995,0.0088
38,1996,0.0091
38,1997,0.0084
38,1998,0.0096
38,1999,0.01
38,2000,0.0097
38,2001,0.009
38,2002,0.0094
38,2003,0.0506
38,2004,0.0496
38,2005,0.0498
38,2006,0.0491
38,2007,0.0374
38,2008,0.0433
38,2009,0.0434
38,2010,0.0426
38,2011,0.0336
38,2012,0.0342
38,2013,0.027
38,2014,0.0215
38,2015,0.0142
38,2016,0.0105
38,2017,0.0066
38,2018,0.0061
38,2019,0.0032
39,1990,0.0574
39,1991,0.0607
39,1992,0.0606
39,1993,0.0578
39,1994,0.0584
39,1995,0.0552
39,1996,0.0554
39,1997,0.0541
39,1998,0.0553
39,1999,0.0586
39,2000,0.0602
39,2001,0.0628
39,2002,0.0648
39,2003,0.0691
39,2004,0.0728
39,2005,0.0733
39,2006,0.0746
39,2007,0.0725
39,2008,0.0715
39,2009,0.0688
39,2010,0.069
39,2011,0.0716
39,2012,0.0736
39,2013,0.0712
39,2014,0.0695
39,2015,0.07
39,2016,0.0724
39,2017,0.0747
39,2018,0.0772
39,2019,0.0791
4,1990,0.1046
4,1991,0.095
4,1992,0.1114
4,1993,0.1137
4,1994,0.1071
4,1995,0.0999
4,1996,0.1012
4,1997,0.0984
4,1998,0.0959
4,1999,0.1009
4,2000,0.0995
4,2001,0.0969
4,2002,0.0994
4,2003,0.1042
4,2004,0.1055
4,2005,0.1095
4,2006,0.0968
4,2007,0.1149
4,2008,0.1199
4,2009,0.1303
4,2010,0.1488
4,2011,0.166
4,2012,0.1846
4,2013,0.2067
4,2014,0.225
4,2015,0.2386
4,2016,0.2299
4,2017,0.2259
4,2018,0.2138
4,2019,0.2115
40,1990,0.9471
40,1991,1.9306
40,1992,1.7179
40,1993,1.4234
40,1994,1.2737
40,1995,0.7714
40,1996,1.8611
40,1997,1.3658
40,1998,0.6716
40,1999,0.4931
40,2000,0.2831
40,2001,0.2709
40,2002,0.3119
40,2003,0.219
40,2004,0.663
40,2005,0.3323
40,2006,0.3906
40,2007,0.2155
40,2008,0.3208
40,2009,0.2229
40,2010,0.192
40,2011,0.1656
40,2012,0.1371
40,2013,0.1124
40,2014,0.0985
40,2015,0.0999
40,2016,0.1002
40,2017,0.1668
40,2018,0.156
40,2019,0.1675
41,1990,168.9304
41,1991,172.0459
41,1992,144.8076
41,1993,131.4767
41,1994,145.0388
41,1995,164.5084
41,1996,169.1938
41,1997,167.5768
41,1998,169.2899
41,1999,151.3883
41,2000,136.42
41,2001,133.03
41,2002,103.1729
41,2003,119.8244
41,2004,134.7799
41,2005,147.4234
41,2006,153.2495
41,2007,159.7913
41,2008,164.2498
41,2009,169.0433
41,2010,174.3592
41,2011,179.683
41,2012,184.6509
41,2013,199.3262
41,2014,209.9722
41,2015,214.0758
41,2016,225.6884
41,2017,230.2877
41,2018,194.1528
41,2019,190.9889
44,1990,4.5596
44,1991,3.1606
44,1992,3.2242
44,1993,4.1268
44,1994,4.1366
44,1995,3.6381
44,1996,3.8441
44,1997,3.9409
44,1998,3.9049
44,1999,3.5785
44,2000,3.5933
44,2001,3.6052
44,2002,3.41
44,2003,3.6666
44,2004,3.1772
44,2005,3.352
44,2006,1.9606
44,2007,2.9625
44,2008,0.7264
44,2009,0.7879
44,2010,0.585
44,2011,1.3489
44,2012,0.8003
44,2013,9.878
44,2014,10.1514
44,2015,8.687
44,2016,8.8712
44,2017,9.3614
44,2018,9.4447
44,2019,9.3033
45,1990,0.012
45,1991,0.0125
45,1992,0.0119
45,1993,0.0119
45,1994,0.0112
45,1995,0.0118
45,1996,0.0114
45,1997,0.0121
45,1998,0.0133
45,1999,0.013
45,2000,0.0141
45,2001,0.015
45,2002,0.0146
45,2003,0.0185
45,2004,0.0201
45,2005,0.0174
45,2006,0.026
45,2007,0.0091
45,2008,0.011
45,2009,0.0195
45,2010,0.0219
45,2011,0.0154
45,2012,0.0176
45,2013,0.0269
45,2014,0.0203
45,2015,0.025
45,2016,0.0327
45,2017,0.0352
45,2018,0.0379
45,2019,0.0414
46,1990,0.0036
46,1991,0.0037
46,1992,0.0037
46,1993,0.0031
46,1994,0.0032
46,1995,0.0029
46,1996,0.0031
46,1997,0.0019
46,1998,0.0018
46,1999,0.0016
46,2000,0.0022
46,2001,0.0026
46,2002,0.0023
46,2003,0.0037
46,2004,0.0038
46,2005,0.0042
46,2006,0.0054
46,2007,0.0057
46,2008,0.0069
46,2009,0.007
46,2010,0.0072
46,2011,0.0079
46,2012,0.0085
46,2013,0.009
46,2014,0.01
46,2015,0.0105
46,2016,0.0101
46,2017,0.0102
46,2018,0.0103
46,2019,0.0104
47,1990,0.0001
47,1991,0.0001
47,1992,0.0001
47,1993,0.0001
47,1994,0.0001
47,1995,0.0001
47,1996,0.0001
47,1997,0.0001
47,1998,0.0002
47,1999,0.0002
47,2000,0.0002
47,2001,0.0001
47,2002,0.0001
47,2003,0.0001
47,2004,0.0002
47,2005,0.0002
47,2006,0.0003
47,2007,0.0003
47,2008,0.0003
47,2009,0.0003
47,2010,0.0004
47,2011,0.0004
47,2012,0.0004
47,2013,0.0004
47,2014,0.0004
47,2015,0.0003
47,2016,0.0002
47,2017,0.0002
47,2018,0.0002
47,2019,0.0002
48,1990,0.02
48,1991,0.0278
48,1992,0.0312
48,1993,0.0199
48,1994,0.0216
48,1995,0.0257
48,1996,0.033
48,1997,0.0396
48,1998,0.0452
48,1999,0.0616
48,2000,0.0772
48,2001,0.1149
48,2002,0.0948
48,2003,0.1129
48,2004,0.0718
48,2005,0.0398
48,2006,0.0407
48,2007,0.045
48,2008,0.0239
48,2009,0.0249
48,2010,0.0245
48,2011,0.0337
48,2012,0.029
48,2013,0.0337
48,2014,0.0356
48,2015,0.026
48,2016,0.0316
48,2017,0.0372
48,2018,0.0258
48,2019,0.025
49,1990,0.5261
49,1991,0.4016
49,1992,0.2414
49,1993,0.1834
49,1994,0.2184
49,1995,0.2504
49,1996,0.1786
49,1997,0.1366
49,1998,0.1252
49,1999,0.1182
49,2000,0.1148
49,2001,0.1094
49,2002,0.4396
49,2003,0.4343
49,2004,0.4503
49,2005,0.4465
49,2006,0.4148
49,2007,0.3434
49,2008,0.3546
49,2009,0.3751
49,2010,0.3684
49,2011,0.3556
49,2012,0.3374
49,2013,0.3323
49,2014,0.1936
49,2015,0.2237
49,2016,0.3222
49,2017,0.3115
49,2018,0.2945
49,2019,0.3147
50,1990,0.4529
50,1991,0.4595
50,1992,0.1393
50,1993,0.1605
50,1994,0.1457
50,1995,0.114
50,1996,0.1058
50,1997,0.1079
50,1998,0.1391
50,1999,0.1552
50,2000,0.2407
50,2001,0.2581
50,2002,0.2577
50,2003,0.2591
50,2004,0.2781
50,2005,0.2555
50,2006,0.2649
50,2007,0.2434
50,2008,0.1824
50,2009,0.1076
50,2010,0.119
50,2011,0.0592
50,2012,0.0469
50,2013,0.0343
50,2014,0.0219
50,2015,0.0211
50,2016,0.0189
50,2017,0.0164
50,2018,0.0154
50,2019,0.0141
5000,1990,702.6912
5000,1991,702.8184
5000,1992,503.7429
5000,1993,479.1218
5000,1994,494.641
5000,1995,511.4558
5000,1996,520.9639
5000,1997,495.9832
5000,1998,457.8768
5000,1999,416.9447
5000,2000,378.6363
5000,2001,338.1881
5000,2002,308.5052
5000,2003,332.2733
5000,2004,350.4583
5000,2005,371.0211
5000,2006,393.3364
5000,2007,414.3313
5000,2008,404.07
5000,2009,408.9343
5000,2010,402.8446
5000,2011,391.4135
5000,2012,387.5096
5000,2013,431.1816
5000,2014,415.8936
5000,2015,395.5714
5000,2016,389.1356
5000,2017,389.2762
5000,2018,352.5318
5000,2019,342.7848
51,1990,2.1191
51,1991,2.4199
51,1992,2.6396
5100,1990,9.0779
5100,1991,9.4659
5100,1992,9.8364
5100,1993,8.8992
5100,1994,9.7547
5100,1995,10.0885
5100,1996,11.1221
5100,1997,10.7456
5100,1998,10.3662
5100,1999,10.6395
5100,2000,10.8697
5100,2001,9.167
5100,2002,9.5668
5100,2003,10.4371
5100,2004,9.822
5100,2005,10.3327
5100,2006,14.7777
5100,2007,17.2457
5100,2008,16.8301
5100,2009,18.5976
5100,2010,17.1743
5100,2011,19.059
5100,2012,22.676
5100,2013,22.0226
5100,2014,23.2649
5100,2015,21.2378
5100,2016,18.7322
5100,2017,19.4818
5100,2018,26.5357
5100,2019,27.2853
5101,1990,5.5814
5101,1991,5.4257
5101,1992,4.7417
5101,1993,3.874
5101,1994,3.7729
5101,1995,3.9674
5101,1996,5.1773
5101,1997,4.6367
5101,1998,4.7761
5101,1999,5.2968
5101,2000,5.5669
5101,2001,3.077
5101,2002,3.282
5101,2003,4.1436
5101,2004,3.3639
5101,2005,4.0953
5101,2006,8.369
5101,2007,10.3602
5101,2008,9.3724
5101,2009,10.9515
5101,2010,7.9287
5101,2011,5.2978
5101,2012,4.8384
5101,2013,3.5385
5101,2014,3.4533
5101,2015,2.859
5101,2016,2.7285
5101,2017,2.4786
5101,2018,2.4685
5101,2019,2.3585
5102,1990,0.346
5102,1991,0.3756
5102,1992,0.4031
5102,1993,0.4347
5102,1994,0.4707
5102,1995,0.4971
5102,1996,0.5293
5102,1997,0.5575
5102,1998,0.5892
5102,1999,0.624
5102,2000,0.6592
5102,2001,0.6958
5102,2002,0.7321
5102,2003,0.7767
5102,2004,0.8175
5102,2005,0.8545
5102,2006,0.8911
5102,2007,0.93
5102,2008,0.9723
5102,2009,1.0112
5102,2010,1.0538
5102,2011,1.0978
5102,2012,1.1301
5102,2013,1.1686
5102,2014,1.216
5102,2015,1.2304
5102,2016,1.2648
5102,2017,1.2811
5102,2018,1.3204
5102,2019,1.348
5103,1990,0.9257
5103,1991,1.0696
5103,1992,1.0657
5103,1993,1.0993
5103,1994,1.1749
5103,1995,1.2079
5103,1996,1.2524
5103,1997,1.1785
5103,1998,1.1253
5103,1999,1.3056
5103,2000,1.3583
5103,2001,1.4358
5103,2002,1.4342
5103,2003,1.1741
5103,2004,1.3007
5103,2005,1.4791
5103,2006,1.7023
5103,2007,2.0572
5103,2008,2.202
5103,2009,2.3508
5103,2010,2.3018
5103,2011,1.5113
5103,2012,1.5697
5103,2013,1.3311
5103,2014,1.4298
5103,2015,1.4372
5103,2016,1.4875
5103,2017,1.5245
5103,2018,1.5167
5103,2019,1.534
5104,1990,0.7224
5104,1991,0.9059
5104,1992,1.8351
5104,1993,1.8374
5104,1994,2.7532
5104,1995,2.7523
5104,1996,2.3678
5104,1997,2.3251
5104,1998,1.9274
5104,1999,1.2828
5104,2000,1.0343
5104,2001,1.3732
5104,2002,1.3338
5104,2003,1.6461
5104,2004,1.6051
5104,2005,0.8926
5104,2006,0.9697
5104,2007,0.9171
5104,2008,1.0799
5104,2009,0.8772
5104,2010,1.9421
5104,2011,6.533
5104,2012,10.1337
5104,2013,10.562
5104,2014,10.8279
5104,2015,9.5988
5104,2016,6.5776
5104,2017,7.3161
5104,2018,13.6422
5104,2019,14.207
5105,1990,1.5024
5105,1991,1.6891
5105,1992,1.7907
5105,1993,1.6537
5105,1994,1.5831
5105,1995,1.6638
5105,1996,1.7952
5105,1997,2.0479
5105,1998,1.9483
5105,1999,2.1302
5105,2000,2.251
5105,2001,2.5852
5105,2002,2.7847
5105,2003,2.6967
5105,2004,2.7348
5105,2005,3.0111
5105,2006,2.8456
5105,2007,2.9813
5105,2008,3.2034
5105,2009,3.4068
5105,2010,3.9478
5105,2011,4.619
5105,2012,5.0041
5105,2013,5.4223
5105,2014,6.3378
5105,2015,6.1123
5105,2016,6.6738
5105,2017,6.8815
5105,2018,7.5878
5105,2019,7.8379
52,1992,0.1883
52,1993,0.2493
52,1994,0.2005
52,1995,0.1669
52,1996,0.1339
52,1997,0.1211
52,1998,0.0612
52,1999,0.0413
52,2000,0.0411
52,2001,0.0464
52,2002,0.0548
52,2003,0.0488
52,2004,0.0552
52,2005,0.0722
52,2006,0.0536
52,2007,0.0791
52,2008,0.0923
52,2009,0.1126
52,2010,0.1102
52,2011,0.1113
52,2012,0.1117
52,2013,0.1123
52,2014,0.1032
52,2015,0.1021
52,2016,0.1009
52,2017,0.0848
52,2018,0.0885
52,2019,0.0859
5200,1990,42.854
5200,1991,42.5519
5200,1992,37.6528
5200,1993,38.188
5200,1994,37.701
5200,1995,36.7768
5200,1996,39.1461
5200,1997,39.6249
5200,1998,38.4817
5200,1999,37.5107
5200,2000,38.2332
5200,2001,38.0516
5200,2002,38.1226
5200,2003,40.6645
5200,2004,45.8848
5200,2005,44.6511
5200,2006,36.1305
5200,2007,34.7585
5200,2008,29.0866
5200,2009,26.9781
5200,2010,28.3187
5200,2011,37.085
5200,2012,33.8981
5200,2013,43.9112
5200,2014,42.6627
5200,2015,43.1558
5200,2016,39.5836
5200,2017,44.1731
5200,2018,43.4919
5200,2019,43.6893
5203,1990,25.6469
5203,1991,25.4718
5203,1992,21.9244
5203,1993,21.472
5203,1994,22.3064
5203,1995,21.9711
5203,1996,22.0354
5203,1997,23.1504
5203,1998,21.7487
5203,1999,20.3107
5203,2000,20.0294
5203,2001,21.7702
5203,2002,21.6079
5203,2003,23.2159
5203,2004,28.6582
5203,2005,28.3906
5203,2006,21.2768
5203,2007,19.729
5203,2008,15.5008
5203,2009,15.0075
5203,2010,14.671
5203,2011,22.2195
5203,2012,20.9355
5203,2013,21.3592
5203,2014,20.8293
5203,2015,22.3623
5203,2016,20.2432
5203,2017,22.6793
5203,2018,22.1664
5203,2019,22.4338
5204,1990,0.6448
5204,1991,0.7014
5204,1992,0.7135
5204,1993,0.6955
5204,1994,0.6942
5204,1995,0.7029
5204,1996,0.8153
5204,1997,0.7982
5204,1998,0.8282
5204,1999,0.9849
5204,2000,1.1469
5204,2001,1.1055
5204,2002,1.3307
5204,2003,2.0506
5204,2004,1.991
5204,2005,1.9091
5204,2006,2.2854
5204,2007,1.9109
5204,2008,2.1688
5204,2009,1.6173
5204,2010,2.6129
5204,2011,2.7118
5204,2012,1.474
5204,2013,1.8303
5204,2014,1.3526
5204,2015,2.2161
5204,2016,1.3863
5204,2017,2.5248
5204,2018,2.4438
5204,2019,2.6883
5206,1990,2.5252
5206,1991,2.4406
5206,1992,2.2494
5206,1993,1.9182
5206,1994,1.9895
5206,1995,2.0606
5206,1996,2.0306
5206,1997,1.3672
5206,1998,2.0353
5206,1999,2.0186
5206,2000,2.0333
5206,2001,1.7947
5206,2002,2.0678
5206,2003,1.9846
5206,2004,2.0154
5206,2005,1.8954
5206,2006,1.7776
5206,2007,1.4868
5206,2008,1.4763
5206,2009,1.1601
5206,2010,1.1609
5206,2011,1.2056
5206,2012,1.2141
5206,2013,1.4047
5206,2014,1.0988
5206,2015,1.1164
5206,2016,1.23
5206,2017,1.1851
5206,2018,1.2818
5206,2019,1.3194
5207,1990,14.0371
5207,1991,13.9381
5207,1992,12.7656
5207,1993,14.1023
5207,1994,12.711
5207,1995,12.0422
5207,1996,14.2648
5207,1997,14.309
5207,1998,13.8695
5207,1999,14.1964
5207,2000,15.0237
5207,2001,13.3813
5207,2002,13.1163
5207,2003,13.4133
5207,2004,13.2203
5207,2005,12.456
5207,2006,10.7907
5207,2007,11.6318
5207,2008,9.9407
5207,2009,9.1933
5207,2010,9.8738
5207,2011,10.9481
5207,2012,10.2746
5207,2013,19.317
5207,2014,19.382
5207,2015,17.461
5207,2016,16.7241
5207,2017,17.7839
5207,2018,17.5999
5207,2019,17.2477
53,1990,0.0233
53,1991,0.0267
53,1992,0.0281
53,1993,0.0376
53,1994,0.0378
53,1995,0.0387
53,1996,0.0408
53,1997,0.0408
53,1998,0.0387
53,1999,0.0442
53,2000,0.0488
53,2001,0.0526
53,2002,0.0627
53,2003,0.0726
53,2004,0.0732
53,2005,0.0857
53,2006,0.1022
53,2007,0.1124
53,2008,0.1172
53,2009,0.1254
53,2010,0.1364
53,2011,0.1481
53,2012,0.1602
53,2013,0.1828
53,2014,0.2607
53,2015,0.2508
53,2016,0.3954
53,2017,0.3953
53,2018,0.43
53,2019,0.4638
5300,1990,408.6469
5300,1991,401.9925
5300,1992,365.5477
5300,1993,345.2721
5300,1994,362.8943
5300,1995,383.6666
5300,1996,394.6058
5300,1997,376.1778
5300,1998,347.3263
5300,1999,305.6746
5300,2000,278.7378
5300,2001,238.062
5300,2002,216.3568
5300,2003,238.8163
5300,2004,252.7985
5300,2005,273.047
5300,2006,296.4824
5300,2007,317.5341
5300,2008,312.8499
5300,2009,320.1147
5300,2010,311.4561
5300,2011,292.0591
5300,2012,287.0035
5300,2013,322.0893
5300,2014,307.9227
5300,2015,291.5584
5300,2016,290.5555
5300,2017,286.4084
5300,2018,243.4548
5300,2019,233.347
5301,1992,6.4675
5301,1993,5.6262
5301,1994,4.7322
5301,1995,4.7164
5301,1996,4.0327
5301,1997,3.2775
5301,1998,3.3567
5301,1999,2.6801
5301,2000,1.0901
5301,2001,2.1577
5301,2002,1.1199
5301,2003,1.3891
5301,2004,2.4551
5301,2005,2.7167
5301,2006,1.2785
5301,2007,3.1732
5301,2008,7.3541
5301,2009,6.9884
5301,2010,7.2787
5301,2011,6.9886
5301,2012,7.0617
5301,2013,6.4335
5301,2014,5.9233
5301,2015,4.599
5301,2016,4.4123
5301,2017,4.4672
5301,2018,4.4001
5301,2019,4.1119
5302,1990,318.1059
5302,1991,309.4418
5302,1992,269.0561
5302,1993,245.0585
5302,1994,268.1837
5302,1995,285.1817
5302,1996,286.9743
5302,1997,264.9881
5302,1998,247.163
5302,1999,220.6017
5302,2000,191.2282
5302,2001,169.4729
5302,2002,134.8287
5302,2003,145.3874
5302,2004,156.1082
5302,2005,169.4015
5302,2006,174.0208
5302,2007,179.2918
5302,2008,182.9294
5302,2009,183.1822
5302,2010,187.238
5302,2011,191.4848
5302,2012,196.0655
5302,2013,210.0118
5302,2014,220.4307
5302,2015,224.2335
5302,2016,236.4128
5302,2017,240.8169
5302,2018,204.691
5302,2019,201.5432
5303,1990,72.4029
5303,1991,73.2117
5303,1992,70.2565
5303,1993,75.4151
5303,1994,72.3029
5303,1995,73.5649
5303,1996,73.94
5303,1997,72.8488
5303,1998,59.9338
5303,1999,51.3982
5303,2000,42.289
5303,2001,35.3938
5303,2002,38.8749
5303,2003,41.1641
5303,2004,40.5247
5303,2005,47.8067
5303,2006,54.7717
5303,2007,58.0055
5303,2008,68.6642
5303,2009,72.6669
5303,2010,60.5021
5303,2011,47.0739
5303,2012,39.5828
5303,2013,70.4459
5303,2014,57.7044
5303,2015,45.6824
5303,2016,36.9017
5303,2017,31.6058
5303,2018,26.1056
5303,2019,19.9808
5304,1990,2.697
5304,1991,1.8558
5304,1992,2.2594
5304,1993,2.1693
5304,1994,2.0924
5304,1995,1.9875
5304,1996,2.4606
5304,1997,3.0362
5304,1998,2.9161
5304,1999,2.9686
5304,2000,3.1746
5304,2001,3.0456
5304,2002,3.0172
5304,2003,3.3645
5304,2004,3.8914
5304,2005,3.688
5304,2006,4.0257
5304,2007,4.0111
5304,2008,3.5838
5304,2009,3.6497
5304,2010,3.2774
5304,2011,3.9871
5304,2012,3.9666
5304,2013,3.375
5304,2014,3.099
5304,2015,3.2384
5304,2016,3.0577
5304,2017,3.1033
5304,2018,3.8112
5304,2019,3.9536
5305,1990,15.4411
5305,1991,17.4832
5305,1992,17.5084
5305,1993,17.0031
5305,1994,15.5832
5305,1995,18.2161
5305,1996,27.1982
5305,1997,32.0271
5305,1998,33.9568
5305,1999,28.0259
5305,2000,40.956
5305,2001,27.992
5305,2002,38.5161
5305,2003,47.5111
5305,2004,49.8191
5305,2005,49.4342
5305,2006,62.3857
5305,2007,73.0526
5305,2008,50.3184
5305,2009,53.6274
5305,2010,53.1599
5305,2011,42.5247
5305,2012,40.327
5305,2013,31.8231
5305,2014,20.7652
5305,2015,13.8052
5305,2016,9.771
5305,2017,6.4152
5305,2018,4.4469
5305,2019,3.7575
54,1990,1.6
54,1991,1.8216
54,1992,1.4397
54,1993,1.3641
54,1994,1.4842
54,1995,1.1963
54,1996,1.011
54,1997,0.8734
54,1998,0.6697
54,1999,0.5571
54,2000,0.7694
54,2001,0.8592
54,2002,0.6243
54,2003,0.8174
54,2004,0.9471
54,2005,1.1472
54,2006,1.2898
54,2007,1.2957
54,2008,1.1886
54,2009,0.8812
54,2010,0.949
54,2011,0.8648
54,2012,0.8414
54,2013,1.0548
54,2014,0.739
54,2015,0.5727
54,2016,0.4646
54,2017,0.3543
54,2018,0.3062
54,2019,0.2196
5400,1990,240.3598
5400,1991,246.912
5400,1992,88.6324
5400,1993,84.6163
5400,1994,82.0545
5400,1995,78.7283
5400,1996,74.0287
5400,1997,67.303
5400,1998,59.5653
5400,1999,61.0256
5400,2000,48.7318
5400,2001,50.9939
5400,2002,42.762
5400,2003,40.5902
5400,2004,40.1677
5400,2005,41.2576
5400,2006,43.6724
5400,2007,42.4748
5400,2008,43.0921
5400,2009,41.1048
5400,2010,43.7646
5400,2011,41.3189
5400,2012,42.1087
5400,2013,41.3161
5400,2014,40.2324
5400,2015,37.869
5400,2016,38.4847
5400,2017,37.4382
5400,2018,37.2007
5400,2019,36.5952
5401,1990,222.5528
5401,1991,229.2944
5401,1992,72.112
5401,1993,70.0627
5401,1994,68.1477
5401,1995,66.1496
5401,1996,61.9237
5401,1997,56.0335
5401,1998,49.6898
5401,1999,51.7198
5401,2000,38.5994
5401,2001,40.772
5401,2002,33.3389
5401,2003,30.7226
5401,2004,30.1589
5401,2005,31.6669
5401,2006,34.5926
5401,2007,32.6528
5401,2008,33.716
5401,2009,33.3734
5401,2010,35.6338
5401,2011,33.3945
5401,2012,34.5746
5401,2013,33.7013
5401,2014,33.1441
5401,2015,31.2548
5401,2016,31.971
5401,2017,31.1824
5401,2018,30.938
5401,2019,30.4968
5402,1990,6.4397
5402,1991,6.2292
5402,1992,5.5296
5402,1993,4.9768
5402,1994,4.7214
5402,1995,3.8072
5402,1996,3.4602
5402,1997,2.791
5402,1998,2.5536
5402,1999,2.2373
5402,2000,2.3921
5402,2001,2.4298
5402,2002,2.2557
5402,2003,2.4553
5402,2004,2.6455
5402,2005,2.8557
5402,2006,2.983
5402,2007,2.9852
5402,2008,2.855
5402,2009,2.4192
5402,2010,2.5008
5402,2011,2.3492
5402,2012,2.3542
5402,2013,2.574
5402,2014,2.2098
5402,2015,1.9724
5402,2016,1.8693
5402,2017,1.6574
5402,2018,1.5451
5402,2019,1.4126
5403,1990,6.3806
5403,1991,6.6238
5403,1992,6.6079
5403,1993,5.3724
5403,1994,5.0854
5403,1995,4.4042
5403,1996,4.2786
5403,1997,3.9737
5403,1998,3.801
5403,1999,3.6493
5403,2000,3.8214
5403,2001,3.8834
5403,2002,3.5539
5403,2003,3.6209
5403,2004,3.5716
5403,2005,3.2266
5403,2006,2.8751
5403,2007,3.5135
5403,2008,3.148
5403,2009,2.1434
5403,2010,2.5106
5403,2011,2.6631
5403,2012,2.3475
5403,2013,2.2187
5403,2014,2.1367
5403,2015,1.8387
5403,2016,1.8739
5403,2017,1.8806
5403,2018,2.0885
5403,2019,2.079
5404,1990,4.9868
5404,1991,4.7647
5404,1992,4.3831
5404,1993,4.2045
5404,1994,4.1
5404,1995,4.3673
5404,1996,4.3663
5404,1997,4.5049
5404,1998,3.5209
5404,1999,3.4192
5404,2000,3.9189
5404,2001,3.9087
5404,2002,3.6135
5404,2003,3.7914
5404,2004,3.7917
5404,2005,3.5084
5404,2006,3.2217
5404,2007,3.3233
5404,2008,3.3731
5404,2009,3.1689
5404,2010,3.1194
5404,2011,2.9122
5404,2012,2.8324
5404,2013,2.8222
5404,2014,2.7417
5404,2015,2.8031
5404,2016,2.7706
5404,2017,2.7179
5404,2018,2.6291
5404,2019,2.6069
55,1990,0.001
55,1991,0.001
55,1992,0.001
55,1993,0.0011
55,1994,0.0014
55,1995,0.0019
55,1996,0.0013
55,1997,0.0023
55,1998,0.0021
55,1999,0.0019
55,2000,0.0024
55,2001,0.0025
55,2002,0.0017
55,2003,0.0018
55,2004,0.0015
55,2005,0.0013
55,2006,0.0013
55,2007,0.0012
55,2008,0.0012
55,2009,0.0011
55,2010,0.001
55,2011,0.001
55,2012,0.001
55,2013,0.001
55,2014,0.001
55,2015,0.0009
55,2016,0.0009
55,2017,0.0009
55,2018,0.001
55,2019,0.001
5500,1990,1.7526
5500,1991,1.896
5500,1992,2.0735
5500,1993,2.1464
5500,1994,2.2364
5500,1995,2.1956
5500,1996,2.0612
5500,1997,2.1319
5500,1998,2.1372
5500,1999,2.0944
5500,2000,2.0637
5500,2001,1.9136
5500,2002,1.6971
5500,2003,1.7652
5500,2004,1.7852
5500,2005,1.7326
5500,2006,2.2735
5500,2007,2.3181
5500,2008,2.2113
5500,2009,2.1389
5500,2010,2.1309
5500,2011,1.8915
5500,2012,1.8233
5500,2013,1.8424
5500,2014,1.8109
5500,2015,1.7505
5500,2016,1.7795
5500,2017,1.7747
5500,2018,1.8487
5500,2019,1.868
5501,1990,1.5562
5501,1991,1.6975
5501,1992,1.7945
5501,1993,1.8671
5501,1994,1.9542
5501,1995,1.919
5501,1996,1.7609
5501,1997,1.8513
5501,1998,1.8399
5501,1999,1.8072
5501,2000,1.7726
5501,2001,1.6187
5501,2002,1.415
5501,2003,1.4871
5501,2004,1.4992
5501,2005,1.4335
5501,2006,1.93
5501,2007,1.9356
5501,2008,1.857
5501,2009,1.746
5501,2010,1.7331
5501,2011,1.4874
5501,2012,1.4226
5501,2013,1.4165
5501,2014,1.3746
5501,2015,1.3369
5501,2016,1.3752
5501,2017,1.3777
5501,2018,1.4397
5501,2019,1.4643
5502,1990,0.1199
5502,1991,0.1277
5502,1992,0.1218
5502,1993,0.1269
5502,1994,0.1324
5502,1995,0.1271
5502,1996,0.1493
5502,1997,0.1279
5502,1998,0.1336
5502,1999,0.1293
5502,2000,0.1364
5502,2001,0.1366
5502,2002,0.1246
5502,2003,0.1212
5502,2004,0.1226
5502,2005,0.1266
5502,2006,0.1554
5502,2007,0.1792
5502,2008,0.1514
5502,2009,0.1649
5502,2010,0.1923
5502,2011,0.1871
5502,2012,0.1731
5502,2013,0.1783
5502,2014,0.1917
5502,2015,0.177
5502,2016,0.1783
5502,2017,0.1731
5502,2018,0.1897
5502,2019,0.1893
5503,1990,0.0746
5503,1991,0.069
5503,1992,0.1555
5503,1993,0.1507
5503,1994,0.1479
5503,1995,0.1474
5503,1996,0.149
5503,1997,0.1506
5503,1998,0.1583
5503,1999,0.1553
5503,2000,0.1522
5503,2001,0.1541
5503,2002,0.1508
5503,2003,0.1507
5503,2004,0.1563
5503,2005,0.1649
5503,2006,0.1798
5503,2007,0.1937
5503,2008,0.1933
5503,2009,0.2179
5503,2010,0.1936
5503,2011,0.2047
5503,2012,0.2148
5503,2013,0.2322
5503,2014,0.2297
5503,2015,0.2214
5503,2016,0.212
5503,2017,0.2094
5503,2018,0.2045
5503,2019,0.1994
5504,1990,0.0019
5504,1991,0.0018
5504,1992,0.0017
5504,1993,0.0017
5504,1994,0.0019
5504,1995,0.002
5504,1996,0.0019
5504,1997,0.0022
5504,1998,0.0054
5504,1999,0.0025
5504,2000,0.0024
5504,2001,0.0042
5504,2002,0.0066
5504,2003,0.0062
5504,2004,0.007
5504,2005,0.0076
5504,2006,0.0083
5504,2007,0.0097
5504,2008,0.0096
5504,2009,0.0101
5504,2010,0.0119
5504,2011,0.0123
5504,2012,0.0128
5504,2013,0.0155
5504,2014,0.015
5504,2015,0.0152
5504,2016,0.0139
5504,2017,0.0144
5504,2018,0.0149
5504,2019,0.0149
56,1990,0.0767
56,1991,0.0718
56,1992,0.0937
56,1993,0.0812
56,1994,0.0845
56,1995,0.1173
56,1996,0.127
56,1997,0.1328
56,1998,0.1089
56,1999,0.1019
56,2000,0.1148
56,2001,0.1046
56,2002,0.1032
56,2003,0.097
56,2004,0.1027
56,2005,0.1677
56,2006,0.1243
56,2007,0.1137
56,2008,0.1008
56,2009,0.0895
56,2010,0.09
56,2011,0.1299
56,2012,0.145
56,2013,0.1749
56,2014,0.1321
56,2015,0.1229
56,2016,0.1657
56,2017,0.1863
56,2018,0.1468
56,2019,0.1497
57,1992,0.8843
57,1993,0.6172
57,1994,0.5768
57,1995,0.4021
57,1996,0.3284
57,1997,0.2471
57,1998,0.2875
57,1999,0.2461
57,2000,0.371
57,2001,0.271
57,2002,0.2747
57,2003,0.2579
57,2004,0.2455
57,2005,0.2509
57,2006,0.2677
57,2007,0.283
57,2008,0.2976
57,2009,0.1702
57,2010,0.1609
57,2011,0.1822
57,2012,0.3017
57,2013,0.384
57,2014,0.4708
57,2015,0.4383
57,2016,0.4129
57,2017,0.4381
57,2018,0.4334
57,2019,0.4259
5706,1990,44.1177
5706,1991,58.1504
5706,1992,58.8586
5706,1993,59.828
5706,1994,58.1549
5706,1995,55.9724
5706,1996,53.7493
5706,1997,48.1263
5706,1998,42.051
5706,1999,44.6115
5706,2000,34.7123
5706,2001,37.7615
5706,2002,32.2212
5706,2003,31.1265
5706,2004,31.3288
5706,2005,32.4894
5706,2006,34.8529
5706,2007,33.9707
5706,2008,34.9985
5706,2009,33.2136
5706,2010,36.0078
5706,2011,33.262
5706,2012,33.6854
5706,2013,32.9035
5706,2014,30.831
5706,2015,28.8613
5706,2016,30.3455
5706,2017,29.8589
5706,2018,29.4477
5706,2019,29.1714
5707,1990,42.1921
5707,1991,56.2751
5707,1992,57.1097
5707,1993,58.2055
5707,1994,56.7588
5707,1995,54.8024
5707,1996,52.7038
5707,1997,47.3666
5707,1998,41.3337
5707,1999,43.9288
5707,2000,34.087
5707,2001,37.2069
5707,2002,31.699
5707,2003,30.6752
5707,2004,30.8672
5707,2005,32.0292
5707,2006,34.476
5707,2007,33.623
5707,2008,34.6603
5707,2009,32.9314
5707,2010,35.735
5707,2011,32.9866
5707,2012,33.3895
5707,2013,32.595
5707,2014,30.5215
5707,2015,28.5407
5707,2016,30.0033
5707,2017,29.5167
5707,2018,29.1149
5707,2019,28.834
58,1990,0.1842
58,1991,0.1773
58,1992,0.2076
58,1993,0.1887
58,1994,0.1894
58,1995,0.1896
58,1996,0.1864
58,1997,0.1733
58,1998,0.1896
58,1999,0.1842
58,2000,0.1698
58,2001,0.2199
58,2002,0.2448
58,2003,0.2528
58,2004,0.2258
58,2005,0.219
58,2006,0.22
58,2007,0.2431
58,2008,0.2745
58,2009,0.3003
58,2010,0.3223
58,2011,0.3528
58,2012,0.3849
58,2013,0.3878
58,2014,0.4112
58,2015,0.4033
58,2016,0.3437
58,2017,0.3732
58,2018,0.3734
58,2019,0.3658
5801,1990,2.3969
5801,1991,2.2021
5801,1992,2.1603
5801,1993,2.1341
5801,1994,2.2241
5801,1995,2.806
5801,1996,2.7604
5801,1997,3.0056
5801,1998,2.6608
5801,1999,2.9085
5801,2000,3.196
5801,2001,3.2638
5801,2002,3.2877
5801,2003,3.6828
5801,2004,3.7126
5801,2005,4.0909
5801,2006,4.0095
5801,2007,4.5376
5801,2008,4.7911
5801,2009,5.6056
5801,2010,6.5279
5801,2011,7.4231
5801,2012,7.2083
5801,2013,7.596
5801,2014,7.941
5801,2015,7.8369
5801,2016,7.5653
5801,2017,7.9129
5801,2018,8.6161
5801,2019,8.8573
5802,1990,7.0092
5802,1991,7.1639
5802,1992,13.0728
5802,1993,11.2692
5802,1994,10.1537
5802,1995,10.2164
5802,1996,10.6548
5802,1997,8.4375
5802,1998,8.4778
5802,1999,8.503
5802,2000,7.0886
5802,2001,5.6652
5802,2002,4.6855
5802,2003,5.9095
5802,2004,6.1915
5802,2005,7.404
5802,2006,10.0066
5802,2007,13.9019
5802,2008,17.0599
5802,2009,18.3201
5802,2010,15.3778
5802,2011,11.9098
5802,2012,11.4686
5802,2013,9.7096
5802,2014,9.7395
5802,2015,7.9687
5802,2016,7.9886
5802,2017,7.7978
5802,2018,7.8751
5802,2019,7.5494
5803,1990,3.3462
5803,1991,3.2549
5803,1992,3.1589
5803,1993,2.8068
5803,1994,2.8038
5803,1995,2.9481
5803,1996,2.9528
5803,1997,2.2841
5803,1998,2.942
5803,1999,2.9615
5803,2000,2.933
5803,2001,2.7172
5803,2002,3.0335
5803,2003,2.9267
5803,2004,3.0189
5803,2005,2.896
5803,2006,2.9134
5803,2007,2.5491
5803,2008,2.5319
5803,2009,2.2607
5803,2010,2.2611
5803,2011,2.3327
5803,2012,2.3842
5803,2013,2.5807
5803,2014,2.326
5803,2015,2.294
5803,2016,2.5022
5803,2017,2.3655
5803,2018,2.5684
5803,2019,2.6192
5815,1990,150.3892
5815,1991,141.7613
5815,1992,131.7071
5815,1993,129.6554
5815,1994,127.5437
5815,1995,124.8813
5815,1996,120.6888
5815,1997,112.3382
5815,1998,92.7306
5815,1999,82.7689
5815,2000,67.6451
5815,2001,50.9053
5815,2002,53.2534
5815,2003,53.8454
5815,2004,50.4829
5815,2005,58.8243
5815,2006,69.6582
5815,2007,73.3294
5815,2008,84.4544
5815,2009,87.3998
5815,2010,72.5392
5815,2011,56.3174
5815,2012,48.9074
5815,2013,78.0405
5815,2014,65.8949
5815,2015,53.1081
5815,2016,44.6938
5815,2017,38.7082
5815,2018,33.6216
5815,2019,27.511
5817,1990,9.6185
5817,1991,9.7837
5817,1992,9.5393
5817,1993,10.5861
5817,1994,10.0653
5817,1995,10.3427
5817,1996,10.382
5817,1997,9.2599
5817,1998,8.9953
5817,1999,9.639
5817,2000,10.0412
5817,2001,8.9414
5817,2002,9.6214
5817,2003,10.364
5817,2004,11.1998
5817,2005,12.2262
5817,2006,12.7355
5817,2007,14.2504
5817,2008,13.4881
5817,2009,14.3433
5817,2010,15.0886
5817,2011,15.5261
5817,2012,14.4703
5817,2013,14.4784
5817,2014,13.8578
5817,2015,12.9972
5817,2016,12.7807
5817,2017,12.8772
5817,2018,13.4359
5817,2019,13.538
5848,1990,341.0242
5848,1991,345.3557
5848,1992,176.7254
5848,1993,166.3397
5848,1994,166.8962
5848,1995,166.195
5848,1996,171.1212
5848,1997,162.378
5848,1998,147.7083
5848,1999,136.8725
5848,2000,131.3905
5848,2001,115.1815
5848,2002,115.5359
5848,2003,121.6942
5848,2004,127.2228
5848,2005,127.459
5848,2006,134.8883
5848,2007,142.2096
5848,2008,113.0025
5848,2009,113.0957
5848,2010,111.9944
5848,2011,107.4001
5848,2012,103.6111
5848,2013,94.4466
5848,2014,83.3039
5848,2015,76.8752
5848,2016,72.2812
5848,2017,71.3287
5848,2018,68.9733
5848,2019,68.2773
5849,1990,361.6662
5849,1991,357.4618
5849,1992,327.0166
5849,1993,312.7812
5849,1994,327.7439
5849,1995,345.2598
5849,1996,349.8418
5849,1997,333.6042
5849,1998,310.1673
5849,1999,280.071
5849,2000,247.2448
5849,2001,223.0058
5849,2002,192.9683
5849,2003,210.578
5849,2004,223.2345
5849,2005,243.5611
5849,2006,258.4471
5849,2007,272.1207
5849,2008,291.0666
5849,2009,295.8376
5849,2010,290.8493
5849,2011,284.0072
5849,2012,283.8879
5849,2013,336.721
5849,2014,332.5767
5849,2015,318.6804
5849,2016,316.8402
5849,2017,317.9345
5849,2018,283.5481
5849,2019,274.4976
5873,1990,157.8117
5873,1991,171.7257
5873,1992,162.6662
5873,1993,158.363
5873,1994,164.5423
5873,1995,166.1145
5873,1996,177.4106
5873,1997,165.2485
5873,1998,146.4221
5873,1999,134.9457
5873,2000,129.6189
5873,2001,110.4107
5873,2002,111.4601
5873,2003,117.4123
5873,2004,122.9261
5873,2005,122.7261
5873,2006,130.3222
5873,2007,137.496
5873,2008,109.0988
5873,2009,108.2291
5873,2010,108.16
5873,2011,103.7442
5873,2012,98.0837
5873,2013,89.3644
5873,2014,76.6085
5873,2015,71.4137
5873,2016,67.0268
5873,2017,67.7761
5873,2018,65.3828
5873,2019,65.3069
59,1990,0.1789
59,1991,0.1829
59,1992,0.1832
59,1993,0.1883
59,1994,0.1959
59,1995,0.2101
59,1996,0.2287
59,1997,0.2504
59,1998,0.2783
59,1999,0.294
59,2000,0.3161
59,2001,0.3254
59,2002,0.3398
59,2003,0.3551
59,2004,0.3687
59,2005,0.5567
59,2006,0.5959
59,2007,0.659
59,2008,0.7071
59,2009,0.7846
59,2010,0.8018
59,2011,0.8166
59,2012,0.7682
59,2013,0.4727
59,2014,0.5422
59,2015,0.556
59,2016,0.5851
59,2017,0.5891
59,2018,0.5844
59,2019,0.5928
6,1990,0.002
6,1991,0.002
6,1992,0.0019
6,1993,0.0019
6,1994,0.0019
6,1995,0.0021
6,1996,0.0023
6,1997,0.0023
6,1998,0.0025
6,1999,0.0025
6,2000,0.0024
6,2001,0.0023
6,2002,0.0023
6,2003,0.0022
6,2004,0.0023
6,2005,0.0022
6,2006,0.0021
6,2007,0.002
6,2008,0.002
6,2009,0.0018
6,2010,0.0018
6,2011,0.0016
6,2012,0.0016
6,2013,0.0016
6,2014,0.0015
6,2015,0.0015
6,2016,0.0016
6,2017,0.0016
6,2018,0.0016
6,2019,0.0016
60,1990,0.0196
60,1991,0.0206
60,1992,0.025
60,1993,0.0266
60,1994,0.0275
60,1995,0.0294
60,1996,0.0286
60,1997,0.0302
60,1998,0.0329
60,1999,0.0356
60,2000,0.0355
60,2001,0.036
60,2002,0.0347
60,2003,0.0401
60,2004,0.043
60,2005,0.045
60,2006,0.0421
60,2007,0.0449
60,2008,0.04
60,2009,0.0403
60,2010,0.0385
60,2011,0.0392
60,2012,0.0361
60,2013,0.0357
60,2014,0.0363
60,2015,0.0416
60,2016,0.0409
60,2017,0.0374
60,2018,0.0324
60,2019,0.0316
61,1990,0.0001
61,1991,0.0002
61,1992,0.0002
61,1993,0.0002
61,1994,0.0002
61,1995,0.0003
61,1996,0.0003
61,1997,0.0003
61,1998,0.0003
61,1999,0.0004
61,2000,0.0005
61,2001,0.0006
61,2002,0.0008
61,2003,0.0009
61,2004,0.0018
61,2005,0.002
61,2006,0.0022
61,2007,0.002
61,2008,0.0022
61,2009,0.002
61,2010,0.0026
61,2011,0.0026
61,2012,0.003
61,2013,0.0037
61,2014,0.0039
61,2015,0.0041
61,2016,0.0052
61,2017,0.0064
61,2018,0.005
61,2019,0.0052
62,1990,0.0138
62,1991,0.0135
62,1992,0.0115
63,1992,0.1509
63,1993,0.0657
63,1994,0.0349
63,1995,0.031
63,1996,0.1002
63,1997,0.0492
63,1998,0.0341
63,1999,0.0249
63,2000,0.0253
63,2001,0.0332
63,2002,0.0344
63,2003,0.0391
63,2004,0.0404
63,2005,0.0335
63,2006,0.0322
63,2007,0.0325
63,2008,0.038
63,2009,0.0425
63,2010,0.0483
63,2011,0.0561
63,2012,0.0613
63,2013,0.0661
63,2014,0.0744
63,2015,0.0809
63,2016,0.0843
63,2017,0.0536
63,2018,0.0378
63,2019,0.0305
64,1990,0.0187
64,1991,0.0177
64,1992,0.0174
64,1993,0.0155
64,1994,0.0164
64,1995,0.0156
64,1996,0.0164
64,1997,0.0156
64,1998,0.0157
64,1999,0.0156
64,2000,0.0175
64,2001,0.0204
64,2002,0.0187
64,2003,0.0181
64,2004,0.0193
64,2005,0.0186
64,2006,0.0167
64,2007,0.0167
64,2008,0.0138
64,2009,0.0133
64,2010,0.0158
64,2011,0.0138
64,2012,0.0156
64,2013,0.0179
64,2014,0.0169
64,2015,0.0181
64,2016,0.017
64,2017,0.0204
64,2018,0.0205
64,2019,0.0212
65,1990,0.0007
65,1991,0.0005
65,1992,0.0004
65,1993,0.0003
65,1994,0.0002
65,1995,0.0002
65,1996,0.0002
65,1997,0.0002
65,1998,0.0002
65,1999,0.0002
65,2000,0.0002
65,2001,0.0002
65,2002,0.0002
65,2003,0.0002
65,2004,0.0002
65,2005,0.0002
65,2006,0.0002
65,2007,0.0002
65,2008,0.0002
65,2009,0.0002
65,2010,0.0002
65,2011,0.0002
65,2012,0.0002
65,2013,0.0002
65,2014,0.0002
65,2015,0.0002
65,2016,0.0002
65,2017,0.0002
65,2018,0.0002
65,2019,0.0002
66,1990,0.018
66,1991,0.0209
66,1992,0.022
66,1993,0.0228
66,1994,0.022
66,1995,0.0216
66,1996,0.0222
66,1997,0.022
66,1998,0.0227
66,1999,0.0215
66,2000,0.0211
66,2001,0.0287
66,2002,0.0217
66,2003,0.0201
66,2004,0.0186
66,2005,0.0139
66,2006,0.0215
66,2007,0.0267
66,2008,0.0169
66,2009,0.0183
66,2010,0.0294
66,2011,0.03
66,2012,0.026
66,2013,0.0288
66,2014,0.0334
66,2015,0.03
66,2016,0.0319
66,2017,0.036
66,2018,0.0389
66,2019,0.04
67,1990,0.4614
67,1991,0.4072
67,1992,0.375
67,1993,0.3696
67,1994,0.3948
67,1995,0.349
67,1996,0.2448
67,1997,0.2255
67,1998,0.2566
67,1999,0.2467
67,2000,0.2174
67,2001,0.2023
67,2002,0.2341
67,2003,0.2329
67,2004,0.2305
67,2005,0.2141
67,2006,0.2062
67,2007,0.2217
67,2008,0.2139
67,2009,0.2124
67,2010,0.2113
67,2011,0.2179
67,2012,0.202
67,2013,0.166
67,2014,0.1625
67,2015,0.1606
67,2016,0.1593
67,2017,0.1445
67,2018,0.1563
67,2019,0.1551
68,1990,0.9048
68,1991,0.9059
68,1992,0.9211
68,1993,0.908
68,1994,0.8825
68,1995,0.8681
68,1996,0.8946
68,1997,0.8817
68,1998,0.8811
68,1999,0.8707
68,2000,0.877
68,2001,0.8645
68,2002,0.8199
68,2003,0.8074
68,2004,0.8237
68,2005,0.8104
68,2006,0.7834
68,2007,0.7714
68,2008,0.7808
68,2009,0.774
68,2010,0.7592
68,2011,0.7512
68,2012,0.7324
68,2013,0.7581
68,2014,0.7582
68,2015,0.7413
68,2016,0.7305
68,2017,0.7222
68,2018,0.7108
68,2019,0.7013
69,1990,0.0443
69,1991,0.0361
69,1992,0.0294
69,1993,0.0212
69,1994,0.0129
69,1995,0.0118
69,1996,0.0086
69,1997,0.0086
69,1998,0.0093
69,1999,0.0093
69,2000,0.0085
69,2001,0.0084
69,2002,0.008
69,2003,0.0077
69,2004,0.008
69,2005,0.0083
69,2006,0.0069
69,2007,0.0088
69,2008,0.007
69,2009,0.0087
69,2010,0.0075
69,2011,0.0043
69,2012,0.006
69,2013,0.0036
69,2014,0.0076
69,2015,0.0023
69,2016,0.0036
69,2017,0.0031
69,2018,0.0026
69,2019,0.0021
7,1990,0.0088
7,1991,0.0086
7,1992,0.0064
7,1993,0.0095
7,1994,0.0128
7,1995,0.012
7,1996,0.0113
7,1997,0.0104
7,1998,0.0081
7,1999,0.0109
7,2000,0.0096
7,2001,0.0108
7,2002,0.0126
7,2003,0.0171
7,2004,0.0203
7,2005,0.0222
7,2006,0.0258
7,2007,0.0303
7,2008,0.0388
7,2009,0.0471
7,2010,0.0535
7,2011,0.059
7,2012,0.0564
7,2013,0.0553
7,2014,0.0612
7,2015,0.055
7,2016,0.0566
7,2017,0.0426
7,2018,0.0453
7,2019,0.0421
70,1990,0.0007
70,1991,0.0006
70,1992,0.0005
70,1993,0.0004
70,1994,0.0005
70,1995,0.0006
70,1996,0.0008
70,1997,0.0008
70,1998,0.001
70,1999,0.0012
70,2000,0.0012
70,2001,0.0014
70,2002,0.0015
70,2003,0.0017
70,2004,0.0023
70,2005,0.0028
70,2006,0.0033
70,2007,0.0047
70,2008,0.0051
70,2009,0.0052
70,2010,0.0069
70,2011,0.0073
70,2012,0.0079
70,2013,0.0083
70,2014,0.0086
70,2015,0.0092
70,2016,0.0095
70,2017,0.01
70,2018,0.0106
70,2019,0.0111
72,1990,0.0005
72,1991,0.0006
72,1992,0.0006
72,1993,0.0005
72,1994,0.0005
72,1995,0.0005
72,1996,0.0005
72,1997,0.0006
72,1998,0.0008
72,1999,0.0008
72,2000,0.0008
72,2001,0.0008
72,2002,0.0007
72,2003,0.0007
72,2004,0.0007
72,2005,0.0007
72,2006,0.0007
72,2007,0.0007
72,2008,0.0008
72,2009,0.0007
72,2010,0.0008
72,2011,0.0008
72,2012,0.0009
72,2013,0.0008
72,2014,0.001
72,2015,0.001
72,2016,0.0012
72,2017,0.0014
72,2018,0.0012
72,2019,0.0013
73,1992,0.8362
73,1993,0.5669
73,1994,0.4501
73,1995,0.0912
73,1996,0.1328
73,1997,0.1594
73,1998,0.1486
73,1999,0.1227
73,2000,0.1204
73,2001,0.0814
73,2002,0.0681
73,2003,0.0806
73,2004,0.0874
73,2005,0.1001
73,2006,0.097
73,2007,0.1725
73,2008,0.2374
73,2009,0.1967
73,2010,0.1726
73,2011,0.1446
73,2012,0.1103
73,2013,0.0545
73,2014,0.0299
73,2015,0.004
73,2016,0.0096
73,2017,0.0085
73,2018,0.0108
73,2019,0.008
74,1990,0.0064
74,1991,0.0056
74,1992,0.0041
74,1993,0.0044
74,1994,0.0046
74,1995,0.0044
74,1996,0.0053
74,1997,0.0058
74,1998,0.0057
74,1999,0.0052
74,2000,0.0059
74,2001,0.0064
74,2002,0.0071
74,2003,0.0073
74,2004,0.007
74,2005,0.008
74,2006,0.0069
74,2007,0.0071
74,2008,0.0074
74,2009,0.007
74,2010,0.0089
74,2011,0.0098
74,2012,0.0099
74,2013,0.0108
74,2014,0.0113
74,2015,0.0117
74,2016,0.0125
74,2017,0.0108
74,2018,0.0159
74,2019,0.0168
75,1990,0.001
75,1991,0.001
75,1992,0.001
75,1993,0.0011
75,1994,0.001
75,1995,0.0011
75,1996,0.0011
75,1997,0.0011
75,1998,0.0011
75,1999,0.0012
75,2000,0.0011
75,2001,0.0011
75,2002,0.001
75,2003,0.0009
75,2004,0.0009
75,2005,0.0009
75,2006,0.0009
75,2007,0.0011
75,2008,0.0012
75,2009,0.0015
75,2010,0.0015
75,2011,0.0015
75,2012,0.0016
75,2013,0.0014
75,2014,0.0022
75,2015,0.0023
75,2016,0.0024
75,2017,0.0025
75,2018,0.0027
75,2019,0.0028
79,1990,2.562
79,1991,2.2804
79,1992,1.9787
79,1993,1.7662
79,1994,1.7812
79,1995,2.0374
79,1996,1.947
79,1997,2.2449
79,1998,1.2952
79,1999,1.2365
79,2000,1.1857
79,2001,1.2644
79,2002,1.1656
79,2003,1.2846
79,2004,1.2664
79,2005,1.0145
79,2006,0.8644
79,2007,0.9035
79,2008,0.8782
79,2009,0.8404
79,2010,0.8437
79,2011,0.8706
79,2012,0.8064
79,2013,0.7765
79,2014,0.8038
79,2015,0.8637
79,2016,0.8263
79,2017,0.8006
79,2018,0.7419
79,2019,0.7295
8,1990,0.0002
8,1991,0.0002
8,1992,0.0002
8,1993,0.0002
8,1994,0.0002
8,1995,0.0003
8,1996,0.0003
8,1997,0.0003
8,1998,0.0003
8,1999,0.0003
8,2000,0.0003
8,2001,0.0003
8,2002,0.0003
8,2003,0.0003
8,2004,0.0003
8,2005,0.0003
8,2006,0.0003
8,2007,0.0003
8,2008,0.0003
8,2009,0.0004
8,2010,0.0003
8,2011,0.0002
8,2012,0.0002
8,2013,0.0002
8,2014,0.0002
8,2015,0.0002
8,2016,0.0003
8,2017,0.0002
8,2018,0.0003
8,2019,0.0003
80,1992,0.0066
80,1993,0.0038
80,1994,0.0053
80,1995,0.0052
80,1996,0.0051
80,1997,0.0046
80,1998,0.0061
80,1999,0.0057
80,2000,0.0159
80,2001,0.0163
80,2002,0.0138
80,2003,0.0123
80,2004,0.0141
80,2005,0.0136
80,2006,0.0099
80,2007,0.0107
80,2008,0.013
80,2009,0.0206
80,2010,0.0231
80,2011,0.0285
80,2012,0.0276
80,2013,0.0237
80,2014,0.0259
80,2015,0.0145
80,2016,0.0207
80,2017,0.03
80,2018,0.0512
80,2019,0.0562
81,1990,0.0814
81,1991,0.1013
81,1992,0.0681
81,1993,0.0939
81,1994,0.1146
81,1995,0.1064
81,1996,0.1155
81,1997,0.1209
81,1998,0.1091
81,1999,0.1192
81,2000,0.1376
81,2001,0.1364
81,2002,0.1396
81,2003,0.1043
81,2004,0.1229
81,2005,0.1164
81,2006,0.1145
81,2007,0.1255
81,2008,0.1263
81,2009,0.1575
81,2010,0.1621
81,2011,0.2958
81,2012,0.3656
81,2013,0.3524
81,2014,0.3576
81,2015,0.3279
81,2016,0.3437
81,2017,0.3908
81,2018,0.3829
81,2019,0.3879
82,1990,0.0008
82,1991,0.001
82,1992,0.0012
82,1993,0.0012
82,1994,0.0015
82,1995,0.0015
82,1996,0.0015
82,1997,0.0016
82,1998,0.0016
82,1999,0.0016
82,2000,0.0016
82,2001,0.0016
82,2002,0.0016
82,2003,0.0016
82,2004,0.0017
82,2005,0.0017
82,2006,0.0017
82,2007,0.0016
82,2008,0.0016
82,2009,0.0017
82,2010,0.0017
82,2011,0.0016
82,2012,0.0016
82,2013,0.0018
82,2014,0.002
82,2015,0.0022
82,2016,0.0024
82,2017,0.0026
82,2018,0.0028
82,2019,0.003
83,1990,0.0017
83,1991,0.002
83,1992,0.0022
83,1993,0.0025
83,1994,0.0026
83,1995,0.0029
83,1996,0.0043
83,1997,0.0029
83,1998,0.0042
83,1999,0.0042
83,2000,0.004
83,2001,0.0043
83,2002,0.0046
83,2003,0.0057
83,2004,0.0062
83,2005,0.0059
83,2006,0.0061
83,2007,0.0055
83,2008,0.0057
83,2009,0.0058
83,2010,0.0058
83,2011,0.0058
83,2012,0.0062
83,2013,0.0082
83,2014,0.0062
83,2015,0.0071
83,2016,0.0069
83,2017,0.0093
83,2018,0.0095
83,2019,0.0101
84,1990,1.1903
84,1991,1.2844
84,1992,1.2006
84,1993,1.1414
84,1994,1.1446
84,1995,1.0935
84,1996,1.0061
84,1997,0.9649
84,1998,0.9961
84,1999,0.8529
84,2000,0.9131
84,2001,0.9835
84,2002,0.854
84,2003,0.7193
84,2004,0.6705
84,2005,0.5446
84,2006,0.5042
84,2007,0.626
84,2008,0.5259
84,2009,0.3589
84,2010,0.4447
84,2011,0.2962
84,2012,0.2201
84,2013,0.1972
84,2014,0.1872
84,2015,0.1807
84,2016,0.1988
84,2017,0.202
84,2018,0.2397
84,2019,0.2502
85,1990,0.011
85,1991,0.0127
85,1992,0.0199
85,1993,0.0197
85,1994,0.0199
85,1995,0.0201
85,1996,0.0219
85,1997,0.0241
85,1998,0.0241
85,1999,0.0277
85,2000,0.0297
85,2001,0.0297
85,2002,0.0297
85,2003,0.0241
85,2004,0.0248
85,2005,0.0263
85,2006,0.0261
85,2007,0.0292
85,2008,0.028
85,2009,0.0283
85,2010,0.0301
85,2011,0.0296
85,2012,0.0314
85,2013,0.0314
85,2014,0.0329
85,2015,0.0325
85,2016,0.0356
85,2017,0.0372
85,2018,0.0373
85,2019,0.0382
86,1990,0.0013
86,1991,0.0013
86,1992,0.0013
86,1993,0.0014
86,1994,0.0017
86,1995,0.0018
86,1996,0.0026
86,1997,0.0031
86,1998,0.0033
86,1999,0.0033
86,2000,0.0031
86,2001,0.0031
86,2002,0.003
86,2003,0.0031
86,2004,0.0028
86,2005,0.0028
86,2006,0.0028
86,2007,0.0027
86,2008,0.0019
86,2009,0.0018
86,2010,0.0018
86,2011,0.0016
86,2012,0.0015
86,2013,0.0014
86,2014,0.0014
86,2015,0.0013
86,2016,0.0012
86,2017,0.0012
86,2018,0.0022
86,2019,0.0023
87,1990,0.0196
87,1991,0.0218
87,1992,0.0227
87,1993,0.0272
87,1994,0.0339
87,1995,0.0364
87,1996,0.0393
87,1997,0.0441
87,1998,0.0498
87,1999,0.0433
87,2000,0.0443
87,2001,0.0482
87,2002,0.0417
87,2003,0.0474
87,2004,0.0414
87,2005,0.039
87,2006,0.0386
87,2007,0.0359
87,2008,0.028
87,2009,0.026
87,2010,0.0258
87,2011,0.0122
87,2012,0.0083
87,2013,0.0084
87,2014,0.0105
87,2015,0.0111
87,2016,0.0106
87,2017,0.0111
87,2018,0.0115
87,2019,0.012
89,1990,0.0131
89,1991,0.0117
89,1992,0.0118
89,1993,0.012
89,1994,0.0115
89,1995,0.0135
89,1996,0.0126
89,1997,0.0136
89,1998,0.0147
89,1999,0.0151
89,2000,0.0163
89,2001,0.017
89,2002,0.0174
89,2003,0.0184
89,2004,0.0172
89,2005,0.1678
89,2006,0.1917
89,2007,0.2046
89,2008,0.2135
89,2009,0.2275
89,2010,0.2388
89,2011,0.2512
89,2012,0.2632
89,2013,0.2749
89,2014,0.2896
89,2015,0.3035
89,2016,0.3169
89,2017,0.3303
89,2018,0.343
89,2019,0.356
9,1990,0.6505
9,1991,0.5874
9,1992,0.7926
9,1993,0.9094
9,1994,0.9694
9,1995,0.9913
9,1996,1.0731
9,1997,1.0251
9,1998,1.0114
9,1999,1.0493
9,2000,1.0786
9,2001,0.9848
9,2002,0.9949
9,2003,1.1027
9,2004,1.235
9,2005,1.3365
9,2006,1.0425
9,2007,0.9197
9,2008,1.0233
9,2009,0.8908
9,2010,0.7724
9,2011,0.6443
9,2012,0.6521
9,2013,0.8616
9,2014,0.7985
9,2015,0.8379
9,2016,0.8013
9,2017,0.8072
9,2018,0.8342
9,2019,0.8413
90,1990,0.2765
90,1991,0.2803
90,1992,0.2939
90,1993,0.3039
90,1994,0.3268
90,1995,0.3537
90,1996,0.391
90,1997,0.4109
90,1998,0.4297
90,1999,0.4449
90,2000,0.4561
90,2001,0.478
90,2002,0.4986
90,2003,0.5126
90,2004,0.5237
90,2005,0.5864
90,2006,0.5909
90,2007,0.6259
90,2008,0.6316
90,2009,0.6919
90,2010,0.8959
90,2011,0.9104
90,2012,0.7348
90,2013,0.5984
90,2014,0.6007
90,2015,0.6705
90,2016,0.7109
90,2017,0.8474
90,2018,1.2123
90,2019,1.3346
91,1990,0.0399
91,1991,0.0353
91,1992,0.0326
91,1993,0.0319
91,1994,0.0423
91,1995,0.0522
91,1996,0.058
91,1997,0.0617
91,1998,0.0603
91,1999,0.066
91,2000,0.0629
91,2001,0.0642
91,2002,0.0622
91,2003,0.0592
91,2004,0.0612
91,2005,0.0563
91,2006,0.0523
91,2007,0.0599
91,2008,0.0598
91,2009,0.0623
91,2010,0.034
91,2011,0.0371
91,2012,0.0351
91,2013,0.0314
91,2014,0.0345
91,2015,0.0337
91,2016,0.0398
91,2017,0.0381
91,2018,0.041
91,2019,0.0424
93,1990,0.027
93,1991,0.0461
93,1992,0.0499
93,1993,0.0511
93,1994,0.0497
93,1995,0.0634
93,1996,0.0692
93,1997,0.0734
93,1998,0.0809
93,1999,0.0838
93,2000,0.0849
93,2001,0.0885
93,2002,0.0969
93,2003,0.0996
93,2004,0.099
93,2005,0.1021
93,2006,0.1053
93,2007,0.1115
93,2008,0.1143
93,2009,0.1175
93,2010,0.1219
93,2011,0.1278
93,2012,0.1317
93,2013,0.1349
93,2014,0.1412
93,2015,0.1461
93,2016,0.1498
93,2017,0.1534
93,2018,0.1571
93,2019,0.1611
95,1990,0.0415
95,1991,0.0461
95,1992,0.0508
95,1993,0.0554
95,1994,0.0601
95,1995,0.0647
95,1996,0.0693
95,1997,0.074
95,1998,0.0785
95,1999,0.1741
95,2000,0.3169
95,2001,0.2763
95,2002,0.2895
95,2003,0.3118
95,2004,0.2929
95,2005,0.1422
95,2006,0.1729
95,2007,0.1815
95,2008,0.225
95,2009,0.2152
95,2010,0.2209
95,2011,0.2062
95,2012,0.2379
95,2013,0.2235
95,2014,0.226
95,2015,0.2262
95,2016,0.1505
95,2017,0.0745
95,2018,0.0893
95,2019,0.0848
96,1990,0.2289
96,1991,0.1831
96,1992,0.2098
96,1993,0.154
96,1994,0.1505
96,1995,0.1324
96,1996,0.117
96,1997,0.1176
96,1998,0.1701
96,1999,0.224
96,2000,0.1823
96,2001,0.1533
96,2002,0.117
96,2003,0.1056
96,2004,0.0744
96,2005,0.0688
96,2006,0.056
96,2007,0.0569
96,2008,0.055
96,2009,0.0535
96,2010,0.065
96,2011,0.0634
96,2012,0.0623
96,2013,0.0639
96,2014,0.0635
96,2015,0.0683
96,2016,0.0705
96,2017,0.0736
96,2018,0.0704
96,2019,0.0719
97,1990,0.1721
97,1991,0.1446
97,1992,0.1099
97,1993,0.1072
97,1994,0.1195
97,1995,0.1224
97,1996,0.1469
97,1997,0.1546
97,1998,0.1654
97,1999,0.1747
97,2000,0.1714
97,2001,0.1755
97,2002,0.1845
97,2003,0.164
97,2004,0.1738
97,2005,0.1862
97,2006,0.1838
97,2007,0.147
97,2008,0.1528
97,2009,0.1238
97,2010,0.1142
97,2011,0.0974
97,2012,0.08
97,2013,0.1051
97,2014,0.1153
97,2015,0.1095
97,2016,0.1222
97,2017,0.1133
97,2018,0.116
97,2019,0.1161
98,1992,0.1002
98,1993,0.1075
98,1994,0.102
98,1995,0.0889
98,1996,0.0894
98,1997,0.0861
98,1998,0.0965
98,1999,0.1287
98,2000,0.1219
98,2001,0.1232
98,2002,0.1147
98,2003,0.1392
98,2004,0.1972
98,2005,0.1552
98,2006,0.1482
98,2007,0.1667
98,2008,0.1813
98,2009,0.1599
98,2010,0.1646
98,2011,0.159
98,2012,0.1437
98,2013,0.1288
98,2014,0.1237
98,2015,0.107
98,2016,0.0878
98,2017,0.0914
98,2018,0.0923
98,2019,0.0861
99,1990,0.0806
99,1991,0.0872
99,1992,0.0834
99,1993,0.0819
99,1994,0.0923
99,1995,0.0824
99,1996,0.0819
99,1997,0.0765
99,1998,0.0729
99,1999,0.0639
99,2000,0.0706
99,2001,0.0693
99,2002,0.0756
99,2003,0.0755
99,2004,0.0819
99,2005,0.0854
99,2006,0.0856
99,2007,0.1026
99,2008,0.0855
99,2009,0.0928
99,2010,0.0899
99,2011,0.0862
99,2012,0.0811
99,2013,0.0985
99,2014,0.087
99,2015,0.0944
99,2016,0.0856
99,2017,0.0828
99,2018,0.0809
99,2019,0.0797
