geo,year,olives_export_quantity_tcl
10,2012,89
10,2013,6
10,2014,0
10,2015,0
10,2016,16
10,2017,0
10,2018,0
10,2019,1
100,1961,0
100,1962,0
100,1963,0
100,1964,0
100,1965,0
100,1966,0
100,1967,0
100,1968,0
100,1969,0
100,1970,0
100,1971,0
100,1972,0
100,1973,0
100,1974,0
100,1975,0
100,1976,0
100,1977,0
100,1978,0
100,1979,0
100,1980,0
100,1981,0
100,1982,0
100,1983,0
100,1984,0
100,1985,110
100,1986,0
100,1987,0
100,1988,0
100,1989,0
100,1990,0
100,1991,0
100,1992,0
100,1993,0
100,1994,0
100,1995,0
100,1996,0
100,1997,0
100,1998,0
100,1999,0
100,2000,0
100,2001,0
100,2002,0
100,2003,0
100,2004,0
100,2005,0
100,2006,0
100,2007,0
100,2008,0
100,2009,0
100,2010,0
100,2011,125
100,2012,45
100,2013,7
100,2014,2
100,2015,3
100,2016,9
100,2017,6
100,2018,20
100,2019,2
101,2018,0
102,2015,2
102,2018,1
102,2019,0
104,1961,0
104,1962,0
104,1963,0
104,1964,0
104,1965,0
104,1966,0
104,1967,0
104,1968,0
104,1969,0
104,1970,0
104,1971,0
104,1972,0
104,1973,0
104,1974,0
104,1975,0
104,1976,0
104,1977,0
104,1978,0
104,1979,0
104,1980,0
104,1981,0
104,1982,0
104,1983,8
104,1984,0
104,1985,2
104,1986,0
104,1987,0
104,1988,0
104,1989,0
104,1990,1
104,1991,0
104,1992,0
104,1993,0
104,1994,0
104,1995,0
104,1996,0
104,1997,0
104,1998,0
104,1999,0
104,2000,0
104,2001,0
104,2002,3
104,2003,0
104,2004,6
104,2005,0
104,2006,2
104,2007,0
104,2008,0
104,2009,1
104,2010,5
104,2011,4
104,2012,0
104,2013,2
104,2014,0
104,2015,0
104,2018,0
104,2019,1
105,1961,0
105,1962,0
105,1963,0
105,1964,0
105,1965,0
105,1966,0
105,1967,0
105,1968,0
105,1969,0
105,1970,0
105,1971,0
105,1972,0
105,1973,15
105,1974,41
105,1975,8
105,1976,0
105,1977,19
105,1978,67
105,1979,59
105,1980,0
105,1981,0
105,1982,0
105,1983,0
105,1984,0
105,1985,0
105,1986,0
105,1987,0
105,1988,0
105,1989,0
105,1990,0
105,1991,0
105,1992,0
105,1993,0
105,1994,0
105,1995,0
105,1996,0
105,1997,0
105,1998,0
105,1999,0
105,2000,0
105,2001,0
105,2002,0
105,2003,0
105,2004,0
105,2005,0
105,2006,0
105,2007,0
105,2008,0
105,2009,0
105,2010,0
105,2011,0
105,2012,0
105,2013,0
106,1961,21
106,1962,31
106,1963,11
106,1964,24
106,1965,125
106,1966,285
106,1967,138
106,1968,29
106,1969,301
106,1970,236
106,1971,101
106,1972,340
106,1973,175
106,1974,216
106,1975,133
106,1976,129
106,1977,170
106,1978,253
106,1979,308
106,1980,300
106,1981,350
106,1982,237
106,1983,336
106,1984,251
106,1985,330
106,1986,233
106,1987,155
106,1988,330
106,1989,96
106,1990,96
106,1991,169
106,1992,74
106,1993,526
106,1994,248
106,1995,290
106,1996,369
106,1997,361
106,1998,416
106,1999,576
106,2000,719
106,2001,835
106,2002,687
106,2003,649
106,2004,798
106,2005,779
106,2006,534
106,2007,699
106,2008,682
106,2009,1027
106,2010,808
106,2011,1068
106,2012,2226
106,2013,2496
106,2014,2080
106,2015,3333
106,2016,2432
106,2017,3152
106,2018,2020
106,2019,1622
107,2015,0
107,2019,0
108,2000,0
108,2001,10
108,2002,0
108,2003,0
108,2004,0
108,2005,0
108,2006,0
108,2007,0
108,2008,0
108,2009,0
108,2010,0
108,2011,4
108,2012,1
108,2013,0
109,2001,1122
109,2004,737
109,2005,366
109,2006,0
109,2007,0
109,2008,0
109,2009,0
109,2010,0
109,2011,0
109,2012,0
109,2013,0
11,1961,0
11,1962,0
11,1963,0
11,1964,0
11,1965,0
11,1966,0
11,1967,0
11,1968,0
11,1969,0
11,1970,0
11,1971,0
11,1972,0
11,1973,0
11,1974,0
11,1975,0
11,1976,0
11,1977,0
11,1978,0
11,1979,0
11,1980,0
11,1981,0
11,1982,0
11,1983,0
11,1984,0
11,1985,0
11,1986,0
11,1987,0
11,1988,0
11,1989,0
11,1990,0
11,1991,0
11,1992,1
11,1993,2
11,1994,0
11,1995,0
11,1996,0
11,1997,2
11,1998,2
11,1999,1
11,2000,0
11,2001,10
11,2002,0
11,2003,0
11,2004,1
11,2005,0
11,2006,38
11,2007,2
11,2008,1
11,2009,0
11,2010,0
11,2011,0
11,2012,11
11,2013,15
11,2014,16
11,2015,10
11,2016,9
11,2017,6
11,2018,6
11,2019,28
112,1961,0
112,1962,0
112,1963,0
112,1964,0
112,1965,0
112,1966,0
112,1967,0
112,1968,0
112,1969,0
112,1970,0
112,1971,8
112,1972,0
112,1973,0
112,1974,63
112,1975,0
112,1976,0
112,1977,0
112,1978,0
112,1979,0
112,1980,0
112,1981,0
112,1982,0
112,1983,0
112,1984,0
112,1985,0
112,1986,0
112,1987,0
112,1988,0
112,1989,0
112,1990,0
112,1991,0
112,1992,0
112,1993,0
112,1994,0
112,1995,0
112,1996,0
112,1997,170
112,1998,1017
112,1999,23
112,2000,10
112,2001,0
112,2002,0
112,2003,5738
112,2004,1759
112,2005,4795
112,2006,2657
112,2007,9818
112,2008,0
112,2009,11904
112,2010,0
112,2011,3972
112,2012,742
112,2013,8142
112,2014,2163
112,2015,4380
112,2016,3392
112,2017,1130
112,2018,1585
112,2019,50
117,2017,1
117,2019,0
118,2013,53
118,2014,44
118,2015,75
118,2016,154
118,2017,110
118,2018,71
119,2004,8
119,2005,11
119,2006,0
119,2007,0
119,2008,0
119,2009,0
119,2010,0
119,2011,0
119,2012,73
119,2013,113
119,2014,22
119,2015,7
119,2017,0
119,2018,10
119,2019,6
12,2018,0
120,2017,0
121,1961,0
121,1962,0
121,1963,0
121,1964,0
121,1965,0
121,1966,0
121,1967,0
121,1968,0
121,1969,0
121,1970,0
121,1971,0
121,1972,0
121,1973,0
121,1974,0
121,1975,0
121,1976,0
121,1977,12
121,1978,0
121,1979,0
121,1980,0
121,1981,0
121,1982,0
121,1983,0
121,1984,0
121,1985,0
121,1986,0
121,1987,0
121,1988,0
121,1989,0
121,1990,0
121,1991,0
121,1992,0
121,1993,0
121,1994,3
121,1995,4
121,1996,4
121,1997,0
121,1998,0
121,1999,0
121,2000,0
121,2001,0
121,2002,0
121,2003,6
121,2004,30
121,2005,13
121,2006,0
121,2007,0
121,2008,0
121,2009,0
121,2010,0
121,2011,0
121,2012,28
121,2013,52
121,2014,4
121,2015,3
121,2016,29
121,2017,14
121,2018,42
121,2019,16
124,2015,12
124,2016,1766
126,2014,2
126,2018,0
126,2019,4
128,1961,0
128,1962,0
128,1963,0
128,1964,0
128,1965,0
128,1966,0
128,1967,0
128,1968,0
128,1969,0
128,1970,0
128,1971,0
128,1972,0
128,1973,0
128,1974,0
128,1975,0
128,1976,0
128,1977,0
128,1978,0
128,1979,0
128,1980,0
128,1981,0
128,1982,0
128,1983,1
128,1984,0
128,1985,0
128,1986,0
128,1987,0
128,1988,0
128,1989,0
128,1990,0
128,1991,0
128,1992,0
128,1993,0
128,1994,0
128,1995,0
128,1996,0
128,1997,0
128,1998,0
128,1999,0
128,2000,0
128,2001,0
128,2002,0
128,2003,0
128,2004,0
128,2005,0
128,2006,0
128,2007,0
128,2008,0
128,2009,0
128,2010,0
128,2011,0
128,2012,0
128,2013,0
129,2017,0
13,2011,2
13,2012,2
13,2013,0
13,2014,0
13,2015,2
13,2016,0
13,2017,1
13,2018,0
131,2015,3
131,2016,4
131,2019,0
133,2018,0
133,2019,0
134,2007,0
134,2008,0
134,2009,0
134,2010,0
134,2011,0
134,2012,0
134,2013,0
134,2018,0
137,2012,0
137,2013,0
138,2013,9
138,2014,3655
138,2015,3173
138,2016,10722
138,2017,5309
138,2018,3289
14,2004,1
14,2005,2
14,2006,0
14,2007,0
14,2008,0
14,2009,0
14,2010,0
14,2011,0
14,2012,0
14,2013,0
143,1961,29
143,1962,4
143,1963,0
143,1964,0
143,1965,0
143,1966,1
143,1967,4
143,1968,0
143,1969,0
143,1970,0
143,1971,3
143,1972,1
143,1973,26
143,1974,227
143,1975,0
143,1976,9
143,1977,7
143,1978,1
143,1979,0
143,1980,0
143,1981,0
143,1982,0
143,1983,0
143,1984,0
143,1985,0
143,1986,0
143,1987,0
143,1988,21
143,1989,0
143,1990,291
143,1991,298
143,1992,451
143,1993,23
143,1994,0
143,1995,102
143,1996,107
143,1997,40
143,1998,0
143,1999,1
143,2000,60
143,2001,0
143,2002,0
143,2003,0
143,2004,0
143,2005,61
143,2006,23
143,2007,0
143,2008,46
143,2009,0
143,2010,53
143,2011,228
143,2012,43
143,2013,28
143,2014,16
143,2015,0
143,2016,44
143,2017,246
143,2018,622
143,2019,298
144,2019,0
147,2012,13
147,2013,0
147,2015,13
147,2016,0
147,2017,0
147,2018,1
147,2019,0
15,1961,0
15,1962,0
15,1963,0
15,1964,0
15,1965,0
15,1966,0
15,1967,0
15,1968,0
15,1969,0
15,1970,0
15,1971,0
15,1972,0
15,1973,0
15,1974,0
15,1975,0
15,1976,0
15,1977,25
15,1978,37
15,1979,31
15,1980,35
15,1981,54
15,1982,130
15,1983,97
15,1984,105
15,1985,141
15,1986,168
15,1987,93
15,1988,25
15,1989,1
15,1990,168
15,1991,1
15,1992,13
15,1993,6
15,1994,87
15,1995,23
15,1996,1
15,1997,5
15,1998,1
15,1999,4
15,2000,0
15,2001,0
15,2002,0
15,2003,0
15,2004,0
15,2005,0
15,2006,0
15,2007,0
15,2008,0
15,2009,0
15,2010,0
15,2011,0
15,2012,0
15,2013,0
150,1961,0
150,1962,0
150,1963,0
150,1964,0
150,1965,0
150,1966,0
150,1967,0
150,1968,0
150,1969,0
150,1970,0
150,1971,0
150,1972,0
150,1973,0
150,1974,0
150,1975,0
150,1976,0
150,1977,14
150,1978,37
150,1979,48
150,1980,45
150,1981,65
150,1982,75
150,1983,97
150,1984,100
150,1985,75
150,1986,59
150,1987,88
150,1988,12
150,1989,10
150,1990,35
150,1991,34
150,1992,19
150,1993,9
150,1994,92
150,1995,75
150,1996,669
150,1997,1397
150,1998,0
150,1999,36
150,2000,2
150,2001,5
150,2002,0
150,2003,195
150,2004,47
150,2005,1
150,2006,2
150,2007,52
150,2008,52
150,2009,56
150,2010,35
150,2011,34
150,2012,60
150,2013,41
150,2014,45
150,2015,34
150,2016,421
150,2017,1017
150,2018,1277
150,2019,482
154,1999,21763
154,2000,15342
154,2001,15415
154,2002,0
154,2003,0
154,2004,0
154,2005,0
154,2006,0
154,2007,0
154,2008,0
154,2009,0
154,2010,0
154,2011,0
154,2012,0
154,2013,0
156,2012,0
156,2013,0
156,2014,0
156,2015,0
156,2016,0
156,2017,0
156,2018,0
156,2019,0
159,2016,0
159,2017,0
159,2018,0
16,2014,37
16,2016,4
16,2017,3
16,2018,4
16,2019,6
162,2015,1
162,2016,0
165,2012,33
165,2013,0
165,2019,1632
167,1996,0
167,1997,0
167,1998,1
167,1999,0
167,2000,0
167,2001,0
167,2002,0
167,2003,0
167,2004,0
167,2005,0
167,2006,0
167,2007,0
167,2008,0
167,2009,0
167,2010,1
167,2011,6
167,2012,1
167,2013,1
167,2014,1
167,2015,1
167,2016,6
167,2017,3
167,2018,0
167,2019,0
168,2019,1
170,1961,45
170,1962,22
170,1963,86
170,1964,41
170,1965,2
170,1966,18
170,1967,16
170,1968,0
170,1969,0
170,1970,0
170,1971,0
170,1972,35
170,1973,33
170,1974,1
170,1975,0
170,1976,0
170,1977,0
170,1978,0
170,1979,0
170,1980,846
170,1981,192
170,1982,198
170,1983,79
170,1984,0
170,1985,246
170,1986,62
170,1987,340
170,1988,75
170,1989,589
170,1990,816
170,1991,1151
170,1992,1064
170,1993,1118
170,1994,1233
170,1995,2703
170,1996,4573
170,1997,8835
170,1998,49
170,1999,6
170,2000,64
170,2001,76
170,2002,0
170,2003,33
170,2004,110
170,2005,488
170,2006,72
170,2007,121
170,2008,150
170,2009,132
170,2010,309
170,2011,0
170,2012,98
170,2013,116
170,2014,47
170,2015,34
170,2016,50
170,2017,30
170,2018,165
170,2019,56
171,2017,5078
171,2018,5842
171,2019,6597
173,2008,0
173,2009,25
173,2010,19
173,2011,26
173,2012,23
173,2013,1
173,2014,3
173,2015,4
173,2016,126
173,2017,7
173,2018,5
173,2019,57
174,1961,0
174,1962,0
174,1963,0
174,1964,0
174,1965,62
174,1966,7
174,1967,57
174,1968,42
174,1969,292
174,1970,274
174,1971,74
174,1972,3
174,1973,139
174,1974,12
174,1975,2
174,1976,111
174,1977,139
174,1978,34
174,1979,1
174,1980,5
174,1981,0
174,1982,45
174,1983,15
174,1984,7
174,1985,8
174,1986,70
174,1987,12
174,1988,57
174,1989,27
174,1990,70
174,1991,90
174,1992,53
174,1993,23
174,1994,121
174,1995,32
174,1996,182
174,1997,126
174,1998,165
174,1999,47
174,2000,193
174,2001,131
174,2002,142
174,2003,14
174,2004,50
174,2005,7
174,2006,591
174,2007,416
174,2008,755
174,2009,34
174,2010,331
174,2011,5170
174,2012,4667
174,2013,16324
174,2014,22670
174,2015,23559
174,2016,24629
174,2017,37334
174,2018,47037
174,2019,40642
179,2002,2
179,2003,2
179,2004,0
179,2005,0
179,2006,0
179,2007,0
179,2008,0
179,2009,0
179,2010,0
179,2011,0
179,2012,0
179,2013,0
183,1994,18
183,2000,0
183,2001,0
183,2002,0
183,2003,0
183,2004,0
183,2005,0
183,2006,0
183,2007,0
183,2008,0
183,2009,0
183,2010,0
183,2011,17
183,2012,2
183,2013,1
183,2014,15
183,2015,12
183,2016,1
183,2017,0
183,2018,1
183,2019,2
184,2019,2
185,2013,0
185,2014,0
185,2015,0
185,2016,0
185,2018,0
185,2019,3
186,1999,5
186,2000,45
186,2001,23
186,2002,0
186,2003,0
186,2004,0
186,2005,0
186,2006,0
186,2007,0
186,2008,0
186,2009,0
186,2010,0
186,2011,0
186,2012,0
186,2013,0
188,2014,0
189,2000,1
189,2001,1
189,2002,2
189,2003,3
189,2004,0
189,2005,0
189,2006,0
189,2007,1
189,2008,1
189,2009,1
189,2010,1
189,2011,1
189,2012,1
189,2013,1
194,1961,0
194,1962,0
194,1963,0
194,1964,0
194,1965,0
194,1966,0
194,1967,0
194,1968,0
194,1969,0
194,1970,0
194,1971,0
194,1972,0
194,1973,0
194,1974,0
194,1975,40
194,1976,0
194,1977,0
194,1978,0
194,1979,0
194,1980,76
194,1981,0
194,1982,0
194,1983,0
194,1984,41
194,1985,42
194,1986,6
194,1987,28
194,1988,28
194,1989,76
194,1990,14
194,1991,122
194,1992,0
194,1993,0
194,1994,0
194,1995,0
194,1996,0
194,1997,0
194,1998,103
194,1999,0
194,2000,0
194,2001,28
194,2002,0
194,2003,0
194,2004,5
194,2005,0
194,2006,115
194,2007,97
194,2008,97
194,2009,97
194,2010,122
194,2011,139
194,2012,0
194,2013,0
194,2018,8
198,1998,71
198,1999,0
198,2000,0
198,2001,0
198,2002,0
198,2003,0
198,2004,0
198,2005,0
198,2006,1
198,2007,0
198,2008,0
198,2009,0
198,2010,0
198,2011,0
198,2012,0
198,2013,0
198,2014,0
198,2015,0
198,2016,0
198,2018,0
199,2010,1
199,2011,0
199,2012,0
199,2013,31
199,2014,0
199,2015,1
199,2016,0
199,2017,0
199,2018,0
199,2019,0
2,1961,0
2,1962,0
2,1963,0
2,1964,0
2,1965,0
2,1966,0
2,1967,0
2,1968,0
2,1969,0
2,1970,0
2,1971,0
2,1972,0
2,1973,32
2,1974,0
2,1975,0
2,1976,157
2,1977,0
2,1978,0
2,1979,0
2,1980,0
2,1981,0
2,1982,0
2,1983,0
2,1984,0
2,1985,0
2,1986,0
2,1987,0
2,1988,0
2,1989,0
2,1990,0
2,1991,0
2,1992,0
2,1993,0
2,1994,0
2,1995,0
2,1996,0
2,1997,0
2,1998,0
2,1999,0
2,2000,0
2,2001,0
2,2002,0
2,2003,0
2,2004,0
2,2005,0
2,2006,0
2,2007,0
2,2008,0
2,2009,0
2,2010,0
2,2011,0
2,2012,0
2,2013,0
20,2014,0
20,2015,0
20,2017,0
20,2018,0
20,2019,0
200,2012,20
200,2013,13
200,2014,5
200,2015,1
200,2016,1
200,2017,9
200,2018,3
200,2019,1
202,2012,8
202,2013,35
202,2014,47
202,2015,35
202,2016,46
202,2017,41
202,2018,40
202,2019,38
203,1961,40
203,1962,17
203,1963,34
203,1964,134
203,1965,66
203,1966,0
203,1967,5
203,1968,0
203,1969,1
203,1970,1
203,1971,2
203,1972,6
203,1973,1
203,1974,0
203,1975,0
203,1976,0
203,1977,1
203,1978,0
203,1979,0
203,1980,10
203,1981,21
203,1982,0
203,1983,1
203,1984,3
203,1985,0
203,1986,85
203,1987,799
203,1988,1311
203,1989,889
203,1990,1824
203,1991,1996
203,1992,6296
203,1993,6579
203,1994,2795
203,1995,3539
203,1996,4529
203,1997,6131
203,1998,7069
203,1999,5018
203,2000,5054
203,2001,6992
203,2002,7930
203,2003,5978
203,2004,5984
203,2005,5632
203,2006,5961
203,2007,6105
203,2008,3285
203,2009,4291
203,2010,5166
203,2011,3378
203,2012,4967
203,2013,3027
203,2014,4813
203,2015,5584
203,2016,12821
203,2017,16949
203,2018,16900
203,2019,17227
209,2014,0
209,2015,2
21,2018,0
21,2019,1
210,1996,1
210,1997,0
210,1998,6
210,1999,4
210,2000,4
210,2001,1
210,2002,6
210,2003,0
210,2004,1
210,2005,7
210,2006,7
210,2007,6
210,2008,8
210,2009,3
210,2010,0
210,2011,0
210,2012,1
210,2013,0
210,2014,1
210,2015,0
210,2016,0
210,2017,18
210,2018,12
210,2019,24
211,1961,0
211,1962,0
211,1963,0
211,1964,0
211,1965,0
211,1966,0
211,1967,0
211,1968,0
211,1969,0
211,1970,0
211,1971,0
211,1972,0
211,1973,0
211,1974,0
211,1975,0
211,1976,0
211,1977,0
211,1978,0
211,1979,0
211,1980,0
211,1981,0
211,1982,0
211,1983,0
211,1984,0
211,1985,0
211,1986,0
211,1987,4
211,1988,0
211,1989,0
211,1990,0
211,1991,0
211,1992,0
211,1993,0
211,1994,0
211,1995,0
211,1996,0
211,1997,0
211,1998,0
211,1999,0
211,2000,0
211,2001,0
211,2002,0
211,2003,0
211,2004,0
211,2005,0
211,2006,0
211,2007,0
211,2008,0
211,2009,0
211,2010,0
211,2011,0
211,2012,0
211,2013,2
211,2014,0
211,2015,1
211,2016,0
211,2017,1
211,2018,0
211,2019,0
212,1961,0
212,1962,0
212,1963,0
212,1964,0
212,1965,0
212,1966,0
212,1967,0
212,1968,0
212,1969,0
212,1970,0
212,1971,0
212,1972,0
212,1973,45
212,1974,0
212,1975,0
212,1976,28
212,1977,17
212,1978,15
212,1979,0
212,1980,0
212,1981,0
212,1982,0
212,1983,0
212,1984,0
212,1985,11
212,1986,1
212,1987,0
212,1988,84
212,1989,332
212,1990,0
212,1991,0
212,1992,59
212,1993,0
212,1994,87
212,1995,159
212,1996,3
212,1997,0
212,1998,1393
212,1999,1154
212,2000,874
212,2001,8
212,2002,0
212,2003,9
212,2004,0
212,2005,61
212,2006,0
212,2007,0
212,2008,0
212,2009,0
212,2010,0
212,2011,0
212,2012,0
212,2013,0
212,2014,2057
212,2015,929
212,2016,166
212,2017,487
212,2018,263
212,2019,71
214,1961,0
214,1962,0
214,1963,0
214,1964,0
214,1965,0
214,1966,0
214,1967,0
214,1968,0
214,1969,0
214,1970,253
214,1971,30
214,1972,1
214,1973,3
214,1974,0
214,1975,45
214,1976,24
214,1977,0
214,1978,225
214,1979,89
214,1980,2
214,1981,0
214,1982,0
214,1983,0
214,1984,0
214,1985,0
214,1986,0
214,1987,0
214,1988,0
214,1989,0
214,1990,0
214,1991,0
214,1992,0
214,1993,0
214,1994,0
214,1995,0
214,1996,0
214,1997,0
214,1998,0
214,1999,0
214,2000,0
214,2001,0
214,2002,0
214,2003,0
214,2004,0
214,2005,0
214,2006,0
214,2007,0
214,2008,0
214,2009,0
214,2010,0
214,2011,0
214,2012,0
214,2013,0
214,2014,0
214,2015,1
214,2018,0
214,2019,0
215,2014,0
216,2012,660
216,2013,9
216,2014,23
216,2015,38
216,2016,44
216,2017,20
216,2018,13
216,2019,10
221,2008,1216
221,2009,1659
221,2010,5136
221,2011,8139
221,2012,0
221,2013,0
222,1961,0
222,1962,0
222,1963,0
222,1964,0
222,1965,0
222,1966,0
222,1967,0
222,1968,0
222,1969,0
222,1970,0
222,1971,0
222,1972,0
222,1973,0
222,1974,0
222,1975,0
222,1976,0
222,1977,0
222,1978,0
222,1979,0
222,1980,0
222,1981,2
222,1982,0
222,1983,0
222,1984,0
222,1985,0
222,1986,18
222,1987,8
222,1988,1
222,1989,0
222,1990,733
222,1991,1335
222,1992,96
222,1993,89
222,1994,35
222,1995,0
222,1996,42
222,1997,0
222,1998,240
222,1999,34
222,2000,0
222,2001,0
222,2002,0
222,2003,0
222,2004,0
222,2005,0
222,2006,0
222,2007,0
222,2008,0
222,2009,0
222,2010,0
222,2011,0
222,2012,45
222,2013,152
222,2014,251
222,2015,159
222,2016,37
222,2017,17
222,2018,2
222,2019,8
223,1961,0
223,1962,12
223,1963,24
223,1964,308
223,1965,180
223,1966,672
223,1967,2713
223,1968,576
223,1969,1305
223,1970,706
223,1971,356
223,1972,216
223,1973,4
223,1974,19
223,1975,21
223,1976,1969
223,1977,2470
223,1978,2885
223,1979,5430
223,1980,6834
223,1981,1384
223,1982,41
223,1983,149
223,1984,394
223,1985,113
223,1986,118
223,1987,40
223,1988,96
223,1989,17
223,1990,41
223,1991,226
223,1992,372
223,1993,56
223,1994,630
223,1995,45
223,1996,584
223,1997,288
223,1998,81
223,1999,12
223,2000,0
223,2001,91
223,2002,10
223,2003,42
223,2004,38
223,2005,183
223,2006,36
223,2007,25
223,2008,58
223,2009,19
223,2010,0
223,2011,8
223,2012,15
223,2013,61
223,2014,129
223,2015,108
223,2016,48
223,2017,49
223,2018,109
223,2019,472
225,2014,3
225,2015,5
225,2016,3
225,2017,4
225,2018,46
225,2019,34
226,2014,0
229,1961,0
229,1962,0
229,1963,0
229,1964,0
229,1965,0
229,1966,0
229,1967,0
229,1968,0
229,1969,0
229,1970,0
229,1971,0
229,1972,0
229,1973,0
229,1974,0
229,1975,0
229,1976,8
229,1977,28
229,1978,3
229,1979,7
229,1980,1
229,1981,1
229,1982,7
229,1983,17
229,1984,0
229,1985,18
229,1986,18
229,1987,46
229,1988,10
229,1989,0
229,1990,3
229,1991,7
229,1992,0
229,1993,0
229,1994,0
229,1995,4
229,1996,1
229,1997,3
229,1998,8
229,1999,12
229,2000,11
229,2001,15
229,2002,12
229,2003,49
229,2004,56
229,2005,33
229,2006,20
229,2007,16
229,2008,28
229,2009,14
229,2010,56
229,2011,26
229,2012,27
229,2013,33
229,2014,80
229,2015,112
229,2016,217
229,2017,57
229,2018,244
229,2019,23
230,2017,0
230,2018,0
231,2012,349
231,2013,272
231,2014,260
231,2015,200
231,2016,199
231,2017,298
231,2018,233
231,2019,359
235,2000,9
235,2001,0
235,2002,0
235,2003,0
235,2004,0
235,2005,0
235,2006,0
235,2007,0
235,2008,0
235,2009,0
235,2010,0
235,2011,0
235,2012,0
235,2013,0
236,1961,0
236,1962,0
236,1963,0
236,1964,0
236,1965,0
236,1966,0
236,1967,0
236,1968,0
236,1969,0
236,1970,0
236,1971,0
236,1972,0
236,1973,0
236,1974,0
236,1975,0
236,1976,0
236,1977,0
236,1978,0
236,1979,0
236,1980,0
236,1981,0
236,1982,0
236,1983,0
236,1984,0
236,1985,0
236,1986,0
236,1987,0
236,1988,0
236,1989,0
236,1990,8
236,1991,0
236,1992,0
236,1993,0
236,1994,0
236,1995,0
236,1996,0
236,1997,0
236,1998,0
236,1999,0
236,2000,0
236,2001,0
236,2002,0
236,2003,0
236,2004,0
236,2005,0
236,2006,0
236,2007,0
236,2008,0
236,2009,0
236,2010,0
236,2011,0
236,2012,0
236,2013,0
236,2015,0
237,2017,2
249,2012,0
249,2013,0
249,2014,2
249,2015,0
255,2000,20
255,2001,17
255,2002,26
255,2003,60
255,2004,96
255,2005,34
255,2006,387
255,2007,95
255,2008,304
255,2009,127
255,2010,282
255,2011,425
255,2012,208
255,2013,68
255,2014,61
255,2015,71
255,2016,57
255,2017,32
255,2018,49
255,2019,69
256,2000,0
256,2001,0
256,2002,0
256,2003,0
256,2004,2
256,2005,0
256,2006,0
256,2007,1
256,2008,12
256,2009,2
256,2010,0
256,2011,0
256,2012,0
256,2013,9
256,2014,1
256,2015,1
256,2016,0
256,2017,1
256,2018,1
256,2019,1
26,2018,0
27,2006,2
27,2007,19
27,2008,600
27,2009,1023
27,2010,36
27,2011,7
27,2012,183
27,2013,753
27,2014,648
27,2015,468
27,2016,327
27,2017,362
27,2018,185
27,2019,47
272,2013,0
272,2017,0
272,2018,1
273,2013,0
273,2014,0
273,2015,0
273,2016,0
273,2018,0
276,2017,1
299,2019,11
3,1961,0
3,1962,177
3,1963,0
3,1964,484
3,1965,66
3,1966,102
3,1967,0
3,1968,30
3,1969,0
3,1970,0
3,1971,0
3,1972,0
3,1973,0
3,1974,0
3,1975,0
3,1976,0
3,1977,0
3,1978,0
3,1979,0
3,1980,0
3,1981,0
3,1982,0
3,1983,0
3,1984,0
3,1985,0
3,1986,0
3,1987,0
3,1988,0
3,1989,0
3,1990,0
3,1991,0
3,1992,0
3,1993,63
3,1994,0
3,1995,0
3,1996,0
3,1997,0
3,1998,0
3,1999,0
3,2000,0
3,2001,0
3,2002,0
3,2003,0
3,2004,0
3,2005,0
3,2006,0
3,2007,0
3,2008,1
3,2009,1
3,2010,0
3,2011,0
3,2012,4
3,2013,31
3,2016,29
33,2012,0
33,2013,0
33,2014,3
33,2015,1
33,2016,7
33,2017,0
33,2018,44
351,1961,0
351,1962,0
351,1963,0
351,1964,0
351,1965,0
351,1966,0
351,1967,0
351,1968,0
351,1969,0
351,1970,253
351,1971,30
351,1972,1
351,1973,3
351,1974,0
351,1975,45
351,1976,24
351,1977,0
351,1978,225
351,1979,89
351,1980,2
351,1981,0
351,1982,0
351,1983,1
351,1984,0
351,1985,0
351,1986,0
351,1987,0
351,1988,0
351,1989,0
351,1990,0
351,1991,0
351,1992,0
351,1993,0
351,1994,0
351,1995,0
351,1996,0
351,1997,0
351,1998,0
351,1999,0
351,2000,0
351,2001,0
351,2002,0
351,2003,0
351,2004,0
351,2005,0
351,2006,0
351,2007,0
351,2008,0
351,2009,0
351,2010,0
351,2011,0
351,2012,0
351,2013,0
351,2014,44
351,2015,1
351,2018,0
351,2019,0
38,2016,1
38,2017,7
38,2018,2
38,2019,1
4,2016,2
4,2017,11
4,2018,25
4,2019,28
40,2014,1
41,2014,1
45,2017,0
48,2002,0
48,2003,0
48,2004,0
48,2005,0
48,2006,0
48,2007,0
48,2008,0
48,2009,0
48,2010,0
48,2011,0
48,2012,317
48,2013,0
50,1961,0
50,1962,0
50,1963,0
50,1964,0
50,1965,0
50,1966,0
50,1967,0
50,1968,0
50,1969,0
50,1970,0
50,1971,0
50,1972,0
50,1973,0
50,1974,0
50,1975,0
50,1976,0
50,1977,0
50,1978,0
50,1979,0
50,1980,0
50,1981,0
50,1982,0
50,1983,0
50,1984,21
50,1985,3
50,1986,13
50,1987,14
50,1988,13
50,1989,10
50,1990,22
50,1991,18
50,1992,19
50,1993,24
50,1994,8
50,1995,7
50,1996,8
50,1997,11
50,1998,11
50,1999,11
50,2000,8
50,2001,9
50,2002,9
50,2003,9
50,2004,26
50,2005,47
50,2006,45
50,2007,12
50,2008,10
50,2009,8
50,2010,11
50,2011,4
50,2012,21
50,2013,8
50,2014,2
50,2015,2
50,2016,2
50,2017,3
50,2018,1
50,2019,3
5000,1961,602
5000,1962,598
5000,1963,203
5000,1964,2107
5000,1965,2032
5000,1966,2404
5000,1967,2958
5000,1968,681
5000,1969,1905
5000,1970,1478
5000,1971,576
5000,1972,726
5000,1973,491
5000,1974,590
5000,1975,256
5000,1976,2450
5000,1977,2924
5000,1978,3571
5000,1979,5980
5000,1980,8172
5000,1981,2105
5000,1982,739
5000,1983,872
5000,1984,938
5000,1985,1178
5000,1986,1214
5000,1987,1675
5000,1988,2152
5000,1989,3718
5000,1990,4298
5000,1991,6697
5000,1992,8972
5000,1993,14266
5000,1994,11728
5000,1995,12943
5000,1996,19551
5000,1997,24370
5000,1998,21103
5000,1999,37645
5000,2000,31863
5000,2001,32725
5000,2002,18816
5000,2003,20573
5000,2004,16668
5000,2005,19422
5000,2006,24046
5000,2007,25893
5000,2008,12678
5000,2009,56814
5000,2010,17426
5000,2011,60191
5000,2012,55414
5000,2013,68310
5000,2014,42488
5000,2015,46080
5000,2016,62555
5000,2017,98312
5000,2018,121874
5000,2019,75954
5100,1961,29
5100,1962,4
5100,1963,0
5100,1964,0
5100,1965,0
5100,1966,1
5100,1967,4
5100,1968,0
5100,1969,0
5100,1970,0
5100,1971,3
5100,1972,1
5100,1973,26
5100,1974,227
5100,1975,0
5100,1976,9
5100,1977,7
5100,1978,1
5100,1979,0
5100,1980,0
5100,1981,2
5100,1982,0
5100,1983,0
5100,1984,2
5100,1985,6
5100,1986,303
5100,1987,10
5100,1988,52
5100,1989,986
5100,1990,1046
5100,1991,2643
5100,1992,752
5100,1993,189
5100,1994,73
5100,1995,135
5100,1996,182
5100,1997,109
5100,1998,250
5100,1999,35
5100,2000,60
5100,2001,34
5100,2002,46
5100,2003,225
5100,2004,519
5100,2005,520
5100,2006,217
5100,2007,504
5100,2008,212
5100,2009,31177
5100,2010,169
5100,2011,32249
5100,2012,34889
5100,2013,31478
5100,2014,314
5100,2015,221
5100,2016,1895
5100,2017,20199
5100,2018,37741
5100,2019,374
5101,2012,0
5101,2013,0
5101,2014,0
5101,2017,0
5101,2019,2
5102,2017,0
5103,1961,29
5103,1962,4
5103,1963,0
5103,1964,0
5103,1965,0
5103,1966,1
5103,1967,4
5103,1968,0
5103,1969,0
5103,1970,0
5103,1971,3
5103,1972,1
5103,1973,26
5103,1974,227
5103,1975,0
5103,1976,9
5103,1977,7
5103,1978,1
5103,1979,0
5103,1980,0
5103,1981,2
5103,1982,0
5103,1983,0
5103,1984,2
5103,1985,6
5103,1986,303
5103,1987,10
5103,1988,52
5103,1989,986
5103,1990,1046
5103,1991,2643
5103,1992,752
5103,1993,189
5103,1994,73
5103,1995,135
5103,1996,182
5103,1997,109
5103,1998,250
5103,1999,35
5103,2000,60
5103,2001,34
5103,2002,46
5103,2003,225
5103,2004,519
5103,2005,520
5103,2006,217
5103,2007,504
5103,2008,212
5103,2009,31177
5103,2010,169
5103,2011,32249
5103,2012,34868
5103,2013,31443
5103,2014,267
5103,2015,171
5103,2016,1849
5103,2017,20158
5103,2018,37700
5103,2019,334
5104,2012,21
5104,2013,35
5104,2014,47
5104,2015,50
5104,2016,46
5104,2017,41
5104,2018,41
5104,2019,38
5105,2015,0
5105,2016,0
5105,2017,0
5105,2018,0
5105,2019,0
52,1994,64
52,1995,105
52,1996,164
52,1997,160
52,1998,100
52,1999,0
52,2000,0
52,2001,0
52,2002,0
52,2003,0
52,2004,0
52,2005,0
52,2006,0
52,2007,0
52,2008,0
52,2009,0
52,2010,0
52,2011,0
52,2012,0
52,2013,0
52,2016,1
5200,1961,45
5200,1962,22
5200,1963,86
5200,1964,41
5200,1965,2
5200,1966,18
5200,1967,16
5200,1968,0
5200,1969,0
5200,1970,0
5200,1971,0
5200,1972,35
5200,1973,33
5200,1974,1
5200,1975,0
5200,1976,0
5200,1977,0
5200,1978,0
5200,1979,0
5200,1980,846
5200,1981,192
5200,1982,198
5200,1983,79
5200,1984,0
5200,1985,246
5200,1986,62
5200,1987,340
5200,1988,75
5200,1989,589
5200,1990,824
5200,1991,1151
5200,1992,1064
5200,1993,1118
5200,1994,1233
5200,1995,2703
5200,1996,4573
5200,1997,8835
5200,1998,49
5200,1999,6
5200,2000,65
5200,2001,1199
5200,2002,2
5200,2003,76
5200,2004,925
5200,2005,878
5200,2006,87
5200,2007,122
5200,2008,172
5200,2009,154
5200,2010,328
5200,2011,9
5200,2012,1062
5200,2013,645
5200,2014,4026
5200,2015,3433
5200,2016,11033
5200,2017,5689
5200,2018,3774
5200,2019,433
5203,2012,349
5203,2013,272
5203,2014,263
5203,2015,201
5203,2016,206
5203,2017,298
5203,2018,277
5203,2019,359
5204,2002,0
5204,2003,0
5204,2004,0
5204,2005,0
5204,2006,0
5204,2007,0
5204,2008,0
5204,2009,0
5204,2010,0
5204,2011,0
5204,2012,349
5204,2013,29
5204,2014,3669
5204,2015,3176
5204,2016,10736
5204,2017,5322
5204,2018,3292
5204,2019,8
5206,2000,1
5206,2001,1123
5206,2002,2
5206,2003,3
5206,2004,738
5206,2005,368
5206,2006,0
5206,2007,1
5206,2008,1
5206,2009,1
5206,2010,1
5206,2011,1
5206,2012,1
5206,2013,1
5206,2014,8
5206,2018,0
5207,1961,45
5207,1962,22
5207,1963,86
5207,1964,41
5207,1965,2
5207,1966,18
5207,1967,16
5207,1968,0
5207,1969,0
5207,1970,0
5207,1971,0
5207,1972,35
5207,1973,33
5207,1974,1
5207,1975,0
5207,1976,0
5207,1977,0
5207,1978,0
5207,1979,0
5207,1980,846
5207,1981,192
5207,1982,198
5207,1983,79
5207,1984,0
5207,1985,246
5207,1986,62
5207,1987,340
5207,1988,75
5207,1989,589
5207,1990,824
5207,1991,1151
5207,1992,1064
5207,1993,1118
5207,1994,1233
5207,1995,2703
5207,1996,4573
5207,1997,8835
5207,1998,49
5207,1999,6
5207,2000,64
5207,2001,76
5207,2002,0
5207,2003,73
5207,2004,187
5207,2005,510
5207,2006,87
5207,2007,121
5207,2008,171
5207,2009,153
5207,2010,327
5207,2011,8
5207,2012,363
5207,2013,343
5207,2014,86
5207,2015,56
5207,2016,91
5207,2017,69
5207,2018,205
5207,2019,66
5300,1961,0
5300,1962,12
5300,1963,24
5300,1964,308
5300,1965,180
5300,1966,672
5300,1967,2713
5300,1968,576
5300,1969,1305
5300,1970,959
5300,1971,394
5300,1972,217
5300,1973,99
5300,1974,123
5300,1975,114
5300,1976,2178
5300,1977,2518
5300,1978,3192
5300,1979,5578
5300,1980,6912
5300,1981,1384
5300,1982,41
5300,1983,150
5300,1984,456
5300,1985,279
5300,1986,138
5300,1987,82
5300,1988,221
5300,1989,435
5300,1990,77
5300,1991,366
5300,1992,450
5300,1993,80
5300,1994,792
5300,1995,320
5300,1996,763
5300,1997,629
5300,1998,2705
5300,1999,1200
5300,2000,902
5300,2001,146
5300,2002,21
5300,2003,5806
5300,2004,1859
5300,2005,5099
5300,2006,2853
5300,2007,9952
5300,2008,1381
5300,2009,13687
5300,2010,5269
5300,2011,12393
5300,2012,1567
5300,2013,8345
5300,2014,4515
5300,2015,5552
5300,2016,3858
5300,2017,6924
5300,2018,8010
5300,2019,8906
5301,2000,9
5301,2001,10
5301,2002,0
5301,2003,0
5301,2004,0
5301,2005,0
5301,2006,0
5301,2007,0
5301,2008,0
5301,2009,0
5301,2010,0
5301,2011,4
5301,2012,1
5301,2013,0
5302,1961,0
5302,1962,0
5302,1963,0
5302,1964,0
5302,1965,0
5302,1966,0
5302,1967,0
5302,1968,0
5302,1969,0
5302,1970,253
5302,1971,30
5302,1972,1
5302,1973,3
5302,1974,0
5302,1975,45
5302,1976,24
5302,1977,0
5302,1978,225
5302,1979,89
5302,1980,2
5302,1981,0
5302,1982,0
5302,1983,1
5302,1984,0
5302,1985,0
5302,1986,0
5302,1987,0
5302,1988,0
5302,1989,0
5302,1990,0
5302,1991,0
5302,1992,0
5302,1993,0
5302,1994,0
5302,1995,0
5302,1996,0
5302,1997,0
5302,1998,0
5302,1999,0
5302,2000,0
5302,2001,0
5302,2002,0
5302,2003,0
5302,2004,0
5302,2005,0
5302,2006,0
5302,2007,0
5302,2008,0
5302,2009,0
5302,2010,0
5302,2011,0
5302,2012,0
5302,2013,0
5302,2014,44
5302,2015,1
5302,2017,1
5302,2018,0
5302,2019,0
5303,1961,0
5303,1962,0
5303,1963,0
5303,1964,0
5303,1965,0
5303,1966,0
5303,1967,0
5303,1968,0
5303,1969,0
5303,1970,0
5303,1971,0
5303,1972,0
5303,1973,32
5303,1974,0
5303,1975,0
5303,1976,157
5303,1977,0
5303,1978,0
5303,1979,0
5303,1980,0
5303,1981,0
5303,1982,0
5303,1983,0
5303,1984,0
5303,1985,110
5303,1986,0
5303,1987,0
5303,1988,0
5303,1989,0
5303,1990,0
5303,1991,0
5303,1992,0
5303,1993,0
5303,1994,0
5303,1995,0
5303,1996,0
5303,1997,0
5303,1998,0
5303,1999,0
5303,2000,0
5303,2001,0
5303,2002,0
5303,2003,0
5303,2004,0
5303,2005,0
5303,2006,0
5303,2007,0
5303,2008,0
5303,2009,0
5303,2010,0
5303,2011,125
5303,2012,78
5303,2013,7
5303,2014,39
5303,2015,5
5303,2016,14
5303,2017,16
5303,2018,27
5303,2019,1641
5304,2012,680
5304,2013,22
5304,2014,28
5304,2015,42
5304,2016,49
5304,2017,5109
5304,2018,5858
5304,2019,6608
5305,1961,0
5305,1962,12
5305,1963,24
5305,1964,308
5305,1965,180
5305,1966,672
5305,1967,2713
5305,1968,576
5305,1969,1305
5305,1970,706
5305,1971,364
5305,1972,216
5305,1973,64
5305,1974,123
5305,1975,69
5305,1976,1997
5305,1977,2518
5305,1978,2967
5305,1979,5489
5305,1980,6910
5305,1981,1384
5305,1982,41
5305,1983,149
5305,1984,456
5305,1985,169
5305,1986,138
5305,1987,82
5305,1988,221
5305,1989,435
5305,1990,77
5305,1991,366
5305,1992,450
5305,1993,80
5305,1994,792
5305,1995,320
5305,1996,763
5305,1997,629
5305,1998,2705
5305,1999,1200
5305,2000,893
5305,2001,136
5305,2002,21
5305,2003,5806
5305,2004,1859
5305,2005,5099
5305,2006,2853
5305,2007,9952
5305,2008,1381
5305,2009,13687
5305,2010,5269
5305,2011,12264
5305,2012,808
5305,2013,8316
5305,2014,4404
5305,2015,5504
5305,2016,3795
5305,2017,1798
5305,2018,2125
5305,2019,657
54,1961,0
54,1962,0
54,1963,0
54,1964,0
54,1965,0
54,1966,0
54,1967,0
54,1968,0
54,1969,0
54,1970,0
54,1971,0
54,1972,0
54,1973,0
54,1974,0
54,1975,0
54,1976,6
54,1977,8
54,1978,0
54,1979,0
54,1980,0
54,1981,0
54,1982,0
54,1983,0
54,1984,0
54,1985,0
54,1986,0
54,1987,0
54,1988,0
54,1989,0
54,1990,0
54,1991,0
54,1992,0
54,1993,0
54,1994,7
54,1995,0
54,1996,0
54,1997,0
54,1998,1
54,1999,0
54,2000,0
54,2001,1
54,2002,16
54,2003,9
54,2004,0
54,2005,4
54,2006,2
54,2007,17
54,2008,3
54,2009,5
54,2010,4
54,2011,0
54,2012,8
54,2013,46
54,2014,214
54,2015,89
54,2016,83
54,2017,91
54,2018,58
54,2019,70
5400,1961,528
5400,1962,560
5400,1963,93
5400,1964,1758
5400,1965,1850
5400,1966,1713
5400,1967,225
5400,1968,105
5400,1969,600
5400,1970,519
5400,1971,179
5400,1972,473
5400,1973,333
5400,1974,239
5400,1975,142
5400,1976,263
5400,1977,399
5400,1978,378
5400,1979,402
5400,1980,414
5400,1981,527
5400,1982,500
5400,1983,643
5400,1984,480
5400,1985,647
5400,1986,711
5400,1987,1243
5400,1988,1804
5400,1989,1708
5400,1990,2351
5400,1991,2537
5400,1992,6706
5400,1993,12879
5400,1994,9630
5400,1995,9785
5400,1996,14033
5400,1997,14797
5400,1998,18099
5400,1999,36404
5400,2000,30836
5400,2001,31346
5400,2002,18747
5400,2003,14466
5400,2004,13365
5400,2005,12925
5400,2006,20889
5400,2007,15315
5400,2008,10913
5400,2009,11796
5400,2010,11660
5400,2011,15540
5400,2012,17807
5400,2013,27836
5400,2014,33633
5400,2015,36874
5400,2016,45753
5400,2017,65500
5400,2018,72349
5400,2019,66239
5401,1961,0
5401,1962,0
5401,1963,0
5401,1964,0
5401,1965,0
5401,1966,0
5401,1967,0
5401,1968,0
5401,1969,0
5401,1970,0
5401,1971,0
5401,1972,0
5401,1973,0
5401,1974,0
5401,1975,0
5401,1976,0
5401,1977,0
5401,1978,0
5401,1979,0
5401,1980,0
5401,1981,0
5401,1982,0
5401,1983,0
5401,1984,0
5401,1985,0
5401,1986,0
5401,1987,0
5401,1988,0
5401,1989,0
5401,1990,0
5401,1991,11
5401,1992,0
5401,1993,13
5401,1994,23
5401,1995,4
5401,1996,0
5401,1997,0
5401,1998,1
5401,1999,0
5401,2000,0
5401,2001,0
5401,2002,0
5401,2003,0
5401,2004,0
5401,2005,0
5401,2006,2
5401,2007,19
5401,2008,600
5401,2009,1048
5401,2010,57
5401,2011,56
5401,2012,209
5401,2013,787
5401,2014,667
5401,2015,486
5401,2016,460
5401,2017,373
5401,2018,191
5401,2019,110
5402,1961,0
5402,1962,0
5402,1963,0
5402,1964,0
5402,1965,0
5402,1966,0
5402,1967,0
5402,1968,0
5402,1969,0
5402,1970,0
5402,1971,0
5402,1972,0
5402,1973,0
5402,1974,0
5402,1975,0
5402,1976,14
5402,1977,36
5402,1978,3
5402,1979,7
5402,1980,1
5402,1981,1
5402,1982,7
5402,1983,25
5402,1984,0
5402,1985,20
5402,1986,18
5402,1987,46
5402,1988,10
5402,1989,0
5402,1990,4
5402,1991,7
5402,1992,0
5402,1993,0
5402,1994,7
5402,1995,4
5402,1996,4
5402,1997,3
5402,1998,15
5402,1999,16
5402,2000,15
5402,2001,17
5402,2002,38
5402,2003,58
5402,2004,71
5402,2005,55
5402,2006,31
5402,2007,40
5402,2008,39
5402,2009,23
5402,2010,65
5402,2011,30
5402,2012,109
5402,2013,194
5402,2014,319
5402,2015,209
5402,2016,300
5402,2017,166
5402,2018,324
5402,2019,128
5403,1961,519
5403,1962,560
5403,1963,53
5403,1964,1757
5403,1965,1827
5403,1966,1710
5403,1967,210
5403,1968,101
5403,1969,594
5403,1970,511
5403,1971,177
5403,1972,349
5403,1973,315
5403,1974,228
5403,1975,135
5403,1976,240
5403,1977,310
5403,1978,287
5403,1979,309
5403,1980,315
5403,1981,371
5403,1982,282
5403,1983,354
5403,1984,265
5403,1985,374
5403,1986,436
5403,1987,971
5403,1988,1740
5403,1989,1023
5403,1990,2132
5403,1991,2406
5403,1992,6651
5403,1993,12697
5403,1994,9292
5403,1995,9532
5403,1996,13186
5403,1997,13115
5403,1998,17858
5403,1999,35864
5403,2000,30321
5403,2001,31060
5403,2002,18572
5403,2003,13904
5403,2004,12913
5403,2005,12630
5403,2006,20158
5403,2007,14891
5403,2008,9625
5403,2009,10360
5403,2010,11071
5403,2011,14908
5403,2012,17020
5403,2013,26524
5403,2014,32405
5403,2015,35942
5403,2016,44388
5403,2017,63718
5403,2018,70235
5403,2019,65190
5404,1961,9
5404,1962,0
5404,1963,40
5404,1964,1
5404,1965,23
5404,1966,3
5404,1967,15
5404,1968,4
5404,1969,6
5404,1970,8
5404,1971,2
5404,1972,124
5404,1973,18
5404,1974,11
5404,1975,7
5404,1976,9
5404,1977,53
5404,1978,88
5404,1979,86
5404,1980,98
5404,1981,155
5404,1982,211
5404,1983,264
5404,1984,215
5404,1985,253
5404,1986,257
5404,1987,226
5404,1988,54
5404,1989,685
5404,1990,215
5404,1991,113
5404,1992,55
5404,1993,169
5404,1994,308
5404,1995,245
5404,1996,843
5404,1997,1679
5404,1998,225
5404,1999,524
5404,2000,500
5404,2001,269
5404,2002,137
5404,2003,504
5404,2004,381
5404,2005,240
5404,2006,698
5404,2007,365
5404,2008,649
5404,2009,365
5404,2010,467
5404,2011,546
5404,2012,469
5404,2013,331
5404,2014,242
5404,2015,237
5404,2016,605
5404,2017,1243
5404,2018,1599
5404,2019,811
55,2014,8
5500,2012,89
5500,2013,6
5500,2014,0
5500,2015,0
5500,2016,16
5500,2017,0
5500,2018,0
5500,2019,2
5501,2012,89
5501,2013,6
5501,2014,0
5501,2015,0
5501,2016,16
5501,2017,0
5501,2018,0
5501,2019,1
5502,2016,0
5502,2019,1
57,2013,0
57,2017,1
5706,1961,528
5706,1962,383
5706,1963,93
5706,1964,1274
5706,1965,1784
5706,1966,1611
5706,1967,225
5706,1968,75
5706,1969,600
5706,1970,519
5706,1971,179
5706,1972,473
5706,1973,333
5706,1974,239
5706,1975,142
5706,1976,263
5706,1977,399
5706,1978,378
5706,1979,402
5706,1980,414
5706,1981,527
5706,1982,500
5706,1983,643
5706,1984,501
5706,1985,650
5706,1986,724
5706,1987,1253
5706,1988,1817
5706,1989,1718
5706,1990,2373
5706,1991,2555
5706,1992,6725
5706,1993,12840
5706,1994,9638
5706,1995,9792
5706,1996,14041
5706,1997,14808
5706,1998,18110
5706,1999,14647
5706,2000,15458
5706,2001,15917
5706,2002,18756
5706,2003,14475
5706,2004,13391
5706,2005,12972
5706,2006,20934
5706,2007,15327
5706,2008,10922
5706,2009,11803
5706,2010,11671
5706,2011,15544
5706,2012,17824
5706,2013,27811
5706,2014,33635
5706,2015,36874
5706,2016,45726
5706,2017,65501
5706,2018,72349
5706,2019,66239
5707,1961,528
5707,1962,383
5707,1963,93
5707,1964,1274
5707,1965,1784
5707,1966,1611
5707,1967,225
5707,1968,75
5707,1969,600
5707,1970,519
5707,1971,179
5707,1972,473
5707,1973,333
5707,1974,239
5707,1975,142
5707,1976,255
5707,1977,371
5707,1978,375
5707,1979,395
5707,1980,413
5707,1981,526
5707,1982,493
5707,1983,626
5707,1984,501
5707,1985,632
5707,1986,706
5707,1987,1207
5707,1988,1807
5707,1989,1718
5707,1990,2370
5707,1991,2548
5707,1992,6725
5707,1993,12840
5707,1994,9638
5707,1995,9788
5707,1996,14040
5707,1997,14805
5707,1998,18102
5707,1999,14635
5707,2000,15447
5707,2001,15902
5707,2002,18744
5707,2003,14426
5707,2004,13335
5707,2005,12939
5707,2006,20914
5707,2007,15311
5707,2008,10894
5707,2009,11789
5707,2010,11615
5707,2011,15518
5707,2012,17797
5707,2013,27778
5707,2014,33555
5707,2015,36762
5707,2016,45509
5707,2017,65444
5707,2018,72105
5707,2019,66216
5801,1961,0
5801,1962,0
5801,1963,0
5801,1964,0
5801,1965,0
5801,1966,0
5801,1967,0
5801,1968,0
5801,1969,0
5801,1970,0
5801,1971,0
5801,1972,0
5801,1973,32
5801,1974,0
5801,1975,0
5801,1976,157
5801,1977,0
5801,1978,0
5801,1979,0
5801,1980,0
5801,1981,0
5801,1982,0
5801,1983,0
5801,1984,0
5801,1985,0
5801,1986,0
5801,1987,0
5801,1988,0
5801,1989,0
5801,1990,0
5801,1991,0
5801,1992,0
5801,1993,0
5801,1994,0
5801,1995,0
5801,1996,0
5801,1997,0
5801,1998,0
5801,1999,0
5801,2000,0
5801,2001,0
5801,2002,0
5801,2003,0
5801,2004,0
5801,2005,0
5801,2006,0
5801,2007,0
5801,2008,0
5801,2009,0
5801,2010,0
5801,2011,0
5801,2012,0
5801,2013,0
5801,2014,39
5801,2015,0
5801,2016,4
5801,2017,4
5801,2018,4
5801,2019,8
5802,1961,0
5802,1962,0
5802,1963,0
5802,1964,0
5802,1965,0
5802,1966,0
5802,1967,0
5802,1968,0
5802,1969,0
5802,1970,0
5802,1971,0
5802,1972,0
5802,1973,32
5802,1974,0
5802,1975,0
5802,1976,157
5802,1977,0
5802,1978,0
5802,1979,0
5802,1980,0
5802,1981,0
5802,1982,0
5802,1983,0
5802,1984,0
5802,1985,0
5802,1986,0
5802,1987,0
5802,1988,0
5802,1989,0
5802,1990,0
5802,1991,0
5802,1992,0
5802,1993,0
5802,1994,64
5802,1995,105
5802,1996,164
5802,1997,160
5802,1998,100
5802,1999,21763
5802,2000,15351
5802,2001,15425
5802,2002,0
5802,2003,0
5802,2004,0
5802,2005,0
5802,2006,0
5802,2007,0
5802,2008,0
5802,2009,0
5802,2010,0
5802,2011,4
5802,2012,1
5802,2013,0
5802,2014,0
5802,2015,2
5802,2016,1
5802,2017,0
5802,2018,0
5802,2019,2
5803,2000,1
5803,2001,1123
5803,2002,2
5803,2003,43
5803,2004,815
5803,2005,390
5803,2006,15
5803,2007,1
5803,2008,22
5803,2009,22
5803,2010,19
5803,2011,11
5803,2012,46
5803,2013,61
5803,2014,51
5803,2015,25
5803,2016,42
5803,2017,49
5803,2018,43
5803,2019,11
5815,1961,0
5815,1962,0
5815,1963,0
5815,1964,0
5815,1965,0
5815,1966,0
5815,1967,0
5815,1968,0
5815,1969,0
5815,1970,0
5815,1971,0
5815,1972,0
5815,1973,77
5815,1974,0
5815,1975,0
5815,1976,185
5815,1977,17
5815,1978,15
5815,1979,0
5815,1980,0
5815,1981,0
5815,1982,0
5815,1983,0
5815,1984,0
5815,1985,121
5815,1986,1
5815,1987,0
5815,1988,84
5815,1989,332
5815,1990,0
5815,1991,0
5815,1992,59
5815,1993,0
5815,1994,87
5815,1995,159
5815,1996,3
5815,1997,0
5815,1998,1393
5815,1999,1154
5815,2000,883
5815,2001,8
5815,2002,0
5815,2003,9
5815,2004,0
5815,2005,61
5815,2006,0
5815,2007,0
5815,2008,0
5815,2009,0
5815,2010,0
5815,2011,125
5815,2012,45
5815,2013,7
5815,2014,2098
5815,2015,932
5815,2016,179
5815,2017,499
5815,2018,287
5815,2019,81
5817,1961,74
5817,1962,26
5817,1963,86
5817,1964,41
5817,1965,2
5817,1966,19
5817,1967,20
5817,1968,0
5817,1969,0
5817,1970,0
5817,1971,11
5817,1972,36
5817,1973,91
5817,1974,291
5817,1975,0
5817,1976,166
5817,1977,7
5817,1978,1
5817,1979,0
5817,1980,846
5817,1981,194
5817,1982,198
5817,1983,79
5817,1984,2
5817,1985,252
5817,1986,365
5817,1987,350
5817,1988,127
5817,1989,1575
5817,1990,1870
5817,1991,3794
5817,1992,1816
5817,1993,1307
5817,1994,1306
5817,1995,2838
5817,1996,4755
5817,1997,9114
5817,1998,1316
5817,1999,64
5817,2000,135
5817,2001,1233
5817,2002,48
5817,2003,5999
5817,2004,3126
5817,2005,6171
5817,2006,2946
5817,2007,10444
5817,2008,363
5817,2009,43214
5817,2010,479
5817,2011,36222
5817,2012,35773
5817,2013,39720
5817,2014,2524
5817,2015,4588
5817,2016,3528
5817,2017,21317
5817,2018,39432
5817,2019,2053
59,1961,0
59,1962,0
59,1963,0
59,1964,0
59,1965,0
59,1966,0
59,1967,0
59,1968,0
59,1969,0
59,1970,0
59,1971,0
59,1972,0
59,1973,0
59,1974,0
59,1975,0
59,1976,0
59,1977,0
59,1978,0
59,1979,0
59,1980,0
59,1981,0
59,1982,0
59,1983,0
59,1984,2
59,1985,6
59,1986,285
59,1987,2
59,1988,30
59,1989,986
59,1990,22
59,1991,1010
59,1992,205
59,1993,77
59,1994,38
59,1995,33
59,1996,33
59,1997,69
59,1998,10
59,1999,0
59,2000,0
59,2001,34
59,2002,46
59,2003,225
59,2004,519
59,2005,459
59,2006,194
59,2007,504
59,2008,166
59,2009,31177
59,2010,116
59,2011,32021
59,2012,34780
59,2013,31263
59,2017,19883
59,2018,37051
63,2015,0
63,2016,0
63,2018,0
66,2016,0
67,1996,2
67,1997,0
67,1998,0
67,1999,0
67,2000,0
67,2001,0
67,2002,1
67,2003,0
67,2004,0
67,2005,0
67,2006,0
67,2007,1
67,2008,0
67,2009,0
67,2010,0
67,2011,0
67,2012,0
67,2013,0
68,1961,9
68,1962,0
68,1963,40
68,1964,1
68,1965,23
68,1966,3
68,1967,15
68,1968,4
68,1969,6
68,1970,8
68,1971,2
68,1972,124
68,1973,18
68,1974,7
68,1975,1
68,1976,5
68,1977,8
68,1978,12
68,1979,6
68,1980,18
68,1981,22
68,1982,5
68,1983,69
68,1984,8
68,1985,37
68,1986,28
68,1987,36
68,1988,17
68,1989,665
68,1990,12
68,1991,14
68,1992,22
68,1993,152
68,1994,123
68,1995,145
68,1996,148
68,1997,253
68,1998,216
68,1999,430
68,2000,476
68,2001,237
68,2002,110
68,2003,239
68,2004,211
68,2005,197
68,2006,242
68,2007,185
68,2008,257
68,2009,125
68,2010,119
68,2011,70
68,2012,80
68,2013,103
68,2014,47
68,2015,72
68,2016,47
68,2017,42
68,2018,29
68,2019,65
7,2017,0
73,2004,1
73,2005,0
73,2006,0
73,2007,0
73,2008,0
73,2009,0
73,2010,0
73,2011,0
73,2012,0
73,2013,0
79,1961,0
79,1962,0
79,1963,0
79,1964,0
79,1965,0
79,1966,0
79,1967,0
79,1968,0
79,1969,0
79,1970,0
79,1971,0
79,1972,0
79,1973,0
79,1974,4
79,1975,6
79,1976,4
79,1977,6
79,1978,2
79,1979,1
79,1980,0
79,1981,14
79,1982,1
79,1983,1
79,1984,2
79,1985,0
79,1986,2
79,1987,5
79,1988,0
79,1989,9
79,1990,0
79,1991,64
79,1992,0
79,1993,0
79,1994,6
79,1995,2
79,1996,25
79,1997,22
79,1998,6
79,1999,53
79,2000,2
79,2001,0
79,2002,1
79,2003,10
79,2004,24
79,2005,8
79,2006,29
79,2007,30
79,2008,23
79,2009,55
79,2010,31
79,2011,17
79,2012,110
79,2013,93
79,2014,72
79,2015,48
79,2016,71
79,2017,144
79,2018,237
79,2019,166
81,2019,0
84,1961,458
84,1962,335
84,1963,8
84,1964,1115
84,1965,1508
84,1966,1316
84,1967,10
84,1968,0
84,1969,0
84,1970,0
84,1971,0
84,1972,0
84,1973,0
84,1974,0
84,1975,0
84,1976,0
84,1977,0
84,1978,0
84,1979,0
84,1980,0
84,1981,0
84,1982,0
84,1983,2
84,1984,4
84,1985,36
84,1986,48
84,1987,5
84,1988,42
84,1989,11
84,1990,142
84,1991,151
84,1992,228
84,1993,5506
84,1994,6128
84,1995,5671
84,1996,8106
84,1997,6497
84,1998,10137
84,1999,8455
84,2000,8968
84,2001,7664
84,2002,9813
84,2003,7263
84,2004,6081
84,2005,6212
84,2006,13071
84,2007,7671
84,2008,4902
84,2009,5007
84,2010,4766
84,2011,5292
84,2012,5156
84,2013,4646
84,2014,2842
84,2015,3466
84,2016,4477
84,2017,6283
84,2018,4277
84,2019,5699
89,2012,14
89,2013,2
89,2014,14
89,2015,3
89,2016,14
89,2017,13
89,2018,3
89,2019,8
9,2012,242
9,2013,180
91,2003,40
91,2004,77
91,2005,22
91,2006,15
91,2007,0
91,2008,21
91,2009,21
91,2010,18
91,2011,8
91,2012,23
91,2013,47
91,2014,38
91,2015,22
91,2016,41
91,2017,39
91,2018,40
91,2019,9
95,2012,18
95,2013,18
95,2018,0
95,2019,0
96,2014,43
97,1961,0
97,1962,0
97,1963,0
97,1964,0
97,1965,0
97,1966,0
97,1967,0
97,1968,0
97,1969,0
97,1970,0
97,1971,0
97,1972,0
97,1973,0
97,1974,0
97,1975,0
97,1976,0
97,1977,0
97,1978,0
97,1979,0
97,1980,0
97,1981,0
97,1982,0
97,1983,0
97,1984,0
97,1985,0
97,1986,0
97,1987,0
97,1988,0
97,1989,0
97,1990,0
97,1991,11
97,1992,0
97,1993,13
97,1994,5
97,1995,4
97,1996,0
97,1997,0
97,1998,0
97,1999,0
97,2000,0
97,2001,0
97,2002,0
97,2003,0
97,2004,0
97,2005,0
97,2006,0
97,2007,0
97,2008,0
97,2009,0
97,2010,0
97,2011,0
97,2012,0
97,2013,0
97,2014,0
97,2015,0
97,2016,0
97,2017,0
97,2018,0
97,2019,1
98,2016,0
98,2017,0
98,2018,0
99,2018,0
99,2019,0
