geo,year,apricots_production_pcl
1,1992,16000
1,1993,5900
1,1994,15300
1,1995,17600
1,1996,18700
1,1997,14100
1,1998,22100
1,1999,15382
1,2000,36720
1,2001,10800
1,2002,5000
1,2003,4500
1,2004,7965
1,2005,112788
1,2006,72068
1,2007,15681
1,2008,83089
1,2009,80643
1,2010,30000
1,2011,49357
1,2012,76186
1,2013,89019
1,2014,41710
1,2015,116328
1,2016,62054
1,2017,87320
1,2018,104035
1,2019,68113
10,1961,40691
10,1962,40691
10,1963,41661
10,1964,35044
10,1965,42853
10,1966,38706
10,1967,52370
10,1968,33062
10,1969,43634
10,1970,39509
10,1971,52802
10,1972,46709
10,1973,43947
10,1974,37709
10,1975,28069
10,1976,26202
10,1977,26741
10,1978,24834
10,1979,31049
10,1980,26353
10,1981,30621
10,1982,27067
10,1983,26850
10,1984,23600
10,1985,24485
10,1986,28000
10,1987,26519
10,1988,28355
10,1989,27945
10,1990,29685
10,1991,25231
10,1992,31752
10,1993,29463
10,1994,21200
10,1995,29753
10,1996,21640
10,1997,25920
10,1998,19881
10,1999,21483
10,2000,19875
10,2001,20639
10,2002,12355
10,2003,19742
10,2004,10658
10,2005,19698
10,2006,16920
10,2007,17327
10,2008,17000
10,2009,13673
10,2010,13175
10,2011,13283
10,2012,12186
10,2013,11551
10,2014,9237
10,2015,9697
10,2016,8700
10,2017,5351
10,2018,8801
10,2019,8377
100,1961,8000
100,1962,8300
100,1963,8500
100,1964,8800
100,1965,9200
100,1966,9500
100,1967,9800
100,1968,10300
100,1969,10500
100,1970,10800
100,1971,11000
100,1972,10500
100,1973,11000
100,1974,11500
100,1975,9500
100,1976,10000
100,1977,8000
100,1978,8000
100,1979,7000
100,1980,6500
100,1981,6000
100,1982,5000
100,1983,5500
100,1984,5000
100,1985,4800
100,1986,4500
100,1987,4800
100,1988,4350
100,1989,5000
100,1990,6000
100,1991,6200
100,1992,6500
100,1993,6800
100,1994,7000
100,1995,7300
100,1996,7900
100,1997,8100
100,1998,8400
100,1999,9400
100,2000,9900
100,2001,10000
100,2002,10216
100,2003,10530
100,2004,10908
100,2005,11332
100,2006,11847
100,2007,12317
100,2008,12889
100,2009,13292
100,2010,13645
100,2011,13929
100,2012,14149
100,2013,14155
100,2014,14116
100,2015,14186
100,2016,15280
100,2017,15541
100,2018,15843
100,2019,16145
102,1961,64863
102,1962,67494
102,1963,20049
102,1964,37648
102,1965,39916
102,1966,42000
102,1967,45000
102,1968,50000
102,1969,55000
102,1970,55000
102,1971,60000
102,1972,65000
102,1973,65000
102,1974,65000
102,1975,65000
102,1976,70000
102,1977,72000
102,1978,52000
102,1979,55000
102,1980,55000
102,1981,55000
102,1982,66430
102,1983,75000
102,1984,88000
102,1985,100823
102,1986,108134
102,1987,93852
102,1988,120431
102,1989,79267
102,1990,85474
102,1991,98454
102,1992,160126
102,1993,162996
102,1994,188594
102,1995,208299
102,1996,234211
102,1997,256187
102,1998,270438
102,1999,266796
102,2000,249700
102,2001,307114
102,2002,291000
102,2003,312995
102,2004,166373
102,2005,275578
102,2006,509016
102,2007,367261
102,2008,426637
102,2009,435111
102,2010,388049
102,2011,345801
102,2012,309908
102,2013,380032
102,2014,241569
102,2015,252000
102,2016,239712
102,2017,330553
102,2018,314012
102,2019,329638
103,1961,8000
103,1962,8500
103,1963,9500
103,1964,9500
103,1965,10000
103,1966,11000
103,1967,11500
103,1968,12000
103,1969,12000
103,1970,13000
103,1971,15242
103,1972,17000
103,1973,19000
103,1974,20000
103,1975,23000
103,1976,25000
103,1977,27000
103,1978,31270
103,1979,31800
103,1980,32400
103,1981,32500
103,1982,33000
103,1983,32000
103,1984,31000
103,1985,32000
103,1986,33000
103,1987,31270
103,1988,32000
103,1989,32500
103,1990,33000
103,1991,25000
103,1992,24000
103,1993,25000
103,1994,25500
103,1995,26000
103,1996,25500
103,1997,26000
103,1998,26600
103,1999,26700
103,2000,27000
103,2001,26000
103,2002,23000
103,2003,23175
103,2004,24000
103,2005,24500
103,2006,19000
103,2007,16322
103,2008,18952
103,2009,18339
103,2010,18926
103,2011,21476
103,2012,23152
103,2013,26276
103,2014,26298
103,2015,13479
103,2016,13871
103,2017,15002
103,2018,15517
103,2019,34728
104,2018,0
104,2019,0
105,1961,900
105,1962,1200
105,1963,1700
105,1964,4500
105,1965,8100
105,1966,10950
105,1967,13900
105,1968,16600
105,1969,10900
105,1970,14600
105,1971,12500
105,1972,17300
105,1973,10900
105,1974,14050
105,1975,12200
105,1976,14000
105,1977,7600
105,1978,12450
105,1979,10700
105,1980,9200
105,1981,13000
105,1982,10900
105,1983,14300
105,1984,8400
105,1985,13300
105,1986,9500
105,1987,13900
105,1988,11600
105,1989,10880
105,1990,16600
105,1991,12500
105,1992,12510
105,1993,12200
105,1994,8000
105,1995,12900
105,1996,9800
105,1997,9100
105,1998,11026
105,1999,7910
105,2000,10900
105,2001,9900
105,2002,14450
105,2003,8540
105,2004,13390
105,2005,16680
105,2006,12954
105,2007,12037
105,2008,10002
105,2009,7721
105,2010,8338
105,2011,7959
105,2012,11000
105,2013,7519
105,2014,7000
105,2015,5500
105,2016,6500
105,2017,8000
105,2018,5000
105,2019,7005
106,1961,60000
106,1962,48300
106,1963,60400
106,1964,64900
106,1965,71400
106,1966,77000
106,1967,64600
106,1968,109800
106,1969,69270
106,1970,120300
106,1971,105600
106,1972,74400
106,1973,111800
106,1974,115300
106,1975,101900
106,1976,98700
106,1977,82700
106,1978,79600
106,1979,99400
106,1980,96100
106,1981,113000
106,1982,167700
106,1983,154000
106,1984,195600
106,1985,195600
106,1986,186100
106,1987,191930
106,1988,189200
106,1989,181230
106,1990,184710
106,1991,156010
106,1992,174507
106,1993,163392
106,1994,179103
106,1995,104685
106,1996,137033
106,1997,102944
106,1998,135613
106,1999,212168
106,2000,201372
106,2001,187700
106,2002,200110
106,2003,108320
106,2004,213425
106,2005,232882
106,2006,221994
106,2007,214573
106,2008,205493
106,2009,215121
106,2010,252892
106,2011,263132
106,2012,247146
106,2013,198290
106,2014,222690
106,2015,217569
106,2016,237021
106,2017,266372
106,2018,229020
106,2019,272990
108,1992,14000
108,1993,9000
108,1994,9000
108,1995,8000
108,1996,9500
108,1997,8000
108,1998,4000
108,1999,3000
108,2000,6740
108,2001,5456
108,2002,5745
108,2003,6051
108,2004,8540
108,2005,9330
108,2006,9870
108,2007,9940
108,2008,6180
108,2009,13250
108,2010,12330
108,2011,12366
108,2012,19230
108,2013,15271
108,2014,19086
108,2015,17601
108,2016,18630
108,2017,17107
108,2018,20224
108,2019,22089
11,1961,33952
11,1962,19259
11,1963,37412
11,1964,18139
11,1965,12976
11,1966,18611
11,1967,22233
11,1968,17280
11,1969,20689
11,1970,18897
11,1971,8370
11,1972,11048
11,1973,8867
11,1974,14589
11,1975,9269
11,1976,9496
11,1977,4304
11,1978,14101
11,1979,12400
11,1980,13273
11,1981,6169
11,1982,18257
11,1983,11223
11,1984,14552
11,1985,13574
11,1986,12961
11,1987,8606
11,1988,6284
11,1989,15509
11,1990,10695
11,1991,11464
11,1992,12571
11,1993,7522
11,1994,6936
11,1995,17063
11,1996,13421
11,1997,12396
11,1998,8728
11,1999,22634
11,2000,13866
11,2001,11170
11,2002,6093
11,2003,17408
11,2004,15746
11,2005,13090
11,2006,25203
11,2007,14553
11,2008,15327
11,2009,24410
11,2010,4394
11,2011,8028
11,2012,2906
11,2013,12202
11,2014,8590
11,2015,8669
11,2016,5257
11,2017,6484
11,2018,9310
11,2019,11510
110,1999,119100
110,2000,121200
110,2001,123700
110,2002,112600
110,2003,88300
110,2004,113600
110,2005,123000
110,2006,119700
110,2007,120600
110,2008,121000
110,2009,115200
110,2010,92400
110,2011,106900
110,2012,90000
110,2013,123700
110,2014,111400
110,2015,97900
110,2016,92700
110,2017,86800
110,2018,112400
110,2019,88100
112,1961,2600
112,1962,1939
112,1963,2400
112,1964,2144
112,1965,2500
112,1966,2543
112,1967,2477
112,1968,2322
112,1969,352
112,1971,18
112,1972,451
112,1973,300
112,1974,1474
112,1975,237
112,1976,183
112,1977,264
112,1978,259
112,1979,236
112,1980,73
112,1981,61
112,1982,77
112,1983,49
112,1984,91
112,1985,180
112,1986,295
112,1987,279
112,1988,385
112,1989,658
112,1990,761
112,1991,1072
112,1992,1654
112,1993,1338
112,1994,6786
112,1995,3584
112,1996,3260
112,1997,2460
112,1998,3593
112,1999,3303
112,2000,4576
112,2001,3028
112,2002,6412
112,2003,4972
112,2004,5787
112,2005,6606
112,2006,6816
112,2007,4981
112,2008,6528
112,2009,6037
112,2010,6796
112,2011,7851
112,2012,7992
112,2013,8151
112,2014,8112
112,2015,10809
112,2016,11719
112,2017,18791
112,2018,21415
112,2019,26459
113,1992,25000
113,1993,15000
113,1994,16500
113,1995,10000
113,1996,12000
113,1997,18000
113,1998,22000
113,1999,25000
113,2000,20000
113,2001,18000
113,2002,15000
113,2003,11000
113,2004,15400
113,2005,13000
113,2006,16500
113,2007,15200
113,2008,30000
113,2009,22000
113,2010,21000
113,2011,22000
113,2012,24100
113,2013,27000
113,2014,28000
113,2015,24300
113,2016,24306
113,2017,25191
113,2018,25668
113,2019,26051
114,1961,10
114,1962,10
114,1963,10
114,1964,10
114,1965,10
114,1966,10
114,1967,10
114,1968,10
114,1969,10
114,1970,10
114,1971,10
114,1972,10
114,1973,10
114,1974,10
114,1975,10
114,1976,10
114,1977,10
114,1978,10
114,1979,10
114,1980,10
114,1981,10
114,1982,10
114,1983,10
114,1984,10
114,1985,10
114,1986,10
114,1987,10
114,1988,10
114,1989,10
114,1990,15
114,1991,15
114,1992,15
114,1993,15
114,1994,14
114,1995,14
114,1996,14
114,1997,14
114,1998,14
114,1999,13
114,2000,65
114,2001,60
114,2002,64
114,2003,63
114,2004,62
114,2005,60
114,2006,66
114,2007,71
114,2008,79
114,2009,75
114,2010,75
114,2011,73
114,2012,70
114,2013,70
114,2014,74
114,2015,80
114,2016,79
114,2017,80
114,2018,81
114,2019,82
119,2018,0
119,2019,0
121,1961,6000
121,1962,4000
121,1963,5000
121,1964,12500
121,1965,10600
121,1966,10915
121,1967,8120
121,1968,24503
121,1969,11511
121,1970,12952
121,1971,12761
121,1972,18119
121,1973,13500
121,1974,10156
121,1975,19000
121,1976,20000
121,1977,21500
121,1978,22000
121,1979,23000
121,1980,23000
121,1981,15000
121,1982,25000
121,1983,28000
121,1984,29000
121,1985,30000
121,1986,32000
121,1987,34000
121,1988,36000
121,1989,40000
121,1990,44000
121,1991,48900
121,1992,53000
121,1993,55000
121,1994,58000
121,1995,62000
121,1996,65517
121,1997,53833
121,1998,47700
121,1999,42900
121,2000,20000
121,2001,19600
121,2002,39300
121,2003,30800
121,2004,28600
121,2005,31800
121,2006,29300
121,2007,32000
121,2008,32500
121,2009,29000
121,2010,20972
121,2011,15041
121,2012,24920
121,2013,24952
121,2014,28856
121,2015,33238
121,2016,39801
121,2017,37051
121,2018,34931
121,2019,31050
124,1961,700
124,1962,600
124,1963,400
124,1964,200
124,1965,300
124,1966,300
124,1967,300
124,1968,300
124,1969,300
124,1970,250
124,1971,600
124,1972,758
124,1973,1038
124,1974,2667
124,1975,1495
124,1976,1880
124,1977,2365
124,1978,2077
124,1979,2386
124,1980,2048
124,1981,4000
124,1982,6855
124,1983,9153
124,1984,8701
124,1985,11000
124,1986,13000
124,1987,15140
124,1988,15140
124,1989,16860
124,1990,17114
124,1991,18000
124,1992,16000
124,1993,15500
124,1994,15000
124,1995,15055
124,1996,14500
124,1997,15000
124,1998,15500
124,1999,16000
124,2000,16500
124,2001,16718
124,2002,17000
124,2003,17383
124,2004,17500
124,2005,18000
124,2006,20000
124,2007,20100
124,2008,20500
124,2009,21000
124,2010,21500
124,2011,23126
124,2012,25500
124,2013,25902
124,2014,26365
124,2015,25967
124,2016,26846
124,2017,27506
124,2018,28167
124,2019,28827
126,2018,0
126,2019,0
129,1961,300
129,1962,300
129,1963,400
129,1964,400
129,1965,500
129,1966,500
129,1967,500
129,1968,400
129,1969,300
129,1970,200
129,1971,159
129,1972,320
129,1973,330
129,1974,230
129,1975,320
129,1976,335
129,1977,385
129,1978,485
129,1979,510
129,1980,650
129,1981,710
129,1982,980
129,1983,1035
129,1984,1180
129,1985,1200
129,1986,960
129,1987,980
129,1988,960
129,1989,1000
129,1990,1050
129,1991,1000
129,1992,1050
129,1993,1100
129,1994,1000
129,1995,1100
129,1996,1136
129,1997,1200
129,1998,1195
129,1999,1300
129,2000,1200
129,2001,1214
129,2002,1231
129,2003,1238
129,2004,1246
129,2005,1261
129,2006,1250
129,2007,1300
129,2008,1290
129,2009,1345
129,2010,1360
129,2011,1363
129,2012,1400
129,2013,1350
129,2014,1382
129,2015,1419
129,2016,1427
129,2017,1440
129,2018,1453
129,2019,1466
134,1998,100
134,1999,76
134,2000,73
134,2001,80
134,2002,75
134,2003,61
134,2004,40
134,2005,43
134,2006,48
134,2007,20
134,2008,52
134,2009,35
134,2010,50
134,2011,86
134,2012,34
134,2013,51
134,2014,34
134,2015,38
134,2016,21
134,2017,44
134,2018,40
134,2019,20
138,1961,5829
138,1962,5741
138,1963,6584
138,1964,6866
138,1965,7168
138,1966,7352
138,1967,7504
138,1968,7810
138,1969,6917
138,1970,8714
138,1971,9713
138,1972,7808
138,1973,10493
138,1974,8504
138,1975,7536
138,1976,7257
138,1977,7637
138,1978,6508
138,1979,4468
138,1980,7082
138,1981,7715
138,1982,33135
138,1983,22836
138,1984,26452
138,1985,3524
138,1986,1805
138,1987,2725
138,1988,2717
138,1989,1535
138,1990,2062
138,1991,2799
138,1992,3699
138,1993,2522
138,1994,2052
138,1995,3538
138,1996,2188
138,1997,2453
138,1998,1942
138,1999,2162
138,2000,2067
138,2001,1619
138,2002,2079
138,2003,1720
138,2004,1532
138,2005,1298
138,2006,1696
138,2007,1326
138,2008,1387
138,2009,1333
138,2010,1291
138,2011,863
138,2012,1130
138,2013,996
138,2014,922
138,2015,1087
138,2016,848
138,2017,833
138,2018,980
138,2019,967
143,1961,4800
143,1962,8955
143,1963,13000
143,1964,16160
143,1965,27561
143,1966,54145
143,1967,60000
143,1968,60000
143,1969,60000
143,1970,60000
143,1971,60000
143,1972,60000
143,1973,62000
143,1974,60000
143,1975,55000
143,1976,56000
143,1977,59000
143,1978,60000
143,1979,62000
143,1980,63000
143,1981,64000
143,1982,65000
143,1983,66000
143,1984,70000
143,1985,73000
143,1986,73000
143,1987,73000
143,1988,92000
143,1989,81000
143,1990,73700
143,1991,92200
143,1992,66000
143,1993,120000
143,1994,88000
143,1995,78000
143,1996,88100
143,1997,103600
143,1998,116800
143,1999,106400
143,2000,119600
143,2001,104300
143,2002,86200
143,2003,97950
143,2004,85000
143,2005,103600
143,2006,129440
143,2007,105234
143,2008,113216
143,2009,133598
143,2010,134933
143,2011,159124
143,2012,122405
143,2013,100698
143,2014,90274
143,2015,103955
143,2016,71156
143,2017,112538
143,2018,101612
143,2019,109795
146,1992,2500
146,1993,3000
146,1994,3500
146,1995,4000
146,1996,13500
146,1997,10011
146,1998,14518
146,1999,3440
146,2000,5409
146,2001,8712
146,2002,4414
146,2003,6429
146,2004,6016
146,2005,5234
146,2006,3823
146,2007,6340
146,2008,6644
146,2009,6600
146,2010,4744
146,2011,8549
146,2012,5162
146,2013,9904
146,2014,7184
146,2015,10399
146,2016,21439
146,2017,13118
146,2018,9519
146,2019,16731
149,1990,400
149,1991,606
149,1992,500
149,1993,520
149,1994,535
149,1995,600
149,1996,360
149,1997,424
149,1998,425
149,1999,456
149,2000,447
149,2001,487
149,2002,473
149,2003,518
149,2004,567
149,2005,567
149,2006,567
149,2007,567
149,2008,567
149,2009,725
149,2010,797
149,2011,971
149,2012,1484
149,2013,1658
149,2014,1640
149,2015,2735
149,2016,2767
149,2017,1466
149,2018,1820
149,2019,1923
150,2018,0
150,2019,0
154,1992,6758
154,1993,5715
154,1994,5066
154,1995,6061
154,1996,4296
154,1997,1305
154,1998,2348
154,1999,4426
154,2000,4168
154,2001,2800
154,2002,2550
154,2003,1436
154,2004,4476
154,2005,2964
154,2006,3561
154,2007,3531
154,2008,3706
154,2009,2950
154,2010,2996
154,2011,3747
154,2012,4503
154,2013,3968
154,2014,4619
154,2015,3255
154,2016,3471
154,2017,3992
154,2018,3904
154,2019,6070
156,1961,3690
156,1962,3780
156,1963,5900
156,1964,6000
156,1965,4770
156,1966,4900
156,1967,5600
156,1968,4910
156,1969,5000
156,1970,6700
156,1971,7582
156,1972,7221
156,1973,7022
156,1974,7221
156,1975,4902
156,1976,4677
156,1977,5667
156,1978,5026
156,1979,6742
156,1980,6340
156,1981,6538
156,1982,7258
156,1983,5400
156,1984,8040
156,1985,9375
156,1986,10000
156,1987,8700
156,1988,8500
156,1989,7000
156,1990,10284
156,1991,8460
156,1992,4600
156,1993,7300
156,1994,7500
156,1995,7600
156,1996,6700
156,1997,7500
156,1998,7400
156,1999,7400
156,2000,7400
156,2001,6000
156,2002,7000
156,2003,4500
156,2004,3914
156,2005,3678
156,2006,3700
156,2007,3500
156,2008,3400
156,2009,3200
156,2010,3416
156,2011,3220
156,2012,3296
156,2013,3436
156,2014,3944
156,2015,3276
156,2016,3125
156,2017,3295
156,2018,2863
156,2019,2812
165,1961,5100
165,1962,5900
165,1963,9700
165,1964,11000
165,1965,9100
165,1966,11600
165,1967,12200
165,1968,13500
165,1969,17900
165,1970,19100
165,1971,19910
165,1972,9960
165,1973,22560
165,1974,24600
165,1975,25674
165,1976,27645
165,1977,30299
165,1978,31303
165,1979,34100
165,1980,35768
165,1981,37122
165,1982,43692
165,1983,46536
165,1984,52200
165,1985,53800
165,1986,61500
165,1987,65800
165,1988,71700
165,1989,76200
165,1990,81000
165,1991,108847
165,1992,122097
165,1993,152615
165,1994,178124
165,1995,190634
165,1996,188063
165,1997,188967
165,1998,190852
165,1999,120500
165,2000,125889
165,2001,124675
165,2002,129700
165,2003,210882
165,2004,214800
165,2005,197239
165,2006,177266
165,2007,240192
165,2008,237937
165,2009,193936
165,2010,190174
165,2011,189420
165,2012,178489
165,2013,177630
165,2014,170504
165,2015,172933
165,2016,165918
165,2017,141721
165,2018,107986
165,2019,104743
167,1993,6859
167,1994,5800
167,1995,13964
167,1996,15944
167,1997,7860
167,1998,5515
167,1999,10153
167,2000,7445
167,2001,3738
167,2002,1455
167,2003,4293
167,2004,5484
167,2005,2374
167,2006,3020
167,2007,5441
167,2008,2864
167,2009,4950
167,2010,1333
167,2011,2422
167,2012,1032
167,2013,3992
167,2014,2317
167,2015,2238
167,2016,782
167,2017,1019
167,2018,2260
167,2019,2870
170,1970,306
170,1971,367
170,1972,441
170,1973,431
170,1974,444
170,1975,515
170,1976,465
170,1977,423
170,1978,520
170,1979,503
170,1980,472
170,1981,475
170,1982,443
170,1983,323
170,1984,368
170,1985,315
170,1986,267
170,1987,325
170,1988,285
170,1989,306
170,1990,311
170,1991,268
170,1992,206
170,1993,227
170,1994,212
170,1995,240
170,1996,217
170,1997,239
170,1998,196
170,1999,145
170,2000,165
170,2001,160
170,2002,165
170,2003,170
170,2004,175
170,2005,180
170,2006,194
170,2007,210
170,2008,220
170,2009,230
170,2010,232
170,2011,225
170,2012,236
170,2013,242
170,2014,240
170,2015,240
170,2016,244
170,2017,247
170,2018,250
170,2019,254
173,1999,4000
173,2000,3700
173,2001,5800
173,2002,4243
173,2003,4794
173,2004,4869
173,2005,3158
173,2006,2448
173,2007,1076
173,2008,4101
173,2009,5244
173,2010,3376
173,2011,4024
173,2012,3428
173,2013,4120
173,2014,3728
173,2015,3690
173,2016,3073
173,2017,1335
173,2018,3600
173,2019,3140
174,1961,8296
174,1962,6840
174,1963,5660
174,1964,4430
174,1965,7760
174,1966,8000
174,1967,8000
174,1968,10210
174,1969,3250
174,1970,6510
174,1971,10100
174,1972,8880
174,1973,11960
174,1974,9568
174,1975,7809
174,1976,9578
174,1977,3640
174,1978,4004
174,1979,5600
174,1980,6040
174,1981,5380
174,1982,5920
174,1983,6867
174,1984,4807
174,1985,5240
174,1986,4615
174,1987,5494
174,1988,4905
174,1989,4500
174,1990,4650
174,1991,4480
174,1992,4700
174,1993,4260
174,1994,5124
174,1995,5052
174,1996,4693
174,1997,4968
174,1998,3859
174,1999,6068
174,2000,5401
174,2001,2803
174,2002,4383
174,2003,4167
174,2004,4010
174,2005,3598
174,2006,3445
174,2007,3274
174,2008,3117
174,2009,3887
174,2010,3227
174,2011,3225
174,2012,3249
174,2013,2157
174,2014,2234
174,2015,2893
174,2016,2330
174,2017,4575
174,2018,3510
174,2019,3510
18,2004,16
181,1976,10
181,1977,20
181,1978,36
181,1979,76
181,1980,49
181,1981,65
181,1982,50
181,1983,36
181,1984,24
181,1985,47
181,1986,25
181,1987,38
181,1988,38
181,1989,42
181,1990,65
181,1991,49
181,1992,40
181,1993,39
181,1994,38
181,1995,30
181,1996,40
181,1997,37
181,1998,30
181,1999,40
181,2000,30
181,2001,40
181,2002,42
181,2003,42
181,2004,42
181,2005,42
181,2006,41
181,2007,40
181,2008,40
181,2009,42
181,2010,43
181,2011,43
181,2012,46
181,2013,46
181,2014,45
181,2015,44
181,2016,45
181,2017,45
181,2018,45
181,2019,46
183,1961,33600
183,1962,30300
183,1963,29600
183,1964,40000
183,1965,21100
183,1966,38300
183,1967,51800
183,1968,49600
183,1969,81200
183,1970,46534
183,1971,26500
183,1972,39800
183,1973,52600
183,1974,39193
183,1975,63028
183,1976,34532
183,1977,47357
183,1978,33476
183,1979,31552
183,1980,33000
183,1981,34484
183,1982,35805
183,1983,38503
183,1984,44123
183,1985,42500
183,1986,49100
183,1987,32800
183,1988,35800
183,1989,49700
183,1990,48000
183,1991,25992
183,1992,40691
183,1993,41690
183,1994,34618
183,1995,15264
183,1996,43797
183,1997,27623
183,1998,36956
183,1999,31545
183,2000,28391
183,2001,28316
183,2002,18257
183,2003,42591
183,2004,20648
183,2005,52410
183,2006,38754
183,2007,27566
183,2008,32125
183,2009,32499
183,2010,23804
183,2011,33745
183,2012,29089
183,2013,28310
183,2014,43609
183,2015,30998
183,2016,30726
183,2017,33851
183,2018,34430
183,2019,29420
185,1992,55500
185,1993,55200
185,1994,41900
185,1995,40000
185,1996,70000
185,1997,57000
185,1998,38000
185,1999,50000
185,2000,67000
185,2001,50000
185,2002,60740
185,2003,75230
185,2004,80100
185,2005,72000
185,2006,39000
185,2007,78000
185,2008,57500
185,2009,60000
185,2010,51000
185,2011,60000
185,2012,57000
185,2013,62000
185,2014,62000
185,2015,60000
185,2016,60700
185,2017,53300
185,2018,66300
185,2019,69600
186,1992,30600
186,1993,20913
186,1994,23084
186,1995,12334
186,1996,28744
186,1997,8206
186,1998,6408
186,1999,27496
186,2000,13118
186,2001,15964
186,2002,13777
186,2003,27603
186,2004,29982
186,2005,13633
198,1992,395
198,1993,543
198,1994,1079
198,1995,786
198,1996,771
198,1997,589
198,1998,599
198,1999,867
198,2000,752
198,2001,288
198,2002,681
198,2003,262
198,2004,755
198,2005,373
198,2006,662
198,2007,483
198,2008,269
198,2009,616
198,2010,482
198,2011,687
198,2012,681
198,2013,435
198,2014,673
198,2015,1313
198,2016,961
198,2017,760
198,2018,130
198,2019,920
199,1993,4489
199,1994,9133
199,1995,4308
199,1996,7346
199,1997,5999
199,1998,6828
199,1999,4704
199,2000,3747
199,2001,2362
199,2002,2246
199,2003,2677
199,2004,1584
199,2005,1255
199,2006,1780
199,2007,1511
199,2008,2087
199,2009,2086
199,2010,1198
199,2011,1018
199,2012,265
199,2013,369
199,2014,398
199,2015,254
199,2016,232
199,2017,333
199,2018,340
199,2019,450
2,1961,32000
2,1962,32000
2,1963,32000
2,1964,39200
2,1965,43400
2,1966,48400
2,1967,58700
2,1968,59400
2,1969,60000
2,1970,58100
2,1971,45700
2,1972,56500
2,1973,58800
2,1974,59200
2,1975,59500
2,1976,55700
2,1977,33100
2,1978,48300
2,1979,46000
2,1980,47500
2,1981,47100
2,1982,45400
2,1983,44300
2,1984,42500
2,1985,40700
2,1986,41300
2,1987,35300
2,1988,35900
2,1989,36100
2,1990,36030
2,1991,36708
2,1992,36700
2,1993,37000
2,1994,37665
2,1995,37500
2,1996,39368
2,1997,40131
2,1998,40990
2,1999,41856
2,2000,42840
2,2001,38000
2,2002,45758
2,2003,50292
2,2004,36840
2,2005,49623
2,2006,50000
2,2007,58000
2,2008,59559
2,2009,60000
2,2010,66560
2,2011,67995
2,2012,83500
2,2013,90000
2,2014,90000
2,2015,87686
2,2016,17894
2,2017,131816
2,2018,109086
2,2019,129363
202,1961,21802
202,1962,28401
202,1963,24523
202,1964,33405
202,1965,28632
202,1966,23640
202,1967,23097
202,1968,28747
202,1969,17785
202,1970,25140
202,1971,25272
202,1972,21067
202,1973,18377
202,1974,29705
202,1975,23143
202,1976,35646
202,1977,29811
202,1978,32964
202,1979,41929
202,1980,38863
202,1981,45842
202,1982,34944
202,1983,46169
202,1984,40000
202,1985,32610
202,1986,65988
202,1987,65988
202,1988,56390
202,1989,57584
202,1990,55702
202,1991,48469
202,1992,48175
202,1993,45810
202,1994,47443
202,1995,60469
202,1996,54641
202,1997,85545
202,1998,59644
202,1999,53175
202,2000,56223
202,2001,50448
202,2002,42121
202,2003,71156
202,2004,57217
202,2005,59878
202,2006,53259
202,2007,55283
202,2008,43618
202,2009,46594
202,2010,44346
202,2011,57518
202,2012,52504
202,2013,41760
202,2014,35235
202,2015,48365
202,2016,25909
202,2017,30637
202,2018,26512
202,2019,25258
203,1961,109900
203,1962,108900
203,1963,109700
203,1964,129500
203,1965,199500
203,1966,157800
203,1967,135200
203,1968,184500
203,1969,100400
203,1970,161800
203,1971,145800
203,1972,159100
203,1973,131000
203,1974,212800
203,1975,132400
203,1976,216300
203,1977,65500
203,1978,219500
203,1979,154500
203,1980,113800
203,1981,173700
203,1982,180500
203,1983,151100
203,1984,208100
203,1985,150664
203,1986,151000
203,1987,142000
203,1988,157400
203,1989,165000
203,1990,119600
203,1991,210900
203,1992,198700
203,1993,210000
203,1994,200200
203,1995,138700
203,1996,197800
203,1997,141915
203,1998,149800
203,1999,148924
203,2000,142498
203,2001,134767
203,2002,127549
203,2003,143840
203,2004,121486
203,2005,137167
203,2006,156872
203,2007,89023
203,2008,109108
203,2009,95221
203,2010,78715
203,2011,86880
203,2012,118114
203,2013,131800
203,2014,136446
203,2015,153667
203,2016,139605
203,2017,162872
203,2018,176290
203,2019,145830
208,1992,35000
208,1993,28500
208,1994,28200
208,1995,28400
208,1996,24100
208,1997,21500
208,1998,18600
208,1999,14600
208,2000,10400
208,2001,15000
208,2002,17000
208,2003,14100
208,2004,14500
208,2005,12300
208,2006,21000
208,2007,15500
208,2008,26000
208,2009,20400
208,2010,21000
208,2011,25000
208,2012,30000
208,2013,31400
208,2014,33000
208,2015,32341
208,2016,30805
208,2017,31396
208,2018,31889
208,2019,32520
210,2018,0
210,2019,0
211,1961,12000
211,1962,3000
211,1963,13000
211,1964,6000
211,1965,5000
211,1966,5000
211,1967,5500
211,1968,11000
211,1969,12000
211,1970,7500
211,1971,11000
211,1972,9500
211,1973,5500
211,1974,2000
211,1975,1000
211,1976,9000
211,1977,6000
211,1978,5500
211,1979,5000
211,1980,6000
211,1981,8000
211,1982,6000
211,1983,11000
211,1984,6000
211,1985,10000
211,1986,5000
211,1987,13000
211,1988,2650
211,1989,14175
211,1990,7350
211,1991,4200
211,1992,9450
211,1993,1785
211,1994,6899
211,1995,4342
211,1996,5250
211,1997,1922
211,1998,4200
211,1999,3045
211,2000,6925
211,2001,1255
211,2002,4615
211,2003,2410
211,2004,7061
211,2005,5161
211,2006,6594
211,2007,6405
211,2008,5618
211,2009,9450
211,2010,8190
211,2011,9398
211,2012,8768
211,2013,8395
211,2014,10621
211,2015,8364
211,2016,9253
211,2017,4720
211,2018,9393
211,2019,9017
212,1961,18428
212,1962,43407
212,1963,27634
212,1964,28906
212,1965,9267
212,1966,15000
212,1967,22237
212,1968,19267
212,1969,13075
212,1970,21644
212,1971,31279
212,1972,39496
212,1973,29003
212,1974,32912
212,1975,53410
212,1976,46290
212,1977,32438
212,1978,47382
212,1979,46100
212,1980,48474
212,1981,48758
212,1982,81458
212,1983,78593
212,1984,51034
212,1985,80515
212,1986,63692
212,1987,25467
212,1988,88584
212,1989,39000
212,1990,72700
212,1991,55700
212,1992,98321
212,1993,62400
212,1994,58851
212,1995,30392
212,1996,83346
212,1997,34658
212,1998,67192
212,1999,62914
212,2000,78873
212,2001,66023
212,2002,100902
212,2003,104900
212,2004,75700
212,2005,65513
212,2006,98538
212,2007,112738
212,2008,100900
212,2009,98913
212,2010,61981
212,2011,75919
212,2012,72000
212,2013,65272
212,2014,32008
212,2015,32000
212,2016,32000
212,2017,46680
212,2018,39318
212,2019,39419
213,1992,11000
213,1993,6000
213,1994,5000
213,1995,5000
213,1996,4200
213,1997,10600
213,1998,13900
213,1999,14600
213,2000,17000
213,2001,20000
213,2002,21000
213,2003,21000
213,2004,24000
213,2005,28000
213,2006,30000
213,2007,33000
213,2008,32000
213,2009,33500
213,2010,33500
213,2011,33500
213,2012,33500
213,2013,33500
213,2014,33500
213,2015,33550
213,2016,33550
213,2017,33550
213,2018,33652
213,2019,34769
214,1961,2802
214,1962,3217
214,1963,4226
214,1964,6877
214,1965,10102
214,1966,9775
214,1967,12408
214,1968,17513
214,1969,24166
214,1970,25967
214,1971,14688
214,1972,21039
214,1973,27679
214,1974,22125
214,1975,22063
214,1976,27278
214,1977,28309
214,1978,32998
214,1979,32023
214,1980,58750
214,1981,74492
214,1982,43939
214,1983,24916
214,1984,55653
214,1985,55136
214,1986,58946
214,1987,55954
214,1988,80087
214,1989,95286
214,1990,85005
214,1991,61705
214,1992,67807
214,1993,47722
214,1994,71517
214,1995,38022
214,1996,90505
214,1997,94090
214,1998,50549
214,1999,55376
214,2000,63317
214,2001,55956
214,2002,45218
214,2003,53874
214,2004,57009
214,2005,45937
214,2006,48001
214,2007,37834
214,2008,35812
214,2009,46890
214,2010,49695
214,2011,42010
214,2012,31880
214,2013,30706
214,2014,34709
214,2015,32473
214,2016,16613
214,2017,15565
214,2018,17382
214,2019,8270
222,1961,11600
222,1962,12450
222,1963,15000
222,1964,9500
222,1965,15000
222,1966,13500
222,1967,16300
222,1968,13200
222,1969,16300
222,1970,17800
222,1971,21200
222,1972,22000
222,1973,19000
222,1974,23600
222,1975,26000
222,1976,29000
222,1977,28000
222,1978,26000
222,1979,21500
222,1980,26000
222,1981,21000
222,1982,15000
222,1983,20000
222,1984,19000
222,1985,19500
222,1986,17500
222,1987,20000
222,1988,14500
222,1989,18800
222,1990,17000
222,1991,20000
222,1992,20000
222,1993,24000
222,1994,26500
222,1995,26000
222,1996,25000
222,1997,26000
222,1998,27000
222,1999,30700
222,2000,28000
222,2001,25000
222,2002,24000
222,2003,26000
222,2004,27000
222,2005,26000
222,2006,28000
222,2007,24000
222,2008,26500
222,2009,30000
222,2010,23500
222,2011,30000
222,2012,33500
222,2013,29500
222,2014,29000
222,2015,32500
222,2016,31000
222,2017,30500
222,2018,36000
222,2019,36000
223,1961,114900
223,1962,86800
223,1963,75800
223,1964,102000
223,1965,88000
223,1966,38800
223,1967,118000
223,1968,131000
223,1969,112500
223,1970,95000
223,1971,80000
223,1972,123000
223,1973,143000
223,1974,124000
223,1975,165000
223,1976,176000
223,1977,151000
223,1978,153000
223,1979,165000
223,1980,160000
223,1981,152000
223,1982,205000
223,1983,245000
223,1984,250000
223,1985,202000
223,1986,350000
223,1987,250000
223,1988,363000
223,1989,449000
223,1990,300000
223,1991,276000
223,1992,320000
223,1993,230000
223,1994,400000
223,1995,250000
223,1996,206000
223,1997,270000
223,1998,490000
223,1999,335000
223,2000,530000
223,2001,470000
223,2002,315000
223,2003,460000
223,2004,320000
223,2005,860000
223,2006,460182
223,2007,557572
223,2008,716415
223,2009,660894
223,2010,450000
223,2011,650000
223,2012,760000
223,2013,780000
223,2014,278210
223,2015,696100
223,2016,730000
223,2017,985000
223,2018,750000
223,2019,846606
228,1961,112000
228,1962,120000
228,1963,154000
228,1964,169000
228,1965,175000
228,1966,150000
228,1967,265000
228,1968,160000
228,1969,254000
228,1970,257000
228,1971,222000
228,1972,196000
228,1973,298000
228,1974,318000
228,1975,164000
228,1976,226000
228,1977,285000
228,1978,146000
228,1979,132000
228,1980,280000
228,1981,352000
228,1982,180000
228,1983,240000
228,1984,170000
228,1985,205000
228,1986,235000
228,1987,190000
228,1988,213000
228,1989,225000
228,1990,217000
228,1991,187000
230,1992,80748
230,1993,107000
230,1994,12000
230,1995,97300
230,1996,123700
230,1997,101400
230,1998,59600
230,1999,57200
230,2000,102100
230,2001,43711
230,2002,68500
230,2003,110500
230,2004,99300
230,2005,94200
230,2006,28000
230,2007,55600
230,2008,88900
230,2009,74300
230,2010,77200
230,2011,119900
230,2012,62900
230,2013,134970
230,2014,64520
230,2015,64900
230,2016,81290
230,2017,86680
230,2018,111670
230,2019,83660
231,1961,172183
231,1962,150319
231,1963,180075
231,1964,199670
231,1965,205023
231,1966,175539
231,1967,133832
231,1968,135424
231,1969,207381
231,1970,158757
231,1971,169144
231,1972,115760
231,1973,143244
231,1974,84867
231,1975,165651
231,1976,140250
231,1977,133718
231,1978,114490
231,1979,130820
231,1980,117030
231,1981,81100
231,1982,107230
231,1983,84370
231,1984,115390
231,1985,118840
231,1986,49600
231,1987,103800
231,1988,92500
231,1989,109000
231,1990,111085
231,1991,86908
231,1992,96524
231,1993,88314
231,1994,138980
231,1995,54884
231,1996,71939
231,1997,126307
231,1998,107492
231,1999,82100
231,2000,87906
231,2001,74806
231,2002,81682
231,2003,88523
231,2004,91743
231,2005,74071
231,2006,40351
231,2007,80249
231,2008,74035
231,2009,62341
231,2010,60219
231,2011,60464
231,2012,55157
231,2013,55370
231,2014,58901
231,2015,37790
231,2016,58110
231,2017,41410
231,2018,35880
231,2019,46540
235,1992,51400
235,1993,55000
235,1994,55000
235,1995,55000
235,1996,65000
235,1997,50000
235,1998,40000
235,1999,27500
235,2000,68000
235,2001,85000
235,2002,97000
235,2003,82000
235,2004,162000
235,2005,170000
235,2006,235637
235,2007,230000
235,2008,265000
235,2009,292000
235,2010,325000
235,2011,384079
235,2012,426000
235,2013,480000
235,2014,547000
235,2015,606000
235,2016,569000
235,2017,532565
235,2018,493842
235,2019,536544
248,1961,48800
248,1962,24700
248,1963,19200
248,1964,34900
248,1965,17200
248,1966,22300
248,1967,25900
248,1968,16100
248,1969,35417
248,1970,22512
248,1971,16907
248,1972,29217
248,1973,24014
248,1974,28760
248,1975,20012
248,1976,25741
248,1977,19707
248,1978,13645
248,1979,17364
248,1980,24493
248,1981,30076
248,1982,28113
248,1983,32162
248,1984,19314
248,1985,26430
248,1986,25585
248,1987,21318
248,1988,28232
248,1989,46341
248,1990,46861
248,1991,25741
249,1979,5100
249,1980,5300
249,1981,4856
249,1982,5091
249,1983,5091
249,1984,5311
249,1985,5536
249,1986,6258
249,1987,7281
249,1988,8124
249,1989,8386
249,1990,7476
249,1991,5111
249,1992,5410
249,1993,7699
249,1994,6537
249,1995,6631
249,1996,6488
249,1997,6549
249,1998,6559
249,1999,6591
249,2000,6648
249,2001,6421
249,2002,6671
249,2003,6583
249,2004,1177
249,2005,1365
249,2006,1509
249,2007,1615
249,2008,1655
249,2009,1691
249,2010,1709
249,2011,1736
249,2012,1787
249,2013,1806
249,2014,1869
249,2015,1794
249,2016,1714
249,2017,1705
249,2018,1590
249,2019,1521
255,2018,0
255,2019,0
256,2018,0
256,2019,0
27,1961,47874
27,1962,20119
27,1963,46928
27,1964,27950
27,1965,22926
27,1966,39099
27,1967,45112
27,1968,42947
27,1969,46841
27,1970,24190
27,1971,11015
27,1972,17496
27,1973,24556
27,1974,30015
27,1975,30389
27,1976,33708
27,1977,25450
27,1978,29150
27,1979,34227
27,1980,39195
27,1981,40764
27,1982,41003
27,1983,32476
27,1984,24027
27,1985,56997
27,1986,26174
27,1987,18077
27,1988,34509
27,1989,44311
27,1990,50457
27,1991,20032
27,1992,36940
27,1993,22020
27,1994,20964
27,1995,4575
27,1996,23793
27,1997,11857
27,1998,9055
27,1999,10870
27,2000,12710
27,2001,8441
27,2002,4159
27,2003,18527
27,2004,18458
27,2005,10621
27,2006,13286
27,2007,8310
27,2008,12957
27,2009,7568
27,2010,11587
27,2011,11931
27,2012,10196
27,2013,18024
27,2014,11367
27,2015,14179
27,2016,15503
27,2017,22542
27,2018,13590
27,2019,20240
272,2006,21863
272,2007,22952
272,2008,22301
272,2009,31157
272,2010,22936
272,2011,32656
272,2012,22632
272,2013,29664
272,2014,29655
272,2015,27611
272,2016,25617
272,2017,41320
272,2018,25414
272,2019,40930
299,1994,593
299,1995,1722
299,1996,676
299,1997,876
299,1998,811
299,1999,607
299,2000,1854
299,2001,1551
299,2002,2959
299,2003,1190
299,2004,1491
299,2005,1003
299,2006,1067
299,2007,949
299,2008,1304
299,2009,800
299,2010,300
299,2011,950
299,2012,1006
299,2013,1045
299,2014,1070
299,2015,1070
299,2016,1070
299,2017,1040
299,2018,1064
299,2019,1078
3,1961,900
3,1962,700
3,1963,600
3,1964,600
3,1965,600
3,1966,600
3,1967,500
3,1968,600
3,1969,700
3,1970,900
3,1971,900
3,1972,900
3,1973,900
3,1974,1000
3,1975,1000
3,1976,1200
3,1977,1200
3,1978,1500
3,1979,1500
3,1980,1100
3,1981,1200
3,1982,1100
3,1983,1100
3,1984,1000
3,1985,1000
3,1986,1600
3,1987,1300
3,1988,1300
3,1989,1600
3,1990,1700
3,1991,1200
3,1992,1096
3,1993,1100
3,1994,1000
3,1995,600
3,1996,340
3,1997,400
3,1998,400
3,1999,400
3,2000,670
3,2001,1581
3,2002,2000
3,2003,2200
3,2004,1800
3,2005,2000
3,2006,1900
3,2007,2000
3,2008,3500
3,2009,3850
3,2010,3471
3,2011,3900
3,2012,4430
3,2013,4400
3,2014,4140
3,2015,5045
3,2016,5194
3,2017,5040
3,2018,5139
3,2019,4875
32,1985,400
32,1986,400
32,1987,400
32,1988,400
32,1989,400
32,1990,358
32,1991,409
32,1992,411
32,1993,410
32,1994,417
32,1995,422
32,1996,430
32,1997,432
32,1998,440
32,1999,440
32,2000,450
32,2001,450
32,2002,460
32,2003,470
32,2004,470
32,2005,524
32,2006,562
32,2007,599
32,2008,626
32,2009,680
32,2010,680
32,2011,757
32,2012,850
32,2013,875
32,2014,922
32,2015,957
32,2016,1006
32,2017,1052
32,2018,1099
32,2019,1146
33,1961,6010
33,1962,7031
33,1963,2253
33,1964,8777
33,1965,453
33,1966,6328
33,1967,2988
33,1968,3279
33,1969,37
33,1970,3445
33,1971,3007
33,1972,2852
33,1973,3357
33,1974,2885
33,1975,3790
33,1976,2800
33,1977,2636
33,1978,2527
33,1979,2874
33,1980,3517
33,1981,1960
33,1982,2764
33,1983,2170
33,1984,2323
33,1985,2274
33,1986,2340
33,1987,2849
33,1988,2477
33,1989,269
33,1990,1956
33,1991,619
33,1992,1093
33,1993,974
33,1994,1475
33,1995,1755
33,1996,1118
33,1997,1352
33,1998,875
33,1999,776
33,2000,1036
33,2001,1370
33,2002,982
33,2003,1220
33,2004,1250
33,2005,1617
33,2006,826
33,2007,889
33,2008,1084
33,2009,913
33,2010,619
33,2011,522
33,2012,708
33,2013,660
33,2014,958
33,2015,1199
33,2016,1173
33,2017,1038
33,2018,1067
33,2019,982
351,1961,2802
351,1962,3217
351,1963,4226
351,1964,6877
351,1965,10102
351,1966,9775
351,1967,12408
351,1968,17513
351,1969,24166
351,1970,25967
351,1971,14688
351,1972,21039
351,1973,27679
351,1974,22125
351,1975,22063
351,1976,27278
351,1977,28309
351,1978,32998
351,1979,32023
351,1980,58750
351,1981,74492
351,1982,43939
351,1983,24916
351,1984,55653
351,1985,55136
351,1986,58946
351,1987,55954
351,1988,80087
351,1989,95286
351,1990,85005
351,1991,61705
351,1992,72807
351,1993,52722
351,1994,79517
351,1995,48022
351,1996,105505
351,1997,109090
351,1998,67049
351,1999,75376
351,2000,88317
351,2001,83956
351,2002,72218
351,2003,81874
351,2004,96509
351,2005,90937
351,2006,83001
351,2007,75834
351,2008,77812
351,2009,89890
351,2010,94271
351,2011,89871
351,2012,81036
351,2013,81638
351,2014,87306
351,2015,86631
351,2016,72247
351,2017,72897
351,2018,76412
351,2019,68998
4,1961,12720
4,1962,13800
4,1963,12000
4,1964,14900
4,1965,13709
4,1966,11626
4,1967,13095
4,1968,11483
4,1969,12476
4,1970,14200
4,1971,15099
4,1972,12888
4,1973,10891
4,1974,13293
4,1975,22735
4,1976,20833
4,1977,27607
4,1978,21818
4,1979,30192
4,1980,23285
4,1981,42412
4,1982,39896
4,1983,60519
4,1984,54638
4,1985,42408
4,1986,37033
4,1987,36430
4,1988,32500
4,1989,45925
4,1990,34979
4,1991,59263
4,1992,40785
4,1993,69187
4,1994,42689
4,1995,41233
4,1996,80000
4,1997,39850
4,1998,58110
4,1999,74140
4,2000,56354
4,2001,67724
4,2002,73733
4,2003,108469
4,2004,87991
4,2005,145097
4,2006,167017
4,2007,116436
4,2008,172409
4,2009,202876
4,2010,198467
4,2011,285897
4,2012,269308
4,2013,319784
4,2014,216941
4,2015,293486
4,2016,256771
4,2017,256890
4,2018,242243
4,2019,209204
40,1961,3991
40,1962,3991
40,1963,4082
40,1964,3992
40,1965,3810
40,1966,3992
40,1967,4989
40,1968,6000
40,1969,7000
40,1970,8000
40,1971,9000
40,1972,10000
40,1973,10400
40,1974,14300
40,1975,13900
40,1976,13100
40,1977,13800
40,1978,12900
40,1979,13300
40,1980,12600
40,1981,12970
40,1982,13100
40,1983,12900
40,1984,13400
40,1985,12000
40,1986,14700
40,1987,11800
40,1988,14500
40,1989,16000
40,1990,19450
40,1991,11200
40,1992,17000
40,1993,20000
40,1994,28000
40,1995,30000
40,1996,30000
40,1997,28000
40,1998,21000
40,1999,25000
40,2000,28500
40,2001,20500
40,2002,22000
40,2003,26000
40,2004,23000
40,2005,22000
40,2006,20000
40,2007,18000
40,2008,19052
40,2009,18072
40,2010,15005
40,2011,14353
40,2012,14366
40,2013,14369
40,2014,11050
40,2015,7984
40,2016,7842
40,2017,6654
40,2018,5873
40,2019,5868
41,1992,5000
41,1993,5000
41,1994,8000
41,1995,10000
41,1996,15000
41,1997,15000
41,1998,16500
41,1999,20000
41,2000,25000
41,2001,28000
41,2002,27000
41,2003,28000
41,2004,39500
41,2005,45000
41,2006,35000
41,2007,38000
41,2008,42000
41,2009,43000
41,2010,44576
41,2011,47861
41,2012,49156
41,2013,50932
41,2014,52597
41,2015,54158
41,2016,55634
41,2017,57332
41,2018,59030
41,2019,60728
50,1961,914
50,1962,914
50,1963,953
50,1964,508
50,1965,691
50,1966,1118
50,1967,1524
50,1968,1321
50,1969,1219
50,1970,2032
50,1971,1829
50,1972,1930
50,1973,2134
50,1974,1321
50,1975,1270
50,1976,1626
50,1977,1321
50,1978,1270
50,1979,508
50,1980,1219
50,1981,559
50,1982,1016
50,1983,1100
50,1984,500
50,1985,800
50,1986,400
50,1987,1000
50,1988,1100
50,1989,1200
50,1990,1000
50,1991,1200
50,1992,1650
50,1993,2600
50,1994,1800
50,1995,2500
50,1996,2000
50,1997,1700
50,1998,2600
50,1999,2200
50,2000,2220
50,2001,1900
50,2002,2000
50,2003,800
50,2004,1159
50,2005,1730
50,2006,1801
50,2007,1887
50,2008,1024
50,2009,1055
50,2010,986
50,2011,924
50,2012,927
50,2013,824
50,2014,758
50,2015,1090
50,2016,819
50,2017,1062
50,2018,920
50,2019,960
5000,1961,1317607
5000,1962,1087534
5000,1963,1318117
5000,1964,1291201
5000,1965,1362005
5000,1966,1268849
5000,1967,1562896
5000,1968,1532289
5000,1969,1618039
5000,1970,1630277
5000,1971,1475632
5000,1972,1508780
5000,1973,1701975
5000,1974,1719960
5000,1975,1546572
5000,1976,1790840
5000,1977,1517020
5000,1978,1534821
5000,1979,1505945
5000,1980,1734556
5000,1981,1860438
5000,1982,1869665
5000,1983,2003532
5000,1984,1987417
5000,1985,2028885
5000,1986,2079897
5000,1987,1895085
5000,1988,2221037
5000,1989,2401631
5000,1990,2189110
5000,1991,2027540
5000,1992,2482842
5000,1993,2296010
5000,1994,2516530
5000,1995,2088707
5000,1996,2563255
5000,1997,2404556
5000,1998,2500419
5000,1999,2641406
5000,2000,2863010
5000,2001,2641008
5000,2002,2616307
5000,2003,2891453
5000,2004,2784215
5000,2005,3625967
5000,2006,3462297
5000,2007,3294153
5000,2008,3685125
5000,2009,3756410
5000,2010,3303442
5000,2011,3811995
5000,2012,3861767
5000,2013,4089752
5000,2014,3340996
5000,2015,3944940
5000,2016,4186243
5000,2017,4796280
5000,2018,3901256
5000,2019,4083861
51,1961,30606
51,1962,14768
51,1963,25995
51,1964,15035
51,1965,11397
51,1966,21652
51,1967,27315
51,1968,17700
51,1969,40781
51,1970,34228
51,1971,8262
51,1972,17014
51,1973,12445
51,1974,21704
51,1975,5894
51,1976,14288
51,1977,3743
51,1978,14588
51,1979,9436
51,1980,25349
51,1981,9299
51,1982,18672
51,1983,22042
51,1984,23702
51,1985,12683
51,1986,23327
51,1987,8330
51,1988,6580
51,1989,42312
51,1990,28637
51,1991,11312
51,1992,30120
5100,1961,57505
5100,1962,72693
5100,1963,73061
5100,1964,81364
5100,1965,91652
5100,1966,113755
5100,1967,127302
5100,1968,123140
5100,1969,118171
5100,1970,128600
5100,1971,133340
5100,1972,129043
5100,1973,124646
5100,1974,145005
5100,1975,142503
5100,1976,155299
5100,1977,156128
5100,1978,162097
5100,1979,173429
5100,1980,171375
5100,1981,200807
5100,1982,185735
5100,1983,227922
5100,1984,217553
5100,1985,203175
5100,1986,228916
5100,1987,240986
5100,1988,244938
5100,1989,263621
5100,1990,237983
5100,1991,264200
5100,1992,237309
5100,1993,321061
5100,1994,264101
5100,1995,276271
5100,1996,314472
5100,1997,312330
5100,1998,323843
5100,1999,325250
5100,2000,341035
5100,2001,337145
5100,2002,347921
5100,2003,393195
5100,2004,349051
5100,2005,427462
5100,2006,500434
5100,2007,424202
5100,2008,484443
5100,2009,549187
5100,2010,517608
5100,2011,654544
5100,2012,604355
5100,2013,612429
5100,2014,497760
5100,2015,601604
5100,2016,504031
5100,2017,557045
5100,2018,531415
5100,2019,510119
5101,1961,310
5101,1962,310
5101,1963,410
5101,1964,410
5101,1965,510
5101,1966,510
5101,1967,510
5101,1968,410
5101,1969,310
5101,1970,210
5101,1971,169
5101,1972,330
5101,1973,340
5101,1974,240
5101,1975,330
5101,1976,355
5101,1977,415
5101,1978,531
5101,1979,596
5101,1980,709
5101,1981,785
5101,1982,1040
5101,1983,1081
5101,1984,1214
5101,1985,1257
5101,1986,995
5101,1987,1028
5101,1988,1008
5101,1989,1052
5101,1990,1130
5101,1991,1064
5101,1992,1105
5101,1993,1154
5101,1994,1052
5101,1995,1144
5101,1996,1190
5101,1997,1251
5101,1998,1239
5101,1999,1353
5101,2000,1295
5101,2001,1314
5101,2002,1337
5101,2003,1343
5101,2004,1350
5101,2005,1363
5101,2006,1357
5101,2007,1411
5101,2008,1409
5101,2009,1462
5101,2010,1478
5101,2011,1479
5101,2012,1516
5101,2013,1466
5101,2014,1501
5101,2015,1543
5101,2016,1551
5101,2017,1565
5101,2018,1579
5101,2019,1594
5102,1985,400
5102,1986,400
5102,1987,400
5102,1988,400
5102,1989,400
5102,1990,358
5102,1991,409
5102,1992,411
5102,1993,410
5102,1994,417
5102,1995,422
5102,1996,430
5102,1997,432
5102,1998,440
5102,1999,440
5102,2000,450
5102,2001,450
5102,2002,460
5102,2003,470
5102,2004,470
5102,2005,524
5102,2006,562
5102,2007,599
5102,2008,626
5102,2009,680
5102,2010,680
5102,2011,757
5102,2012,850
5102,2013,875
5102,2014,922
5102,2015,957
5102,2016,1006
5102,2017,1052
5102,2018,1099
5102,2019,1146
5103,1961,35393
5103,1962,43982
5103,1963,48128
5103,1964,47549
5103,1965,62510
5103,1966,89605
5103,1967,103695
5103,1968,93983
5103,1969,100076
5103,1970,103250
5103,1971,107899
5103,1972,107646
5103,1973,105929
5103,1974,115060
5103,1975,119030
5103,1976,119298
5103,1977,125902
5103,1978,128602
5103,1979,130904
5103,1980,131803
5103,1981,154180
5103,1982,149751
5103,1983,180672
5103,1984,176339
5103,1985,168908
5103,1986,161533
5103,1987,173570
5103,1988,187140
5103,1989,204585
5103,1990,180793
5103,1991,214258
5103,1992,187618
5103,1993,273687
5103,1994,215189
5103,1995,214236
5103,1996,258211
5103,1997,225102
5103,1998,262520
5103,1999,270282
5103,2000,283067
5103,2001,284933
5103,2002,304003
5103,2003,320226
5103,2004,290014
5103,2005,365697
5103,2006,445256
5103,2007,366909
5103,2008,438790
5103,2009,500451
5103,2010,471104
5103,2011,594790
5103,2012,549485
5103,2013,568328
5103,2014,460102
5103,2015,550739
5103,2016,475565
5103,2017,523791
5103,2018,502225
5103,2019,482121
5104,1961,21802
5104,1962,28401
5104,1963,24523
5104,1964,33405
5104,1965,28632
5104,1966,23640
5104,1967,23097
5104,1968,28747
5104,1969,17785
5104,1970,25140
5104,1971,25272
5104,1972,21067
5104,1973,18377
5104,1974,29705
5104,1975,23143
5104,1976,35646
5104,1977,29811
5104,1978,32964
5104,1979,41929
5104,1980,38863
5104,1981,45842
5104,1982,34944
5104,1983,46169
5104,1984,40000
5104,1985,32610
5104,1986,65988
5104,1987,65988
5104,1988,56390
5104,1989,57584
5104,1990,55702
5104,1991,48469
5104,1992,48175
5104,1993,45810
5104,1994,47443
5104,1995,60469
5104,1996,54641
5104,1997,85545
5104,1998,59644
5104,1999,53175
5104,2000,56223
5104,2001,50448
5104,2002,42121
5104,2003,71156
5104,2004,57217
5104,2005,59878
5104,2006,53259
5104,2007,55283
5104,2008,43618
5104,2009,46594
5104,2010,44346
5104,2011,57518
5104,2012,52504
5104,2013,41760
5104,2014,35235
5104,2015,48365
5104,2016,25909
5104,2017,30637
5104,2018,26512
5104,2019,25258
52,1992,13851
52,1993,11968
52,1994,11177
52,1995,11208
52,1996,11097
52,1997,10603
52,1998,13463
52,1999,11506
52,2000,13014
52,2001,13298
52,2002,12994
52,2003,12912
52,2004,6820
52,2005,16171
52,2006,18680
52,2007,19050
52,2008,21494
52,2009,20181
52,2010,19248
52,2011,18680
52,2012,23952
52,2013,23923
52,2014,21698
52,2015,23971
52,2016,25387
52,2017,26920
52,2018,28566
52,2019,29252
5200,1961,203781
5200,1962,180673
5200,1963,206644
5200,1964,231648
5200,1965,229351
5200,1966,206511
5200,1967,167113
5200,1968,170418
5200,1969,239135
5200,1970,196522
5200,1971,209431
5200,1972,155271
5200,1973,175635
5200,1974,129500
5200,1975,210792
5200,1976,185872
5200,1977,184569
5200,1978,160270
5200,1979,177290
5200,1980,162011
5200,1981,115230
5200,1982,176082
5200,1983,148735
5200,1984,186869
5200,1985,163189
5200,1986,81128
5200,1987,133385
5200,1988,135815
5200,1989,143990
5200,1990,154318
5200,1991,121031
5200,1992,141362
5200,1993,134179
5200,1994,194061
5200,1995,113086
5200,1996,124485
5200,1997,185904
5200,1998,159848
5200,1999,138519
5200,2000,144287
5200,2001,123456
5200,2002,132227
5200,2003,143208
5200,2004,143380
5200,2005,125012
5200,2006,88621
5200,2007,126524
5200,2008,122316
5200,2009,109693
5200,2010,103888
5200,2011,103076
5200,2012,98394
5200,2013,98537
5200,2014,99243
5200,2015,75615
5200,2016,95410
5200,2017,77481
5200,2018,71455
5200,2019,82122
5203,1961,178193
5203,1962,157350
5203,1963,182328
5203,1964,208447
5203,1965,205476
5203,1966,181867
5203,1967,136820
5203,1968,138703
5203,1969,207418
5203,1970,162202
5203,1971,172151
5203,1972,118612
5203,1973,146601
5203,1974,87752
5203,1975,169441
5203,1976,143050
5203,1977,136354
5203,1978,117017
5203,1979,133694
5203,1980,120547
5203,1981,83060
5203,1982,109994
5203,1983,86540
5203,1984,117713
5203,1985,121114
5203,1986,51940
5203,1987,106649
5203,1988,94977
5203,1989,109269
5203,1990,113041
5203,1991,87527
5203,1992,97617
5203,1993,89288
5203,1994,140455
5203,1995,56639
5203,1996,73057
5203,1997,127659
5203,1998,108367
5203,1999,82876
5203,2000,88942
5203,2001,76176
5203,2002,82664
5203,2003,89743
5203,2004,92993
5203,2005,75688
5203,2006,41177
5203,2007,81138
5203,2008,75119
5203,2009,63254
5203,2010,60838
5203,2011,60986
5203,2012,55865
5203,2013,56030
5203,2014,59859
5203,2015,38989
5203,2016,59283
5203,2017,42448
5203,2018,36947
5203,2019,47522
5204,1961,5829
5204,1962,5741
5204,1963,6584
5204,1964,6866
5204,1965,7168
5204,1966,7352
5204,1967,7504
5204,1968,7810
5204,1969,6917
5204,1970,8714
5204,1971,9713
5204,1972,7808
5204,1973,10493
5204,1974,8504
5204,1975,7536
5204,1976,7257
5204,1977,7637
5204,1978,6508
5204,1979,4468
5204,1980,7082
5204,1981,7715
5204,1982,33135
5204,1983,22836
5204,1984,26452
5204,1985,3524
5204,1986,1805
5204,1987,2725
5204,1988,2717
5204,1989,1535
5204,1990,2062
5204,1991,2799
5204,1992,3699
5204,1993,2522
5204,1994,2052
5204,1995,3538
5204,1996,2188
5204,1997,2453
5204,1998,1942
5204,1999,2162
5204,2000,2067
5204,2001,1619
5204,2002,2079
5204,2003,1720
5204,2004,1532
5204,2005,1298
5204,2006,1696
5204,2007,1326
5204,2008,1387
5204,2009,1333
5204,2010,1291
5204,2011,863
5204,2012,1130
5204,2013,996
5204,2014,922
5204,2015,1087
5204,2016,848
5204,2017,833
5204,2018,980
5204,2019,967
5206,1972,10
5206,1973,10
5206,1974,100
5206,1975,100
5206,1976,100
5206,1977,55
5206,1978,25
5206,1979,25
5206,1980,10
5206,1981,10
5206,1982,10
5206,1983,36
5206,1984,36
5206,1985,36
5206,1986,36
5206,1987,36
5206,1988,36
5206,1989,30
5206,1990,20
5206,1991,21
5206,1992,22
5206,1993,22
5206,1994,22
5206,1995,22
5206,1996,23
5206,1997,23
5206,1998,23
5206,1999,23
5206,2000,23
5206,2001,23
5206,2002,24
5206,2003,24
5206,2004,24
5206,2005,24
5206,2006,24
5207,1961,19759
5207,1962,17582
5207,1963,17732
5207,1964,16335
5207,1965,16707
5207,1966,17292
5207,1967,22789
5207,1968,23905
5207,1969,24800
5207,1970,25606
5207,1971,27567
5207,1972,28841
5207,1973,18531
5207,1974,33144
5207,1975,33715
5207,1976,35465
5207,1977,40523
5207,1978,36720
5207,1979,39103
5207,1980,34372
5207,1981,24445
5207,1982,32943
5207,1983,39323
5207,1984,42668
5207,1985,38515
5207,1986,27347
5207,1987,23975
5207,1988,38085
5207,1989,33156
5207,1990,39195
5207,1991,30684
5207,1992,40024
5207,1993,42347
5207,1994,51532
5207,1995,52887
5207,1996,49217
5207,1997,55769
5207,1998,49516
5207,1999,53458
5207,2000,53255
5207,2001,45638
5207,2002,47460
5207,2003,51721
5207,2004,48831
5207,2005,48002
5207,2006,45724
5207,2007,44060
5207,2008,45810
5207,2009,45106
5207,2010,41759
5207,2011,41227
5207,2012,41399
5207,2013,41511
5207,2014,38462
5207,2015,35539
5207,2016,35279
5207,2017,34200
5207,2018,33528
5207,2019,33633
5300,1961,264507
5300,1962,263671
5300,1963,197462
5300,1964,263583
5300,1965,240876
5300,1966,211601
5300,1967,315866
5300,1968,357726
5300,1969,329123
5300,1970,328195
5300,1971,304927
5300,1972,380295
5300,1973,402876
5300,1974,386338
5300,1975,455854
5300,1976,473722
5300,1977,412831
5300,1978,440232
5300,1979,456567
5300,1980,483184
5300,1981,486448
5300,1982,566003
5300,1983,600385
5300,1984,618689
5300,1985,619590
5300,1986,769525
5300,1987,618903
5300,1988,853261
5300,1989,873477
5300,1990,769446
5300,1991,738003
5300,1992,1086026
5300,1993,944258
5300,1994,1203179
5300,1995,1029292
5300,1996,1128591
5300,1997,1143878
5300,1998,1370254
5300,1999,1235541
5300,2000,1493982
5300,2001,1461304
5300,2002,1346994
5300,2003,1549734
5300,2004,1350642
5300,2005,2120551
5300,2006,1986829
5300,2007,1953543
5300,2008,2290144
5300,2009,2214778
5300,2010,1878782
5300,2011,2142025
5300,2012,2295018
5300,2013,2485471
5300,2014,1825710
5300,2015,2363942
5300,2016,2209244
5300,2017,2649774
5300,2018,2346090
5300,2019,2478274
5301,1992,136400
5301,1993,113500
5301,1994,113700
5301,1995,106400
5301,1996,114800
5301,1997,108100
5301,1998,98500
5301,1999,84700
5301,2000,122140
5301,2001,143456
5301,2002,155745
5301,2003,134151
5301,2004,224440
5301,2005,232630
5301,2006,313007
5301,2007,303640
5301,2008,359180
5301,2009,381150
5301,2010,412830
5301,2011,476945
5301,2012,532830
5301,2013,587171
5301,2014,660586
5301,2015,713792
5301,2016,676291
5301,2017,639809
5301,2018,605275
5301,2019,651973
5302,1961,2802
5302,1962,3217
5302,1963,4226
5302,1964,6877
5302,1965,10102
5302,1966,9775
5302,1967,12408
5302,1968,17513
5302,1969,24166
5302,1970,25967
5302,1971,14688
5302,1972,21039
5302,1973,27679
5302,1974,22125
5302,1975,22063
5302,1976,27278
5302,1977,28309
5302,1978,32998
5302,1979,32023
5302,1980,58750
5302,1981,74492
5302,1982,43939
5302,1983,24916
5302,1984,55653
5302,1985,55136
5302,1986,58946
5302,1987,55954
5302,1988,80087
5302,1989,95286
5302,1990,85005
5302,1991,61705
5302,1992,72807
5302,1993,52722
5302,1994,79517
5302,1995,48022
5302,1996,105505
5302,1997,109090
5302,1998,67049
5302,1999,194476
5302,2000,209517
5302,2001,207656
5302,2002,184818
5302,2003,170174
5302,2004,210109
5302,2005,213937
5302,2006,202701
5302,2007,196434
5302,2008,198812
5302,2009,205090
5302,2010,186671
5302,2011,196771
5302,2012,171036
5302,2013,205338
5302,2014,198706
5302,2015,184531
5302,2016,164947
5302,2017,159697
5302,2018,188812
5302,2019,157098
5303,1961,109963
5303,1962,113694
5303,1963,70249
5303,1964,96648
5303,1965,101616
5303,1966,111500
5303,1967,125700
5303,1968,133200
5303,1969,143400
5303,1970,143000
5303,1971,136610
5303,1972,141960
5303,1973,157360
5303,1974,160300
5303,1975,159674
5303,1976,163345
5303,1977,143399
5303,1978,139603
5303,1979,142100
5303,1980,144768
5303,1981,145222
5303,1982,160522
5303,1983,171336
5303,1984,187700
5303,1985,200123
5303,1986,215434
5303,1987,199752
5303,1988,232381
5303,1989,196567
5303,1990,208904
5303,1991,250815
5303,1992,325923
5303,1993,359931
5303,1994,411918
5303,1995,444333
5303,1996,469902
5303,1997,493809
5303,1998,511105
5303,1999,439008
5303,2000,428776
5303,2001,480276
5303,2002,477147
5303,2003,585217
5303,2004,429504
5303,2005,534339
5303,2006,748696
5303,2007,678337
5303,2008,737589
5303,2009,703064
5303,2010,659225
5303,2011,618116
5303,2012,587530
5303,2013,663475
5303,2014,517829
5303,2015,529540
5303,2016,441571
5303,2017,621097
5303,2018,548747
5303,2019,581812
5305,1961,151742
5305,1962,146760
5305,1963,122987
5305,1964,160058
5305,1965,129158
5305,1966,90326
5305,1967,177758
5305,1968,207013
5305,1969,161557
5305,1970,159228
5305,1971,153629
5305,1972,217296
5305,1973,217837
5305,1974,203913
5305,1975,274117
5305,1976,283099
5305,1977,241123
5305,1978,267631
5305,1979,282444
5305,1980,279666
5305,1981,266734
5305,1982,361542
5305,1983,404133
5305,1984,375336
5305,1985,364331
5305,1986,495145
5305,1987,363197
5305,1988,540793
5305,1989,581624
5305,1990,475537
5305,1991,425483
5305,1992,550896
5305,1993,418105
5305,1994,598044
5305,1995,430537
5305,1996,438384
5305,1997,432879
5305,1998,693600
5305,1999,517357
5305,2000,733549
5305,2001,629916
5305,2002,529284
5305,2003,660192
5305,2004,486589
5305,2005,1139645
5305,2006,722425
5305,2007,775132
5305,2008,994563
5305,2009,925474
5305,2010,620056
5305,2011,850193
5305,2012,1003622
5305,2013,1029487
5305,2014,448589
5305,2015,936079
5305,2016,926435
5305,2017,1229171
5305,2018,1003256
5305,2019,1087391
54,2018,0
54,2019,0
5400,1961,747433
5400,1962,526026
5400,1963,793389
5400,1964,673562
5400,1965,752503
5400,1966,693376
5400,1967,894645
5400,1968,843033
5400,1969,882976
5400,1970,930751
5400,1971,767550
5400,1972,790241
5400,1973,947849
5400,1974,1014187
5400,1975,704452
5400,1976,945068
5400,1977,731084
5400,1978,742362
5400,1979,660868
5400,1980,885293
5400,1981,1020794
5400,1982,907520
5400,1983,994240
5400,1984,932666
5400,1985,1009071
5400,1986,962328
5400,1987,866592
5400,1988,950168
5400,1989,1085598
5400,1990,987394
5400,1991,870615
5400,1992,981793
5400,1993,859749
5400,1994,826489
5400,1995,632705
5400,1996,967367
5400,1997,729024
5400,1998,619193
5400,1999,913213
5400,2000,856431
5400,2001,692464
5400,2002,769810
5400,2003,781074
5400,2004,926570
5400,2005,929566
5400,2006,865793
5400,2007,769057
5400,2008,767822
5400,2009,865879
5400,2010,786573
5400,2011,895847
5400,2012,848518
5400,2013,878328
5400,2014,905102
5400,2015,890806
5400,2016,1365733
5400,2017,1503334
5400,2018,940632
5400,2019,1002157
5401,1961,354480
5401,1962,236487
5401,1963,360723
5401,1964,349885
5401,1965,299392
5401,1966,329628
5401,1967,496486
5401,1968,320814
5401,1969,553256
5401,1970,447361
5401,1971,330295
5401,1972,353967
5401,1973,447318
5401,1974,497878
5401,1975,299069
5401,1976,356391
5401,1977,407190
5401,1978,263118
5401,1979,234500
5401,1980,446841
5401,1981,471664
5401,1982,321749
5401,1983,383188
5401,1984,304153
5401,1985,370981
5401,1986,364188
5401,1987,275959
5401,1988,313365
5401,1989,434413
5401,1990,386419
5401,1991,279928
5401,1992,286883
5401,1993,276306
5401,1994,154798
5401,1995,197511
5401,1996,343053
5401,1997,246555
5401,1998,187653
5401,1999,209937
5401,2000,251910
5401,2001,166705
5401,2002,170972
5401,2003,295831
5401,2004,271614
5401,2005,266907
5401,2006,170392
5401,2007,205578
5401,2008,233939
5401,2009,226704
5401,2010,201301
5401,2011,266355
5401,2012,179852
5401,2013,283179
5401,2014,218213
5401,2015,206513
5401,2016,237273
5401,2017,236279
5401,2018,256039
5401,2019,251601
5402,2018,0
5402,2019,0
5403,1961,250191
5403,1962,212060
5403,1963,216776
5403,1964,262098
5403,1965,323704
5403,1966,295582
5403,1967,272618
5403,1968,357118
5403,1969,237219
5403,1970,355088
5403,1971,320105
5403,1972,322046
5403,1973,329644
5403,1974,437480
5403,1975,338313
5403,1976,438539
5403,1977,244935
5403,1978,379656
5403,1979,355724
5403,1980,337533
5403,1981,451663
5403,1982,485354
5403,1983,482126
5403,1984,522533
5403,1985,510263
5403,1986,464633
5403,1987,470418
5403,1988,530078
5403,1989,497301
5403,1990,470732
5403,1991,467527
5403,1992,504806
5403,1993,495374
5403,1994,502684
5403,1995,312350
5403,1996,429104
5403,1997,308713
5403,1998,339583
5403,1999,494665
5403,2000,452643
5403,2001,417324
5403,2002,422235
5403,2003,348640
5403,2004,466604
5403,2005,467056
5403,2006,483492
5403,2007,415802
5403,2008,418102
5403,2009,414583
5403,2010,429124
5403,2011,463173
5403,2012,481521
5403,2013,447160
5403,2014,491698
5403,2015,507653
5403,2016,510453
5403,2017,600686
5403,2018,553000
5403,2019,595229
5404,1961,142762
5404,1962,77479
5404,1963,215890
5404,1964,61579
5404,1965,129407
5404,1966,68166
5404,1967,125541
5404,1968,165101
5404,1969,92501
5404,1970,128302
5404,1971,117150
5404,1972,114228
5404,1973,170887
5404,1974,78829
5404,1975,67070
5404,1976,150138
5404,1977,78959
5404,1978,99588
5404,1979,70644
5404,1980,100919
5404,1981,97467
5404,1982,100417
5404,1983,128926
5404,1984,105980
5404,1985,127827
5404,1986,133507
5404,1987,120215
5404,1988,106725
5404,1989,153884
5404,1990,130243
5404,1991,123160
5404,1992,190104
5404,1993,88069
5404,1994,169007
5404,1995,122844
5404,1996,195210
5404,1997,173756
5404,1998,91957
5404,1999,208611
5404,2000,151878
5404,2001,108435
5404,2002,176603
5404,2003,136603
5404,2004,188352
5404,2005,195603
5404,2006,211909
5404,2007,147677
5404,2008,115781
5404,2009,224592
5404,2010,156148
5404,2011,166319
5404,2012,187145
5404,2013,147989
5404,2014,195191
5404,2015,176640
5404,2016,618007
5404,2017,666369
5404,2018,131593
5404,2019,155327
5500,1961,44381
5500,1962,44471
5500,1963,47561
5500,1964,41044
5500,1965,47623
5500,1966,43606
5500,1967,57970
5500,1968,37972
5500,1969,48634
5500,1970,46209
5500,1971,60384
5500,1972,53930
5500,1973,50969
5500,1974,44930
5500,1975,32971
5500,1976,30879
5500,1977,32408
5500,1978,29860
5500,1979,37791
5500,1980,32693
5500,1981,37159
5500,1982,34325
5500,1983,32250
5500,1984,31640
5500,1985,33860
5500,1986,38000
5500,1987,35219
5500,1988,36855
5500,1989,34945
5500,1990,39969
5500,1991,33691
5500,1992,36352
5500,1993,36763
5500,1994,28700
5500,1995,37353
5500,1996,28340
5500,1997,33420
5500,1998,27281
5500,1999,28883
5500,2000,27275
5500,2001,26639
5500,2002,19355
5500,2003,24242
5500,2004,14572
5500,2005,23376
5500,2006,20620
5500,2007,20827
5500,2008,20400
5500,2009,16873
5500,2010,16591
5500,2011,16503
5500,2012,15482
5500,2013,14987
5500,2014,13181
5500,2015,12973
5500,2016,11825
5500,2017,8646
5500,2018,11664
5500,2019,11189
5501,1961,44381
5501,1962,44471
5501,1963,47561
5501,1964,41044
5501,1965,47623
5501,1966,43606
5501,1967,57970
5501,1968,37972
5501,1969,48634
5501,1970,46209
5501,1971,60384
5501,1972,53930
5501,1973,50969
5501,1974,44930
5501,1975,32971
5501,1976,30879
5501,1977,32408
5501,1978,29860
5501,1979,37791
5501,1980,32693
5501,1981,37159
5501,1982,34325
5501,1983,32250
5501,1984,31640
5501,1985,33860
5501,1986,38000
5501,1987,35219
5501,1988,36855
5501,1989,34945
5501,1990,39969
5501,1991,33691
5501,1992,36352
5501,1993,36763
5501,1994,28700
5501,1995,37353
5501,1996,28340
5501,1997,33420
5501,1998,27281
5501,1999,28883
5501,2000,27275
5501,2001,26639
5501,2002,19355
5501,2003,24242
5501,2004,14572
5501,2005,23376
5501,2006,20620
5501,2007,20827
5501,2008,20400
5501,2009,16873
5501,2010,16591
5501,2011,16503
5501,2012,15482
5501,2013,14987
5501,2014,13181
5501,2015,12973
5501,2016,11825
5501,2017,8646
5501,2018,11664
5501,2019,11189
5706,1961,544041
5706,1962,363772
5706,1963,581547
5706,1964,448535
5706,1965,543997
5706,1966,494942
5706,1967,571954
5706,1968,638954
5706,1969,541297
5706,1970,610643
5706,1971,510310
5706,1972,539540
5706,1973,609124
5706,1974,644044
5706,1975,513816
5706,1976,670465
5706,1977,416755
5706,1978,562399
5706,1979,496076
5706,1980,549570
5706,1981,620778
5706,1982,674651
5706,1983,689036
5706,1984,713150
5706,1985,754758
5706,1986,672216
5706,1987,633644
5706,1988,699506
5706,1989,757370
5706,1990,686846
5706,1991,642362
5706,1992,766671
5706,1993,667276
5706,1994,734465
5706,1995,470181
5706,1996,723152
5706,1997,550086
5706,1998,495832
5706,1999,768901
5706,2000,658775
5706,2001,570004
5706,2002,614714
5706,2003,555567
5706,2004,698278
5706,2005,735582
5706,2006,762016
5706,2007,595279
5706,2008,580063
5706,2009,677550
5706,2010,615780
5706,2011,657226
5706,2012,683019
5706,2013,624803
5706,2014,722316
5706,2015,711392
5706,2016,1158588
5706,2017,1295023
5706,2018,709370
5706,2019,771200
5707,1961,544041
5707,1962,363772
5707,1963,581547
5707,1964,448535
5707,1965,543997
5707,1966,494942
5707,1967,571954
5707,1968,638954
5707,1969,541297
5707,1970,610643
5707,1971,510310
5707,1972,539540
5707,1973,609124
5707,1974,644044
5707,1975,513816
5707,1976,670465
5707,1977,416755
5707,1978,562399
5707,1979,496076
5707,1980,549570
5707,1981,620778
5707,1982,674651
5707,1983,689036
5707,1984,713150
5707,1985,754758
5707,1986,672216
5707,1987,633644
5707,1988,699506
5707,1989,757370
5707,1990,686846
5707,1991,642362
5707,1992,766671
5707,1993,667276
5707,1994,734465
5707,1995,470181
5707,1996,723152
5707,1997,550086
5707,1998,495832
5707,1999,768901
5707,2000,658775
5707,2001,570004
5707,2002,614714
5707,2003,555567
5707,2004,698278
5707,2005,735582
5707,2006,762016
5707,2007,595279
5707,2008,580063
5707,2009,677550
5707,2010,615780
5707,2011,657226
5707,2012,683019
5707,2013,624803
5707,2014,722316
5707,2015,711392
5707,2016,1158588
5707,2017,1295023
5707,2018,709370
5707,2019,771200
58,1961,368
58,1962,191
58,1963,200
58,1964,243
58,1965,197
58,1966,300
58,1967,300
58,1968,305
58,1969,300
58,1970,300
58,1971,300
58,1972,300
58,1973,300
58,1974,300
58,1975,300
58,1976,300
58,1977,300
58,1978,300
58,1979,300
58,1980,300
58,1981,300
58,1982,300
58,1983,300
58,1984,300
58,1985,300
58,1986,300
58,1987,300
58,1988,300
58,1989,300
58,1990,334
58,1991,316
58,1992,318
58,1993,320
58,1994,320
58,1995,447
58,1996,500
58,1997,300
58,1998,280
58,1999,313
58,2000,315
58,2001,290
58,2002,295
58,2003,294
58,2004,300
58,2005,320
58,2006,330
58,2007,350
58,2008,380
58,2009,400
58,2010,377
58,2011,378
58,2012,400
58,2013,377
58,2014,354
58,2015,356
58,2016,355
58,2017,356
58,2018,357
58,2019,358
5801,1961,32300
5801,1962,32300
5801,1963,32400
5801,1964,39600
5801,1965,43900
5801,1966,48900
5801,1967,59200
5801,1968,59800
5801,1969,60300
5801,1970,58300
5801,1971,45859
5801,1972,56820
5801,1973,59130
5801,1974,59430
5801,1975,59820
5801,1976,56035
5801,1977,33485
5801,1978,48785
5801,1979,51610
5801,1980,53450
5801,1981,52666
5801,1982,51471
5801,1983,50426
5801,1984,48991
5801,1985,47436
5801,1986,48518
5801,1987,43561
5801,1988,44984
5801,1989,45486
5801,1990,44956
5801,1991,43425
5801,1992,43660
5801,1993,46319
5801,1994,45737
5801,1995,45831
5801,1996,47352
5801,1997,48304
5801,1998,49169
5801,1999,50203
5801,2000,51135
5801,2001,46122
5801,2002,54133
5801,2003,58631
5801,2004,39846
5801,2005,52816
5801,2006,53326
5801,2007,61482
5801,2008,63071
5801,2009,63761
5801,2010,70426
5801,2011,72065
5801,2012,88171
5801,2013,94814
5801,2014,94891
5801,2015,93634
5801,2016,23802
5801,2017,136427
5801,2018,113949
5801,2019,134273
5802,1961,32000
5802,1962,32000
5802,1963,32000
5802,1964,39200
5802,1965,43400
5802,1966,48400
5802,1967,58700
5802,1968,59400
5802,1969,60000
5802,1970,58100
5802,1971,45700
5802,1972,56500
5802,1973,58800
5802,1974,59200
5802,1975,59500
5802,1976,55710
5802,1977,33120
5802,1978,48336
5802,1979,46076
5802,1980,47549
5802,1981,47165
5802,1982,45450
5802,1983,44336
5802,1984,42524
5802,1985,40747
5802,1986,41325
5802,1987,35338
5802,1988,35938
5802,1989,36142
5802,1990,36495
5802,1991,37363
5802,1992,212749
5802,1993,177642
5802,1994,186981
5802,1995,183399
5802,1996,202161
5802,1997,184711
5802,1998,192374
5802,1999,161806
5802,2000,224768
5802,2001,217593
5802,2002,226976
5802,2003,210280
5802,2004,287182
5802,2005,420019
5802,2006,461747
5802,2007,406849
5802,2008,534279
5802,2009,552291
5802,2010,537218
5802,2011,626287
5802,2012,727663
5802,2013,805689
5802,2014,827482
5802,2015,958210
5802,2016,809348
5802,2017,904486
5802,2018,862250
5802,2019,903471
5803,1972,10
5803,1973,10
5803,1974,100
5803,1975,100
5803,1976,100
5803,1977,55
5803,1978,25
5803,1979,25
5803,1980,10
5803,1981,10
5803,1982,10
5803,1983,36
5803,1984,36
5803,1985,36
5803,1986,36
5803,1987,36
5803,1988,36
5803,1989,30
5803,1990,20
5803,1991,21
5803,1992,22
5803,1993,22
5803,1994,22
5803,1995,22
5803,1996,23
5803,1997,23
5803,1998,23
5803,1999,23
5803,2000,23
5803,2001,23
5803,2002,24
5803,2003,24
5803,2004,24
5803,2005,24
5803,2006,24
5815,1961,58738
5815,1962,84017
5815,1963,68544
5815,1964,77316
5815,1965,62377
5815,1966,73410
5815,1967,91247
5815,1968,89377
5815,1969,83885
5815,1970,90754
5815,1971,88148
5815,1972,106826
5815,1973,99143
5815,1974,103852
5815,1975,122740
5815,1976,112345
5815,1977,73953
5815,1978,104213
5815,1979,104796
5815,1980,108483
5815,1981,107499
5815,1982,137989
5815,1983,134565
5815,1984,105059
5815,1985,133208
5815,1986,117145
5815,1987,74276
5815,1988,138366
5815,1989,89938
5815,1990,124094
5815,1991,105798
5815,1992,260347
5815,1993,214483
5815,1994,211757
5815,1995,177389
5815,1996,240182
5815,1997,181045
5815,1998,205845
5815,1999,190110
5815,2000,238853
5815,2001,240695
5815,2002,294817
5815,2003,281736
5815,2004,318912
5815,2005,325587
5815,2006,437517
5815,2007,447947
5815,2008,498605
5815,2009,511163
5815,2010,513850
5815,2011,593865
5815,2012,655386
5815,2013,713632
5815,2014,750056
5815,2015,803542
5815,2016,696323
5815,2017,788977
5815,2018,721734
5815,2019,786226
5817,1961,61983
5817,1962,69731
5817,1963,80238
5817,1964,85203
5817,1965,104011
5817,1966,140732
5817,1967,164187
5817,1968,157832
5817,1969,165862
5817,1970,166516
5817,1971,158364
5817,1972,161682
5817,1973,176431
5817,1974,185058
5817,1975,181056
5817,1976,180923
5817,1977,160411
5817,1978,185584
5817,1979,184785
5817,1980,196243
5817,1981,198102
5817,1982,198693
5817,1983,208344
5817,1984,214660
5817,1985,217241
5817,1986,222090
5817,1987,231975
5817,1988,256864
5817,1989,264460
5817,1990,255743
5817,1991,290622
5817,1992,298465
5817,1993,389514
5817,1994,388373
5817,1995,398251
5817,1996,402617
5817,1997,410236
5817,1998,432734
5817,1999,354306
5817,2000,392043
5817,2001,374536
5817,2002,403744
5817,2003,469092
5817,2004,445193
5817,2005,459501
5817,2006,495907
5817,2007,537309
5817,2008,553716
5817,2009,540614
5817,2010,518840
5817,2011,555401
5817,2012,529635
5817,2013,503549
5817,2014,490617
5817,2015,508982
5817,2016,393710
5817,2017,536661
5817,2018,475496
5817,2019,509901
59,1961,5573
59,1962,8177
59,1963,7728
59,1964,6789
59,1965,5940
59,1966,10034
59,1967,14000
59,1968,9000
59,1969,11000
59,1970,11000
59,1971,11000
59,1972,12000
59,1973,13000
59,1974,15500
59,1975,13800
59,1976,11585
59,1977,8930
59,1978,18707
59,1979,14826
59,1980,17470
59,1981,22768
59,1982,23000
59,1983,25000
59,1984,24000
59,1985,23000
59,1986,21000
59,1987,29000
59,1988,33000
59,1989,42000
59,1990,38000
59,1991,24795
59,1992,44833
59,1993,45000
59,1994,43000
59,1995,53948
59,1996,50611
59,1997,40652
59,1998,45110
59,1999,43042
59,2000,62613
59,2001,71191
59,2002,103070
59,2003,70424
59,2004,72523
59,2005,73000
59,2006,100799
59,2007,101139
59,2008,106165
59,2009,112977
59,2010,92704
59,2011,96643
59,2012,98772
59,2013,92444
59,2014,97522
59,2015,94831
59,2016,89792
59,2017,96357
59,2018,94203
59,2019,98295
63,2018,0
63,2019,0
67,2018,0
67,2019,0
68,1961,93910
68,1962,53220
68,1963,161280
68,1964,34340
68,1965,109680
68,1966,42967
68,1967,94215
68,1968,130200
68,1969,56012
68,1970,96180
68,1971,92180
68,1972,90980
68,1973,152020
68,1974,56240
68,1975,55570
68,1976,130202
68,1977,66873
68,1978,77000
68,1979,52000
68,1980,79000
68,1981,82000
68,1982,73600
68,1983,105200
68,1984,83300
68,1985,102500
68,1986,113500
68,1987,96800
68,1988,96200
68,1989,122500
68,1990,110432
68,1991,106596
68,1992,167583
68,1993,78562
68,1994,155072
68,1995,101239
68,1996,176239
68,1997,159338
68,1998,78829
68,1999,182732
68,2000,130787
68,2001,95910
68,2002,165695
68,2003,116600
68,2004,165056
68,2005,177136
68,2006,179812
68,2007,126409
68,2008,94516
68,2009,190382
68,2010,143212
68,2011,148648
68,2012,175228
68,2013,127158
68,2014,175760
68,2015,159375
68,2016,603268
68,2017,654938
68,2018,112890
68,2019,134800
73,1992,4500
73,1993,4000
73,1994,5500
73,1995,6000
73,1996,6000
73,1997,3000
73,1998,1956
73,1999,2344
73,2000,1744
73,2001,1395
73,2002,596
73,2003,1820
73,2004,500
73,2005,1489
73,2006,510
73,2007,300
73,2008,700
73,2009,200
73,2010,800
73,2011,300
73,2012,700
73,2013,700
73,2014,1000
73,2015,700
73,2016,1500
73,2017,600
73,2018,900
73,2019,1200
79,1961,2900
79,1962,2000
79,1963,4198
79,1964,3100
79,1965,1751
79,1966,1588
79,1967,3593
79,1968,6621
79,1969,3800
79,1970,5725
79,1971,5600
79,1972,2700
79,1973,4500
79,1974,6000
79,1975,1231
79,1976,1440
79,1977,1782
79,1978,2987
79,1979,1244
79,1980,2646
79,1981,1298
79,1982,2560
79,1983,1503
79,1984,2128
79,1985,1753
79,1986,2046
79,1987,1809
79,1988,1591
79,1989,1700
79,1990,1766
79,1991,900
79,1992,500
79,1993,200
79,1994,100
79,1995,200
79,1996,300
79,1997,100
79,1998,200
79,1999,200
79,2000,300
79,2001,100
79,2002,200
79,2003,185
79,2004,489
79,2005,216
79,2006,300
79,2007,310
79,2008,320
79,2009,350
79,2010,352
79,2011,245
79,2012,243
79,2013,234
79,2014,220
79,2015,232
79,2016,229
79,2017,227
80,1993,360
80,1994,375
80,1995,387
80,1996,385
80,1997,394
80,1998,487
80,1999,505
80,2000,486
80,2001,337
80,2002,500
80,2003,499
80,2004,716
80,2005,522
80,2006,837
80,2007,837
80,2008,614
80,2009,1077
80,2010,1242
80,2011,1395
80,2012,1031
80,2013,1048
80,2014,805
80,2015,930
80,2016,1000
80,2017,1203
80,2018,843
80,2019,1034
84,1961,22295
84,1962,22620
84,1963,21216
84,1964,27768
84,1965,27244
84,1966,29882
84,1967,38418
84,1968,35908
84,1969,28182
84,1970,43066
84,1971,40798
84,1972,49549
84,1973,49970
84,1974,70052
84,1975,75192
84,1976,87020
84,1977,72188
84,1978,61407
84,1979,77360
84,1980,96000
84,1981,128307
84,1982,102021
84,1983,136897
84,1984,93712
84,1985,131329
84,1986,95733
84,1987,108376
84,1988,149041
84,1989,98630
84,1990,113211
84,1991,69196
84,1992,86276
84,1993,87588
84,1994,86779
84,1995,42810
84,1996,53492
84,1997,47159
84,1998,38922
84,1999,92336
84,2000,83634
84,2001,70771
84,2002,70272
84,2003,59884
84,2004,89538
84,2005,73613
84,2006,71586
84,2007,78434
84,2008,69073
84,2009,60205
84,2010,62705
84,2011,66790
84,2012,79457
84,2013,74718
84,2014,90038
84,2015,94799
84,2016,94630
84,2017,113782
84,2018,108600
84,2019,118340
87,1972,10
87,1973,10
87,1974,100
87,1975,100
87,1976,100
87,1977,55
87,1978,25
87,1979,25
87,1980,10
87,1981,10
87,1982,10
87,1983,36
87,1984,36
87,1985,36
87,1986,36
87,1987,36
87,1988,36
87,1989,30
87,1990,20
87,1991,21
87,1992,22
87,1993,22
87,1994,22
87,1995,22
87,1996,23
87,1997,23
87,1998,23
87,1999,23
87,2000,23
87,2001,23
87,2002,24
87,2003,24
87,2004,24
87,2005,24
87,2006,24
9,1961,15400
9,1962,13400
9,1963,13450
9,1964,12100
9,1965,12700
9,1966,13000
9,1967,17500
9,1968,17600
9,1969,17500
9,1970,17000
9,1971,17900
9,1972,18100
9,1973,7400
9,1974,18100
9,1975,19000
9,1976,21600
9,1977,26000
9,1978,23000
9,1979,25000
9,1980,21000
9,1981,10700
9,1982,19100
9,1983,25800
9,1984,28600
9,1985,25900
9,1986,12080
9,1987,11550
9,1988,23000
9,1989,16550
9,1990,19100
9,1991,18900
9,1992,22500
9,1993,21800
9,1994,23000
9,1995,22200
9,1996,18500
9,1997,27230
9,1998,28040
9,1999,28000
9,2000,24275
9,2001,24688
9,2002,25000
9,2003,25257
9,2004,25356
9,2005,25502
9,2006,25200
9,2007,25500
9,2008,26158
9,2009,26404
9,2010,26145
9,2011,26271
9,2012,26397
9,2013,26523
9,2014,26818
9,2015,26959
9,2016,26838
9,2017,26943
9,2018,27048
9,2019,27153
97,1961,130400
97,1962,51300
97,1963,104200
97,1964,97900
97,1965,68969
97,1966,80577
97,1967,107259
97,1968,50567
97,1969,130434
97,1970,85409
97,1971,62518
97,1972,83657
97,1973,59717
97,1974,88966
97,1975,35758
97,1976,47863
97,1977,45640
97,1978,39904
97,1979,27285
97,1980,69297
97,1981,35117
97,1982,46269
97,1983,50167
97,1984,42301
97,1985,53801
97,1986,30587
97,1987,26752
97,1988,23476
97,1989,73090
97,1990,42325
97,1991,35592
97,1992,40384
97,1993,36048
97,1994,26883
97,1995,18100
97,1996,44973
97,1997,24805
97,1998,17181
97,1999,38025
97,2000,21408
97,2001,15625
97,2002,6958
97,2003,30790
97,2004,35155
97,2005,25655
97,2006,40281
97,2007,21734
97,2008,26761
97,2009,33457
97,2010,27059
97,2011,24766
97,2012,10780
97,2013,21490
97,2014,23090
97,2015,19855
97,2016,23528
97,2017,24101
97,2018,14330
97,2019,25490
98,1992,1774
98,1993,1503
98,1994,874
98,1995,935
98,1996,1550
98,1997,833
98,1998,1047
98,1999,1399
98,2000,471
98,2001,233
98,2002,338
98,2003,368
98,2004,376
98,2005,261
98,2006,724
98,2007,675
98,2008,869
98,2009,464
98,2010,408
98,2011,675
98,2012,244
98,2013,629
98,2014,364
98,2015,533
98,2016,603
98,2017,726
98,2018,110
98,2019,710
