geo,year,offals_food_supply_quantity_tonnes_fle
1,1992,4907
1,1993,6564
1,1994,7662
1,1995,8061
1,1996,7309
1,1997,7475
1,1998,8053
1,1999,8274.67
1,2000,8582
1,2001,8116
1,2002,8770.67
1,2003,9145
1,2004,8716.67
1,2005,10752.67
1,2006,10622.67
1,2007,12137.33
1,2008,13092
1,2009,12655.67
1,2010,13155.67
1,2011,13192.67
1,2012,14456.67
1,2013,13666.67
1,2014,14574.37
1,2015,15744.48
1,2016,16573.82
1,2017,18029.52
10,1961,91540
10,1962,104142
10,1963,113241
10,1964,118043
10,1965,119633
10,1966,116521
10,1967,109822
10,1968,117182
10,1969,118366
10,1970,131491
10,1971,138807
10,1972,155430
10,1973,163913
10,1974,131673
10,1975,153845
10,1976,176285
10,1977,185978
10,1978,201238
10,1979,184674
10,1980,160143
10,1981,152758
10,1982,156843
10,1983,159169
10,1984,139629
10,1985,140026
10,1986,150009
10,1987,162549
10,1988,165071
10,1989,156946
10,1990,176509
10,1991,180473.67
10,1992,185038.33
10,1993,182762.67
10,1994,185134.33
10,1995,185880.67
10,1996,173672.33
10,1997,179451.33
10,1998,191612.33
10,1999,198036
10,2000,198691.67
10,2001,210395.67
10,2002,201390.33
10,2003,204080
10,2004,195685
10,2005,206478
10,2006,199746.67
10,2007,219714.67
10,2008,203461.33
10,2009,198938
10,2010,189358
10,2011,177883
10,2012,162197.67
10,2013,185780.33
10,2014,225898.93
10,2015,257163.35
10,2016,229168.18
10,2017,189161.6
100,1961,240035
100,1962,245832
100,1963,248283
100,1964,253156
100,1965,257313
100,1966,261465
100,1967,267983
100,1968,274517
100,1969,277963
100,1970,284051
100,1971,291172
100,1972,292990
100,1973,298363
100,1974,305250
100,1975,312309
100,1976,318800
100,1977,326299
100,1978,333153
100,1979,343267
100,1980,353670
100,1981,363514
100,1982,395710
100,1983,397605
100,1984,402072
100,1985,414884
100,1986,419735
100,1987,432549
100,1988,437731
100,1989,442784
100,1990,441562
100,1991,446499
100,1992,453911.97
100,1993,457834
100,1994,461361
100,1995,465072
100,1996,468624
100,1997,472355
100,1998,474346
100,1999,476099.1
100,2000,478218
100,2001,480303
100,2002,482252.94
100,2003,481362.84
100,2004,491400.1
100,2005,499113
100,2006,508201
100,2007,515256
100,2008,514881.89
100,2009,514008
100,2010,524199.99
100,2011,519521.04
100,2012,494551.96
100,2013,474931.97
100,2014,405544.8
100,2015,400672.54
100,2016,394579.2
100,2017,438737.96
101,1961,55565
101,1962,57937
101,1963,57442
101,1964,60531
101,1965,61241
101,1966,59894
101,1967,59340
101,1968,60532
101,1969,60085
101,1970,66947
101,1971,70647
101,1972,74287
101,1973,74380
101,1974,79683
101,1975,81530
101,1976,86461
101,1977,90990
101,1978,91444
101,1979,96483
101,1980,100193
101,1981,107154
101,1982,110779
101,1983,124458
101,1984,132260
101,1985,143357
101,1986,154255
101,1987,159855
101,1988,168012
101,1989,179334
101,1990,194607
101,1991,210803.67
101,1992,232399.67
101,1993,252482.33
101,1994,266814
101,1995,263304.33
101,1996,284415
101,1997,280992.33
101,1998,235565
101,1999,235022
101,2000,262913
101,2001,271406.67
101,2002,309220
101,2003,330436
101,2004,351805.67
101,2005,328343.33
101,2006,370130.33
101,2007,368517
101,2008,411949
101,2009,416591
101,2010,434760
101,2011,448756
101,2012,424082
101,2013,453403
101,2014,429797.96
101,2015,440477.69
101,2016,485471.21
101,2017,511946.75
102,1961,55529
102,1962,58141
102,1963,53924
102,1964,54146
102,1965,54348
102,1966,55249
102,1967,56896
102,1968,58464
102,1969,59925
102,1970,61290
102,1971,63880
102,1972,66442
102,1973,67056
102,1974,69034
102,1975,70229
102,1976,76859
102,1977,81896
102,1978,83144
102,1979,88875
102,1980,86324
102,1981,87129
102,1982,89923
102,1983,91298
102,1984,94213
102,1985,97784
102,1986,102288
102,1987,102616
102,1988,104804
102,1989,115984
102,1990,121920
102,1991,125984
102,1992,130869
102,1993,135466
102,1994,139125
102,1995,144143
102,1996,157758
102,1997,165611
102,1998,169902
102,1999,153943
102,2000,154265
102,2001,154067
102,2002,159829
102,2003,160159
102,2004,166593
102,2005,170225
102,2006,164511
102,2007,164554
102,2008,127373
102,2009,111269
102,2010,98256
102,2011,107712
102,2012,113015
102,2013,98975
102,2014,154464.85
102,2015,171347.22
102,2016,169584.93
102,2017,169999.42
103,1961,17754
103,1962,17879
103,1963,17900
103,1964,17998
103,1965,17235
103,1966,17195
103,1967,17764
103,1968,18340
103,1969,18452
103,1970,19350
103,1971,19097
103,1972,18516
103,1973,17764
103,1974,17209
103,1975,16881
103,1976,18996
103,1977,18707
103,1978,18619
103,1979,18204
103,1980,18889
103,1981,18727
103,1982,18753
103,1983,18206
103,1984,18184
103,1985,16751
103,1986,16176
103,1987,16560
103,1988,17144
103,1989,16493
103,1990,17929
103,1991,10132
103,1992,13567
103,1993,16837
103,1994,15269
103,1995,13283
103,1996,10714
103,1997,13130
103,1998,13546
103,1999,13539
103,2000,14188
103,2001,13516
103,2002,13682
103,2003,11489
103,2004,10205
103,2005,9719
103,2006,9640
103,2007,10182
103,2008,12944
103,2009,13454
103,2010,13527
103,2011,13572
103,2012,13926
103,2013,14348
103,2014,13216.93
103,2015,10906.53
103,2016,10885.81
103,2017,11333.24
104,1961,32078
104,1962,32301
104,1963,30527
104,1964,26163
104,1965,32663
104,1966,31115
104,1967,38628
104,1968,36001
104,1969,38370
104,1970,38882
104,1971,41730
104,1972,37612
104,1973,35786
104,1974,50161
104,1975,61500
104,1976,42347
104,1977,43265
104,1978,42061
104,1979,43190
104,1980,45140
104,1981,36736
104,1982,36587
104,1983,38369
104,1984,36561
104,1985,37043
104,1986,38701
104,1987,44823
104,1988,44897
104,1989,39421.67
104,1990,46460.59
104,1991,48537.55
104,1992,50838.59
104,1993,43931.53
104,1994,49772.12
104,1995,50243.04
104,1996,50474.86
104,1997,50207.82
104,1998,54222.25
104,1999,47905.33
104,2000,45062.35
104,2001,52959
104,2002,41469
104,2003,31647
104,2004,36992.39
104,2005,36638.71
104,2006,28232
104,2007,29068
104,2008,35703
104,2009,26589.33
104,2010,40957.67
104,2011,25837.67
104,2012,18560.33
104,2013,14823.67
104,2014,7085.08
104,2015,8577.89
104,2016,7723.52
104,2017,7766.72
105,1961,6547
105,1962,7554
105,1963,8004
105,1964,9152
105,1965,9456
105,1966,10363
105,1967,10432
105,1968,12292
105,1969,12352
105,1970,12366
105,1971,13747
105,1972,15368
105,1973,13690
105,1974,14680
105,1975,14792
105,1976,17404
105,1977,18241
105,1978,18199
105,1979,18618
105,1980,17507
105,1981,18723
105,1982,19790
105,1983,20744
105,1984,22723
105,1985,21990
105,1986,19731
105,1987,20601
105,1988,23124.57
105,1989,21826
105,1990,20520
105,1991,21978
105,1992,22036
105,1993,22658
105,1994,26456
105,1995,26481
105,1996,27596
105,1997,28166.71
105,1998,28181.71
105,1999,29384
105,2000,38144
105,2001,36300.14
105,2002,38360.43
105,2003,41662.14
105,2004,39375
105,2005,43250.43
105,2006,44550.86
105,2007,46196
105,2008,47613
105,2009,47279
105,2010,48916
105,2011,50042.14
105,2012,52168
105,2013,50385
105,2014,25843.28
105,2015,27910.63
105,2016,26542.71
105,2017,29157.27
106,1961,100489
106,1962,105411
106,1963,100235
106,1964,103112
106,1965,108105
106,1966,119545
106,1967,128997
106,1968,143807
106,1969,149870
106,1970,158929
106,1971,163263
106,1972,158497
106,1973,163439
106,1974,175298
106,1975,164914
106,1976,172832
106,1977,184690
106,1978,182826
106,1979,191673
106,1980,198377
106,1981,193236
106,1982,192801
106,1983,204925
106,1984,212085
106,1985,212346
106,1986,212590
106,1987,214545
106,1988,207641
106,1989,210834
106,1990,216052
106,1991,216838.33
106,1992,221318
106,1993,216866
106,1994,216084
106,1995,215275
106,1996,215201
106,1997,203168.67
106,1998,202648.33
106,1999,216548
106,2000,211455
106,2001,209751
106,2002,211305
106,2003,213302
106,2004,207045.33
106,2005,197874
106,2006,192892.67
106,2007,186989
106,2008,175970
106,2009,176037.67
106,2010,173840.67
106,2011,158430
106,2012,157589.33
106,2013,145693.33
106,2014,124089.33
106,2015,139002.42
106,2016,140193.33
106,2017,136428.57
107,1961,4978
107,1962,5104
107,1963,5456
107,1964,6286
107,1965,6619
107,1966,7386
107,1967,8617
107,1968,10224
107,1969,10830
107,1970,11337
107,1971,12233
107,1972,13367
107,1973,11531
107,1974,9878
107,1975,9412
107,1976,9293
107,1977,10296
107,1978,11308
107,1979,12078
107,1980,13046
107,1981,13651
107,1982,11784
107,1983,13595
107,1984,13512
107,1985,14058
107,1986,11339
107,1987,11986
107,1988,20056
107,1989,19857
107,1990,20714
107,1991,15181
107,1992,14633
107,1993,14873
107,1994,12716
107,1995,14364
107,1996,14064
107,1997,16657.67
107,1998,17980
107,1999,19695
107,2000,19269.33
107,2001,27750.67
107,2002,39381.33
107,2003,54692.67
107,2004,51132.33
107,2005,51615
107,2006,59353.67
107,2007,57885.67
107,2008,52662.67
107,2009,59479
107,2010,62149.67
107,2011,58258
107,2012,61573.33
107,2013,62812
107,2014,82302.59
107,2015,92779.55
107,2016,71506.12
107,2017,83659.92
108,1992,14600
108,1993,7300
108,1994,9000
108,1995,16000
108,1996,43202.67
108,1997,121233.33
108,1998,92078
108,1999,85600
108,2000,68020.67
108,2001,65085
108,2002,66052
108,2003,64313
108,2004,77189.33
108,2005,86089.67
108,2006,86081.67
108,2007,93705.33
108,2008,87421.67
108,2009,88751.67
108,2010,88584.33
108,2011,89424
108,2012,89889.33
108,2013,84958.67
108,2014,89918.88
108,2015,92502.2
108,2016,96574.49
108,2017,99062.52
109,1961,4385
109,1962,4540
109,1963,4772
109,1964,5580
109,1965,5116
109,1966,5298
109,1967,5135
109,1968,5622
109,1969,6330
109,1970,6058
109,1971,7828
109,1972,7813
109,1973,5784
109,1974,5652
109,1975,8641
109,1976,9042
109,1977,6668
109,1978,9233
109,1979,5243
109,1980,5559
109,1981,6088
109,1982,6880
109,1983,6460
109,1984,4843
109,1985,5159
109,1986,6639
109,1987,8139
109,1988,7807
109,1989,8350
109,1990,8154
109,1991,8813
109,1992,11407
109,1993,11769
109,1994,9802
109,1995,11140
109,1996,11165
109,1997,10884
109,1998,10407
109,1999,11967
109,2000,9757
109,2001,10143.33
109,2002,9620
109,2003,7448
109,2004,6513
109,2005,9038.67
109,2006,7212.67
109,2007,9966
109,2008,9579
109,2009,10597
109,2010,9842
109,2011,9358
109,2012,10351
109,2013,9887.33
109,2014,8963.32
109,2015,8471.69
109,2016,8429.5
109,2017,8386.11
11,1961,24651
11,1962,24555
11,1963,24470
11,1964,25747
11,1965,25163
11,1966,26405
11,1967,26565
11,1968,26258
11,1969,27047
11,1970,26817
11,1971,27856
11,1972,26675
11,1973,28744
11,1974,29668
11,1975,29677
11,1976,32474
11,1977,31842
11,1978,32057
11,1979,33506
11,1980,35386
11,1981,35144
11,1982,34470
11,1983,34296
11,1984,35824
11,1985,36049
11,1986,35945
11,1987,35815
11,1988,30014.33
11,1989,29317.44
11,1990,30448.78
11,1991,30423.33
11,1992,30316.78
11,1993,29583.33
11,1994,29200.89
11,1995,28134.56
11,1996,24863.11
11,1997,10893.33
11,1998,7448.67
11,1999,12813
11,2000,2883.44
11,2001,6882.33
11,2002,7409.22
11,2003,6321.78
11,2004,4777.89
11,2005,11211.44
11,2006,10388.11
11,2007,7085.78
11,2008,4716.67
11,2009,5814.44
11,2010,4489.11
11,2011,4062.44
11,2012,7884.44
11,2013,10565
11,2014,6942.14
11,2015,7798.52
11,2016,13300.6
11,2017,17274.66
110,1961,52671
110,1962,68603
110,1963,70811
110,1964,81625
110,1965,88159
110,1966,99056
110,1967,106840
110,1968,112033
110,1969,124112
110,1970,150030
110,1971,168287
110,1972,185974
110,1973,197184
110,1974,212163
110,1975,223721
110,1976,236527
110,1977,269353
110,1978,302115
110,1979,318320
110,1980,333447
110,1981,338669
110,1982,342160
110,1983,353132
110,1984,363189
110,1985,380130
110,1986,396129
110,1987,405993
110,1988,421956.33
110,1989,417639.67
110,1990,407080
110,1991,411921.33
110,1992,418450.67
110,1993,404432.67
110,1994,399490.67
110,1995,407829.33
110,1996,393360.33
110,1997,379706
110,1998,384748
110,1999,384297.33
110,2000,390329.67
110,2001,367164
110,2002,352884.67
110,2003,363249.67
110,2004,294894.67
110,2005,300494.33
110,2006,305312.67
110,2007,311544.33
110,2008,311851.33
110,2009,322294.33
110,2010,324909.33
110,2011,323632.67
110,2012,333457
110,2013,347948.67
110,2014,263005.08
110,2015,259869.02
110,2016,267615.16
110,2017,277593.94
112,1961,1554
112,1962,1914
112,1963,1900
112,1964,1904
112,1965,2148
112,1966,2420
112,1967,1700
112,1968,2463
112,1969,4235
112,1970,1881
112,1971,2207
112,1972,2232
112,1973,2242
112,1974,3050
112,1975,1477
112,1976,1110
112,1977,1363
112,1978,1296
112,1979,1256
112,1980,1614
112,1981,1751
112,1982,1772
112,1983,2484
112,1984,2703
112,1985,3046
112,1986,2342
112,1987,2699
112,1988,2515
112,1989,2600
112,1990,2708
112,1991,3247
112,1992,3919
112,1993,3696
112,1994,3366.33
112,1995,3072
112,1996,2644.33
112,1997,2956
112,1998,3568
112,1999,3160
112,2000,3673
112,2001,4077
112,2002,4603
112,2003,4440
112,2004,5718
112,2005,4152
112,2006,4855
112,2007,6034
112,2008,6489
112,2009,6693
112,2010,6615
112,2011,6259
112,2012,8152
112,2013,8475
112,2014,12760.44
112,2015,13778.99
112,2016,14898.79
112,2017,13416.65
113,1992,1300
113,1993,700
113,1994,5000
113,1995,13900
113,1996,20500
113,1997,15400
113,1998,14813.22
113,1999,10101.11
113,2000,13312.22
113,2001,19300
113,2002,22590
113,2003,23568.89
113,2004,22216.33
113,2005,20634.44
113,2006,14167.78
113,2007,14393.89
113,2008,15602.22
113,2009,18088.89
113,2010,14334.22
113,2011,18508.33
113,2012,18510.44
113,2013,18341.56
113,2014,23654.16
113,2015,24251.17
113,2016,24691.72
113,2017,26242.18
114,1961,28455
114,1962,26991
114,1963,24701
114,1964,26271
114,1965,27523
114,1966,25506
114,1967,27228
114,1968,27372
114,1969,28131
114,1970,30019
114,1971,29873
114,1972,29970
114,1973,31344
114,1974,35135
114,1975,31652
114,1976,33718
114,1977,42486
114,1978,46240
114,1979,47299
114,1980,47281
114,1981,40960
114,1982,45090
114,1983,49499
114,1984,51909
114,1985,52123
114,1986,51137
114,1987,52628
114,1988,55905
114,1989,57593
114,1990,60791
114,1991,60713
114,1992,58663
114,1993,58650
114,1994,61777
114,1995,64526.33
114,1996,62942
114,1997,64570
114,1998,74622
114,1999,79491
114,2000,86675
114,2001,65276
114,2002,62933
114,2003,58387
114,2004,57930
114,2005,61103
114,2006,65308
114,2007,64981.33
114,2008,69957.33
114,2009,73780.67
114,2010,70801
114,2011,75105
114,2012,76218
114,2013,72226
114,2014,90767.88
114,2015,101636.95
114,2016,83830.41
114,2017,97481.28
115,1961,3312
115,1962,3483
115,1963,3790
115,1964,4145
115,1965,4432
115,1966,4677
115,1967,5564
115,1968,6295
115,1969,6811
115,1970,7953
115,1971,8022
115,1972,7947
115,1973,7863
115,1974,7236
115,1975,5478
115,1976,4365
115,1977,3486
115,1978,3306
115,1979,2894
115,1980,3062
115,1981,3733
115,1982,5574
115,1983,6318
115,1984,7350
115,1985,8307
115,1986,8706
115,1987,9453
115,1988,10308
115,1989,11577
115,1990,11454
115,1991,11982
115,1992,13935
115,1993,14559
115,1994,14469
115,1995,15087
115,1996,15651
115,1997,16503
115,1998,16662
115,1999,16884
115,2000,20115
115,2001,19924
115,2002,18941
115,2003,19707
115,2004,19959
115,2005,21624
115,2006,22437
115,2007,21555
115,2008,21375
115,2009,21964
115,2010,20900
115,2011,21233
115,2012,20612
115,2013,20693
115,2014,19599.26
115,2015,19492.66
115,2016,18856.24
115,2017,19594.75
116,1961,7564
116,1962,7634
116,1963,7820
116,1964,8181
116,1965,8211
116,1966,8659
116,1967,9102
116,1968,9176
116,1969,9706
116,1970,10992
116,1971,11523
116,1972,12442
116,1973,12549
116,1974,13969
116,1975,14975
116,1976,15929
116,1977,16960
116,1978,17557
116,1979,18570
116,1980,19209
116,1981,20161
116,1982,20326
116,1983,21546
116,1984,21759
116,1985,22928
116,1986,23609
116,1987,24423
116,1988,25367
116,1989,25129
116,1990,25003
116,1991,25094
116,1992,20327
116,1993,18480
116,1994,17788
116,1995,17331
116,1996,13058
116,1997,11074
116,1998,13796
116,1999,16043
116,2000,16886
116,2001,17588
116,2002,19151
116,2003,19198
116,2004,19298
116,2005,19698
116,2006,18439
116,2007,17002
116,2008,15551
116,2009,15657
116,2010,15668
116,2011,15743
116,2012,15917
116,2013,15917
116,2014,14418.82
116,2015,14712.58
116,2016,15032.32
116,2017,16572.8
117,1961,9289
117,1962,7611
117,1963,10245
117,1964,12839
117,1965,13066
117,1966,12792
117,1967,11207
117,1968,10824
117,1969,11732
117,1970,12289
117,1971,13083
117,1972,14297
117,1973,15434
117,1974,16848
117,1975,21657
117,1976,21739
117,1977,23017
117,1978,26732
117,1979,38410
117,1980,39611
117,1981,37976
117,1982,40766
117,1983,48288
117,1984,56057
117,1985,63211
117,1986,66056
117,1987,63690
117,1988,65126
117,1989,56649
117,1990,71234
117,1991,68045
117,1992,98821
117,1993,106972
117,1994,116544
117,1995,124358
117,1996,135125
117,1997,151816
117,1998,154164
117,1999,164462.67
117,2000,160135.67
117,2001,148756
117,2002,173052
117,2003,178244
117,2004,153882
117,2005,152642.33
117,2006,160937.33
117,2007,163642.67
117,2008,161899
117,2009,161894
117,2010,178848.67
117,2011,171883.67
117,2012,192601.33
117,2013,218658.67
117,2014,202489.93
117,2015,204230.99
117,2016,200527.55
117,2017,193975.26
118,1961,2526
118,1962,2310
118,1963,2601
118,1964,3139
118,1965,3570
118,1966,3592
118,1967,2786
118,1968,2574
118,1969,2523
118,1970,2915
118,1971,2922
118,1972,3580
118,1973,3758
118,1974,2788
118,1975,2634
118,1976,3594
118,1977,4110
118,1978,4903
118,1979,7097
118,1980,8019
118,1981,10771
118,1982,11581
118,1983,10125
118,1984,13235
118,1985,10631
118,1986,11038
118,1987,10843
118,1988,10223
118,1989,10379
118,1990,5394
118,1991,2545
118,1992,5270
118,1993,7649
118,1994,14796
118,1995,11680
118,1996,11958
118,1997,11904
118,1998,11783
118,1999,10570
118,2000,10899
118,2001,9901
118,2002,11773
118,2003,12394
118,2004,13450
118,2005,14074
118,2006,13612
118,2007,13431
118,2008,12926
118,2009,13046
118,2010,12058
118,2011,12713
118,2012,12987
118,2013,13939
118,2014,9942.35
118,2015,10016.62
118,2016,11963.14
118,2017,10992.02
119,1992,15388
119,1993,17026.94
119,1994,10933.53
119,1995,7551.06
119,1996,9587.35
119,1997,9616.47
119,1998,10259.47
119,1999,9669.24
119,2000,9567.44
119,2001,9492.85
119,2002,9171.65
119,2003,9712
119,2004,10187.18
119,2005,10096.87
119,2006,15576.36
119,2007,14477.05
119,2008,13382.53
119,2009,12291.18
119,2010,15189
119,2011,15455.41
119,2012,14250.88
119,2013,12735.29
119,2014,9064.52
119,2015,8998.68
119,2016,8964.71
119,2017,6191.83
12,1961,70
12,1962,69
12,1963,70
12,1964,76
12,1965,77
12,1966,78
12,1967,77
12,1968,74
12,1969,69
12,1970,69
12,1971,67
12,1972,60
12,1973,58
12,1974,52
12,1975,56
12,1976,337
12,1977,213
12,1978,230
12,1979,242
12,1980,303
12,1981,231
12,1982,414
12,1983,276
12,1984,329
12,1985,414
12,1986,431
12,1987,622
12,1988,368
12,1989,272
12,1990,541
12,1991,459
12,1992,302
12,1993,346
12,1994,683
12,1995,683
12,1996,735
12,1997,1024
12,1998,1124
12,1999,1328
12,2000,1420
12,2001,1306
12,2002,1571
12,2003,1805.67
12,2004,1222.67
12,2005,387
12,2006,491.67
12,2007,548
12,2008,595
12,2009,749.67
12,2010,951.67
12,2011,1210.67
12,2012,638.33
12,2013,917.67
12,2014,559.38
12,2015,553.9
12,2016,1136.48
12,2017,1388.1
120,1961,1907
120,1962,1933
120,1963,1944
120,1964,2301
120,1965,2496
120,1966,2699
120,1967,2907
120,1968,2763
120,1969,2691
120,1970,2664
120,1971,2644
120,1972,2558
120,1973,2479
120,1974,2183
120,1975,1951
120,1976,2343
120,1977,2337
120,1978,2296
120,1979,2697
120,1980,3374
120,1981,3605
120,1982,3688
120,1983,3876
120,1984,4148
120,1985,4176
120,1986,4579
120,1987,4802
120,1988,4198
120,1989,4594
120,1990,4850
120,1991,5320
120,1992,5580
120,1993,6022
120,1994,6189
120,1995,6999
120,1996,7275
120,1997,7469
120,1998,7733
120,1999,8014
120,2000,6842
120,2001,7219
120,2002,7648
120,2003,7846
120,2004,8144
120,2005,8463
120,2006,8925
120,2007,9343
120,2008,9916
120,2009,10397
120,2010,10882
120,2011,10889
120,2012,11441
120,2013,11790
120,2014,20771.77
120,2015,20497.36
120,2016,18673.8
120,2017,19624.53
121,1961,5283
121,1962,6152
121,1963,6923
121,1964,6069
121,1965,5868
121,1966,5544
121,1967,5029
121,1968,6102
121,1969,5809
121,1970,5701
121,1971,5622
121,1972,5109
121,1973,3968
121,1974,3236
121,1975,1873
121,1976,1739
121,1977,4806
121,1978,3180
121,1979,4106
121,1980,3977
121,1981,4583
121,1982,5039
121,1983,6313
121,1984,5578
121,1985,5526
121,1986,4470
121,1987,3907
121,1988,4975
121,1989,4622
121,1990,3338
121,1991,3409
121,1992,7162
121,1993,7536
121,1994,7151
121,1995,5181
121,1996,5481
121,1997,6985
121,1998,5259
121,1999,7515
121,2000,8198
121,2001,7859
121,2002,8514
121,2003,8777
121,2004,8317
121,2005,8780
121,2006,7632.67
121,2007,7787.33
121,2008,8379
121,2009,10474.67
121,2010,9441.67
121,2011,6937
121,2012,6393
121,2013,7034.67
121,2014,6319.92
121,2015,7697.25
121,2016,7340.09
121,2017,7179.33
122,1961,2084
122,1962,2232
122,1963,2208
122,1964,1875
122,1965,2122
122,1966,1628
122,1967,1946
122,1968,1732
122,1969,1929
122,1970,2331
122,1971,2375
122,1972,2443
122,1973,2548
122,1974,2632
122,1975,2608
122,1976,2455
122,1977,2542
122,1978,2734
122,1979,2930
122,1980,3053
122,1981,3058
122,1982,3255
122,1983,3322
122,1984,3348
122,1985,3439
122,1986,3516
122,1987,3534
122,1988,3584
122,1989,3416
122,1990,3080
122,1991,3153
122,1992,3371
122,1993,3550
122,1994,3238
122,1995,3150
122,1996,2765
122,1997,2917
122,1998,2636
122,1999,3704
122,2000,3422
122,2001,3399
122,2002,3279
122,2003,3128
122,2004,3275
122,2005,3626
122,2006,3877
122,2007,3708
122,2008,3460
122,2009,3465
122,2010,3497
122,2011,3696
122,2012,3404
122,2013,3254
122,2014,5790.72
122,2015,5791.79
122,2016,5420.69
122,2017,6342.74
123,1961,579
123,1962,602
123,1963,623
123,1964,644
123,1965,667
123,1966,702
123,1967,693
123,1968,646
123,1969,654
123,1970,775
123,1971,827
123,1972,879
123,1973,846
123,1974,746
123,1975,711
123,1976,740
123,1977,756
123,1978,761
123,1979,756
123,1980,665
123,1981,714
123,1982,803
123,1983,904
123,1984,825
123,1985,731
123,1986,714
123,1987,769
123,1988,736
123,1989,677
123,1990,635
123,1991,745
123,1992,835
123,1993,900
123,1994,760
123,1995,725
123,1996,670
123,1997,1050
123,1998,1070
123,1999,1520
123,2000,1540
123,2001,1540
123,2002,645
123,2003,638
123,2004,669
123,2005,692
123,2006,704
123,2007,782
123,2008,847
123,2009,989
123,2010,1522
123,2011,2320
123,2012,3008
123,2013,3799
123,2014,3432.22
123,2015,8165.37
123,2016,7200.84
123,2017,8217.34
126,1992,30380
126,1993,23800
126,1994,16627
126,1995,31363
126,1996,31591
126,1997,24059
126,1998,24279
126,1999,19800
126,2000,23144
126,2001,24509
126,2002,18320
126,2003,17614
126,2004,29494
126,2005,26883
126,2006,15490
126,2007,22206
126,2008,16312
126,2009,14425
126,2010,14208
126,2011,12741
126,2012,11133
126,2013,10723
126,2014,8463.43
126,2015,9938.57
126,2016,7240.69
126,2017,7938.41
128,1961,281
128,1962,389
128,1963,432
128,1964,496
128,1965,466
128,1966,510
128,1967,422
128,1968,377
128,1969,405
128,1970,460
128,1971,504
128,1972,598
128,1973,542
128,1974,568
128,1975,581
128,1976,682
128,1977,685
128,1978,720
128,1979,761
128,1980,873
128,1981,766
128,1982,782
128,1983,707
128,1984,781
128,1985,747
128,1986,1015
128,1987,995
128,1988,1098
128,1989,1400
128,1990,1545
128,1991,1847.33
128,1992,1924.67
128,1993,1755.67
128,1994,1615
128,1995,1636
128,1996,1773
128,1997,1595.67
128,1998,1644.33
128,1999,1702.67
128,2000,1799.33
128,2001,1636
128,2002,1824.67
128,2003,1785
128,2004,2085.67
128,2005,3127
128,2006,2364.33
128,2007,2624
128,2008,2283
128,2009,2212.33
128,2010,2548.33
128,2011,3192.67
128,2012,2741
128,2013,2737
128,2014,2637.06
128,2015,2668.64
128,2016,2231.43
128,2017,3742.59
129,1961,22247
129,1962,23035
129,1963,23267
129,1964,23713
129,1965,20636
129,1966,26138
129,1967,26429
129,1968,26928
129,1969,26346
129,1970,25881
129,1971,24450
129,1972,26208
129,1973,26065
129,1974,26250
129,1975,27027
129,1976,27322
129,1977,20814
129,1978,35706
129,1979,30239
129,1980,31656
129,1981,32371
129,1982,32224
129,1983,31826
129,1984,32007
129,1985,32221
129,1986,32554
129,1987,32964.67
129,1988,33863
129,1989,33905
129,1990,34459
129,1991,34704
129,1992,34961
129,1993,35288
129,1994,35543
129,1995,35953.33
129,1996,36108
129,1997,36381.33
129,1998,36111
129,1999,35904.67
129,2000,35683
129,2001,30408
129,2002,29100.33
129,2003,29965.67
129,2004,30174.67
129,2005,34440.67
129,2006,34729
129,2007,34881.33
129,2008,38723.33
129,2009,39355.67
129,2010,40758.67
129,2011,42146
129,2012,43513
129,2013,43513
129,2014,41552.34
129,2015,40959.83
129,2016,41844.05
129,2017,43269.62
130,1961,1342
130,1962,1399
130,1963,1509
130,1964,1552
130,1965,1507
130,1966,1584
130,1967,1948
130,1968,2043
130,1969,2095
130,1970,2047
130,1971,2101
130,1972,2062
130,1973,2146
130,1974,2337
130,1975,2334
130,1976,2313
130,1977,2547
130,1978,2605
130,1979,2493
130,1980,2690
130,1981,2917
130,1982,3039
130,1983,2648
130,1984,2681
130,1985,2147
130,1986,2985
130,1987,2997
130,1988,2963
130,1989,2900
130,1990,3023
130,1991,3095
130,1992,3285
130,1993,3254.67
130,1994,2888
130,1995,3025
130,1996,4090
130,1997,3294
130,1998,3591
130,1999,3671
130,2000,4492
130,2001,5070.33
130,2002,8138
130,2003,8135.67
130,2004,9173
130,2005,9070
130,2006,10440
130,2007,12346.33
130,2008,13924.33
130,2009,15821.33
130,2010,18131.67
130,2011,19617
130,2012,21385
130,2013,23362.33
130,2014,26830.94
130,2015,30721.09
130,2016,35431.28
130,2017,40780.57
131,1961,8920
131,1962,9341
131,1963,9464
131,1964,10057
131,1965,10774
131,1966,11361
131,1967,11679
131,1968,11770
131,1969,12822
131,1970,13634
131,1971,13818
131,1972,14792
131,1973,14474
131,1974,15931
131,1975,19539
131,1976,20767
131,1977,19838
131,1978,20622
131,1979,21433
131,1980,23577
131,1981,25106
131,1982,26245
131,1983,28165
131,1984,29734
131,1985,33658
131,1986,35820
131,1987,40065
131,1988,44503
131,1989,48206
131,1990,53498
131,1991,63690
131,1992,69737
131,1993,76558
131,1994,82296
131,1995,84252
131,1996,83837
131,1997,89060
131,1998,83751.67
131,1999,75113
131,2000,71423
131,2001,74523
131,2002,76138.33
131,2003,80360.67
131,2004,85204
131,2005,83668
131,2006,82499.33
131,2007,83043
131,2008,84605
131,2009,93090
131,2010,104077
131,2011,107024.67
131,2012,112337
131,2013,119860
131,2014,29358.14
131,2015,18980.15
131,2016,19449.8
131,2017,26422.67
132,1961,0
132,1962,0
132,1963,0
132,1964,0
132,1965,0
132,1966,0
132,1967,0
132,1968,0
132,1969,0
132,1970,0
132,1971,0
132,1972,0
132,1973,0
132,1974,0
132,1975,0
132,1976,0
132,1977,0
132,1978,0
132,1979,0
132,1980,0
132,1981,0
132,1982,0
132,1983,0
132,1984,0
132,1985,0
132,1986,0
132,1987,0
132,1988,0
132,1989,0
132,1990,0
132,1991,0
132,1992,0
132,1993,1
132,1994,0
132,1995,0
132,1996,0
132,1997,3
132,1998,3
132,1999,3
132,2000,3
132,2001,16
132,2002,20
132,2003,9
132,2004,2
132,2005,1
132,2006,1
132,2007,10
132,2008,2
132,2009,3
132,2010,3
132,2011,1
132,2012,4
132,2013,6
132,2014,2.99
132,2015,5.73
132,2016,25.59
132,2017,12.21
133,1961,10966
133,1962,11408
133,1963,12114
133,1964,12922
133,1965,13861
133,1966,14697
133,1967,15234
133,1968,16215
133,1969,16829
133,1970,16765
133,1971,16644
133,1972,14610
133,1973,12258
133,1974,12996
133,1975,14334
133,1976,15337
133,1977,16380
133,1978,16956
133,1979,16143
133,1980,16997
133,1981,16773
133,1982,16765
133,1983,16318
133,1984,18436
133,1985,17692
133,1986,18286
133,1987,18273
133,1988,19448
133,1989,20557
133,1990,22084
133,1991,21234
133,1992,17323
133,1993,17526
133,1994,18850
133,1995,18878
133,1996,19332
133,1997,22574
133,1998,24249
133,1999,25330
133,2000,23760
133,2001,27163
133,2002,31092
133,2003,34335
133,2004,32435
133,2005,36725
133,2006,37619
133,2007,40474
133,2008,43343
133,2009,47081
133,2010,49058
133,2011,51121
133,2012,44003
133,2013,54593
133,2014,51990.93
133,2015,53924.23
133,2016,58590.97
133,2017,62977.59
134,1961,669
134,1962,744
134,1963,682
134,1964,523
134,1965,499
134,1966,569
134,1967,649
134,1968,695
134,1969,855
134,1970,876
134,1971,957
134,1972,867
134,1973,925
134,1974,886
134,1975,1293
134,1976,1620
134,1977,1395
134,1978,1340
134,1979,926
134,1980,1252
134,1981,960
134,1982,691
134,1983,1000
134,1984,1062
134,1985,1083
134,1986,1192
134,1987,1176
134,1988,1324
134,1989,1198
134,1990,1133
134,1991,1161
134,1992,1142
134,1993,1140
134,1994,1113
134,1995,1053
134,1996,1073
134,1997,1078
134,1998,1101
134,1999,1094
134,2000,1066
134,2001,1038.33
134,2002,1071.67
134,2003,1132.67
134,2004,1000.33
134,2005,1021.67
134,2006,959.33
134,2007,940
134,2008,1048.33
134,2009,938
134,2010,926
134,2011,843
134,2012,740.67
134,2013,809.33
134,2014,712.22
134,2015,651.46
134,2016,679.55
134,2017,582.78
136,1961,5004
136,1962,5202
136,1963,5368
136,1964,5631
136,1965,5943
136,1966,6111
136,1967,6312
136,1968,6868
136,1969,5966
136,1970,6048
136,1971,7090
136,1972,6296
136,1973,5976
136,1974,5446
136,1975,5886
136,1976,6266
136,1977,6638
136,1978,7273
136,1979,7417
136,1980,7730
136,1981,8095
136,1982,7858
136,1983,7555
136,1984,7309
136,1985,7615
136,1986,7663
136,1987,7777
136,1988,7986
136,1989,8465
136,1990,8809
136,1991,9393
136,1992,8755
136,1993,6946
136,1994,7604
136,1995,7674
136,1996,8366
136,1997,8996
136,1998,9796
136,1999,9936
136,2000,12136
136,2001,12786
136,2002,13196
136,2003,13506
136,2004,13956
136,2005,14076
136,2006,13833
136,2007,12949
136,2008,12629
136,2009,13514
136,2010,13938
136,2011,14318
136,2012,14898
136,2013,15047
136,2014,15666.26
136,2015,16508.47
136,2016,17174.71
136,2017,16729.01
137,1961,394
137,1962,451
137,1963,489
137,1964,505
137,1965,468
137,1966,709
137,1967,701
137,1968,706
137,1969,679
137,1970,608
137,1971,622
137,1972,701
137,1973,479
137,1974,588
137,1975,1118
137,1976,1229
137,1977,1571
137,1978,1417
137,1979,1174
137,1980,1268
137,1981,1276
137,1982,1945
137,1983,1978
137,1984,2113
137,1985,2043
137,1986,1274
137,1987,1301
137,1988,2516
137,1989,2180
137,1990,2271.67
137,1991,2257
137,1992,2282
137,1993,2573
137,1994,2313
137,1995,2134
137,1996,1956
137,1997,2004
137,1998,2396
137,1999,2126
137,2000,2127
137,2001,2176
137,2002,2358
137,2003,2463
137,2004,2303
137,2005,2060
137,2006,1783
137,2007,1850
137,2008,2004
137,2009,1932
137,2010,1642
137,2011,1702
137,2012,1908.33
137,2013,1704.67
137,2014,1606.48
137,2015,1730.94
137,2016,1467.27
137,2017,1610.24
138,1961,101113
138,1962,110460
138,1963,115271
138,1964,120712
138,1965,122298
138,1966,123512
138,1967,128648
138,1968,130602
138,1969,134746
138,1970,136136
138,1971,135326
138,1972,145037
138,1973,148052
138,1974,160122
138,1975,176529
138,1976,206099
138,1977,223580
138,1978,236210
138,1979,246676
138,1980,273448
138,1981,313545
138,1982,308508
138,1983,308091
138,1984,335108
138,1985,355653
138,1986,359906
138,1987,360795
138,1988,408055.67
138,1989,404807
138,1990,417916
138,1991,427080.67
138,1992,453066
138,1993,457725.33
138,1994,482776
138,1995,461103
138,1996,464898.67
138,1997,457373.67
138,1998,479611.67
138,1999,496044.33
138,2000,530976.33
138,2001,548214.33
138,2002,567467.33
138,2003,549525.67
138,2004,564156.67
138,2005,571634
138,2006,580934
138,2007,590791.33
138,2008,593899.67
138,2009,602849.67
138,2010,622714.67
138,2011,618467.33
138,2012,622699
138,2013,623187.33
138,2014,618878.37
138,2015,622251.22
138,2016,614127.04
138,2017,660366.52
14,1961,151
14,1962,141
14,1963,154
14,1964,162
14,1965,154
14,1966,164
14,1967,189
14,1968,204
14,1969,305
14,1970,318
14,1971,384
14,1972,524
14,1973,373
14,1974,690
14,1975,758
14,1976,695
14,1977,673
14,1978,747
14,1979,713
14,1980,630
14,1981,583
14,1982,777
14,1983,613
14,1984,611
14,1985,690
14,1986,597
14,1987,861
14,1988,809
14,1989,783
14,1990,833
14,1991,727
14,1992,805
14,1993,677.67
14,1994,812
14,1995,787
14,1996,712
14,1997,611
14,1998,405
14,1999,588
14,2000,483
14,2001,916
14,2002,1019
14,2003,936
14,2004,862
14,2005,727
14,2006,795.67
14,2007,910
14,2008,682
14,2009,657
14,2010,754
14,2011,743
14,2012,548
14,2013,629
14,2014,610.48
14,2015,575.03
14,2016,567.82
14,2017,596.11
141,1961,0
141,1962,0
141,1963,0
141,1964,0
141,1965,0
141,1966,0
141,1967,0
141,1968,0
141,1969,0
141,1970,0
141,1971,0
141,1972,0
141,1973,0
141,1974,0
141,1975,0
141,1976,0
141,1977,0
141,1978,0
141,1979,0
141,1980,0
141,1981,0
141,1982,0
141,1983,0
141,1984,0
141,1985,0
141,1986,0
141,1987,0
141,1988,0
141,1989,0
141,1990,0
141,1991,1000
141,1992,13500
141,1993,28700
141,1994,31000
141,1995,32000
141,1996,17043
141,1997,17509
141,1998,24016
141,1999,26007
141,2000,28040
141,2001,29048
141,2002,29050
141,2003,28533
141,2004,31040.33
141,2005,29018.33
141,2006,24705.33
141,2007,29074.67
141,2008,29112
141,2009,29101.33
141,2010,29104
141,2011,29104
141,2012,29204.67
141,2013,29348
141,2014,27717.33
141,2015,39766.27
141,2016,36917.16
141,2017,38797.51
143,1961,20621
143,1962,18955
143,1963,17906
143,1964,17809
143,1965,19955
143,1966,20974
143,1967,22213
143,1968,24039
143,1969,25347
143,1970,25666
143,1971,27946
143,1972,29128
143,1973,28998
143,1974,27737
143,1975,23700
143,1976,20633
143,1977,22554
143,1978,23737
143,1979,25129
143,1980,27269
143,1981,32233
143,1982,33175
143,1983,28973
143,1984,28345
143,1985,23918
143,1986,28818
143,1987,34302
143,1988,36591
143,1989,39477
143,1990,40285
143,1991,40241
143,1992,41531
143,1993,39655.67
143,1994,39259.33
143,1995,38820
143,1996,35677.67
143,1997,40517
143,1998,39064.67
143,1999,42845.33
143,2000,44884.67
143,2001,45765.33
143,2002,48536.67
143,2003,45945.33
143,2004,45836.67
143,2005,47971.67
143,2006,50072.67
143,2007,52002
143,2008,55299
143,2009,58223.67
143,2010,58572.67
143,2011,61839.33
143,2012,63415
143,2013,67056
143,2014,85529.95
143,2015,93024.98
143,2016,96500.4
143,2017,96990.19
144,1961,5106
144,1962,5275
144,1963,5441
144,1964,5614
144,1965,5929
144,1966,6175
144,1967,6549
144,1968,6838
144,1969,7056
144,1970,7444
144,1971,7736
144,1972,7968
144,1973,8148
144,1974,8275
144,1975,8428
144,1976,7301
144,1977,7823
144,1978,8043
144,1979,8386
144,1980,8646
144,1981,8859
144,1982,8870
144,1983,8841
144,1984,9082
144,1985,9451
144,1986,8972
144,1987,8788
144,1988,9179
144,1989,9264
144,1990,7628
144,1991,8136
144,1992,8449
144,1993,8747
144,1994,9221
144,1995,13407
144,1996,14006
144,1997,14324
144,1998,14986
144,1999,14866
144,2000,14932
144,2001,14739
144,2002,14869
144,2003,13339
144,2004,13731
144,2005,14437
144,2006,12565
144,2007,14223
144,2008,14727
144,2009,13741
144,2010,13924
144,2011,14277
144,2012,16314
144,2013,17334
144,2014,21632.21
144,2015,21179.47
144,2016,23038.87
144,2017,24550.27
146,1992,14100
146,1993,18300
146,1994,20456.67
146,1995,12022.67
146,1996,17023.11
146,1997,22877.22
146,1998,14769.78
146,1999,14112.11
146,2000,12243.89
146,2001,11584.78
146,2002,13815.22
146,2003,10698.22
146,2004,10733.78
146,2005,11423.33
146,2006,12215.67
146,2007,12106.22
146,2008,8144.44
146,2009,8970.33
146,2010,9999.67
146,2011,10831.78
146,2012,10982.44
146,2013,11253.67
146,2014,8009.33
146,2015,7673.26
146,2016,7692.9
146,2017,8027.34
147,1961,4240
147,1962,4580
147,1963,4809
147,1964,5073
147,1965,5228
147,1966,5988
147,1967,6182
147,1968,6442
147,1969,6651
147,1970,6760
147,1971,6869
147,1972,7008
147,1973,7147
147,1974,7336
147,1975,5453
147,1976,6473
147,1977,7299
147,1978,7709
147,1979,8657
147,1980,9647
147,1981,6473
147,1982,6018
147,1983,6087
147,1984,6373
147,1985,6563
147,1986,6782
147,1987,6479
147,1988,6882
147,1989,7463
147,1990,7344
147,1991,8050
147,1992,7273
147,1993,7597
147,1994,7413
147,1995,6965
147,1996,7254
147,1997,5887
147,1998,6331.33
147,1999,8498
147,2000,10443.67
147,2001,8151
147,2002,7868.33
147,2003,7280
147,2004,6741
147,2005,6609
147,2006,6670
147,2007,6484
147,2008,7047
147,2009,7649
147,2010,7600
147,2011,7154
147,2012,2705.67
147,2013,2517
147,2014,5522.11
147,2015,4216.54
147,2016,5776.03
147,2017,6037.8
149,1961,11859
149,1962,12226
149,1963,12842
149,1964,13042
149,1965,13455
149,1966,13513
149,1967,14044
149,1968,14481
149,1969,14894
149,1970,15388
149,1971,16083
149,1972,16926
149,1973,17475
149,1974,18315
149,1975,19395
149,1976,20250
149,1977,21312
149,1978,22160
149,1979,22816
149,1980,24306
149,1981,27024
149,1982,29471
149,1983,30597
149,1984,31505
149,1985,32034
149,1986,32695
149,1987,32465
149,1988,33428
149,1989,34138
149,1990,34369
149,1991,34622
149,1992,34911
149,1993,35169
149,1994,36291
149,1995,37952
149,1996,38450
149,1997,42012
149,1998,42487
149,1999,43035
149,2000,43463
149,2001,43575
149,2002,43863
149,2003,44694
149,2004,45910
149,2005,47267
149,2006,48268
149,2007,49747
149,2008,49880
149,2009,50386
149,2010,51617
149,2011,51486
149,2012,54784
149,2013,55730
149,2014,54315.44
149,2015,53498.79
149,2016,53086.94
149,2017,58536.14
15,1961,41000
15,1962,43000
15,1963,44000
15,1964,43000
15,1965,45000
15,1966,55000
15,1967,60000
15,1968,61000
15,1969,62000
15,1970,68000
15,1971,75000
15,1972,77000
15,1973,76000
15,1974,89000
15,1975,84000
15,1976,86000
15,1977,84000
15,1978,95000
15,1979,91000
15,1980,87000
15,1981,80000
15,1982,83000
15,1983,84000
15,1984,89000
15,1985,93000
15,1986,93000
15,1987,90000
15,1988,70000
15,1989,70000
15,1990,71000
15,1991,78000
15,1992,70000
15,1993,61000
15,1994,62000
15,1995,56000
15,1996,49000
15,1997,51000
15,1998,76000
15,1999,84000
150,1961,36295
150,1962,41086
150,1963,46533
150,1964,41842
150,1965,45700
150,1966,50474
150,1967,51379
150,1968,54596
150,1969,57044
150,1970,59934
150,1971,66684
150,1972,64102
150,1973,62845
150,1974,72916
150,1975,68576
150,1976,69058
150,1977,71083
150,1978,73521
150,1979,66771
150,1980,69903
150,1981,63052
150,1982,52733
150,1983,50537
150,1984,47866
150,1985,55120
150,1986,43451
150,1987,40534
150,1988,43217
150,1989,37551.33
150,1990,55221.67
150,1991,44550.33
150,1992,45537.67
150,1993,41456
150,1994,35292.33
150,1995,39198.67
150,1996,47409.67
150,1997,31858
150,1998,31121.67
150,1999,34831.67
150,2000,34899.67
150,2001,37925.33
150,2002,35272.67
150,2003,20759
150,2004,18296.67
150,2005,33614
150,2006,33968.33
150,2007,38605.33
150,2008,22066
150,2009,13112
150,2010,9086.33
150,2011,9488
150,2012,9588.67
150,2013,13926.67
150,2014,10789.37
150,2015,7418.76
150,2016,9896.21
150,2017,12805.82
151,1961,293
151,1962,318
151,1963,370
151,1964,416
151,1965,331
151,1966,379
151,1967,390
151,1968,403
151,1969,459
151,1970,487
151,1971,550
151,1972,420
151,1973,406
151,1974,495
151,1975,479
151,1976,563
151,1977,473
151,1978,725
151,1979,404
151,1980,617
151,1981,551
151,1982,478
151,1983,591
151,1984,664
151,1985,334
151,1986,365
151,1987,566
151,1988,499
151,1989,448
151,1990,397
151,1991,321
151,1992,466
151,1993,365
151,1994,301
151,1995,20
151,1996,203
151,1997,240
151,1998,134
151,1999,31
151,2000,122
151,2001,95
151,2002,157
151,2003,457
151,2004,474
151,2005,547
151,2006,634
151,2007,744
151,2008,606
151,2009,677
151,2010,272
153,1961,478
153,1962,497
153,1963,505
153,1964,488
153,1965,501
153,1966,517
153,1967,487
153,1968,504
153,1969,484
153,1970,493
153,1971,531
153,1972,535
153,1973,483
153,1974,359
153,1975,426
153,1976,346
153,1977,407
153,1978,405
153,1979,411
153,1980,391
153,1981,379
153,1982,393
153,1983,379
153,1984,508
153,1985,608
153,1986,569
153,1987,536
153,1988,530
153,1989,505
153,1990,558
153,1991,620
153,1992,632
153,1993,656
153,1994,703
153,1995,692
153,1996,714
153,1997,1493.33
153,1998,1101.33
153,1999,867
153,2000,848
153,2001,1070.67
153,2002,1038.33
153,2003,1037.33
153,2004,1062.33
153,2005,1080
153,2006,1181.67
153,2007,1211.33
153,2008,715.33
153,2009,775.33
153,2010,1488
153,2011,1611
153,2012,1630.67
153,2013,1429.67
153,2014,1362.99
153,2015,849.97
153,2016,616.95
153,2017,645.99
154,1992,2450.67
154,1993,2589.33
154,1994,3470.67
154,1995,3820.33
154,1996,3184.67
154,1997,3490.33
154,1998,3538
154,1999,2338
154,2000,2217
154,2001,2706
154,2002,8515.33
154,2003,7156
154,2004,6946
154,2005,8487
154,2006,7965.67
154,2007,7277.33
154,2008,7483.67
154,2009,8917
154,2010,7866
154,2011,9318.33
154,2012,8758.67
154,2013,8880.67
154,2014,8151.76
154,2015,8138.48
154,2016,6716.66
154,2017,6540.6
155,1961,298
155,1962,316
155,1963,338
155,1964,357
155,1965,374
155,1966,396
155,1967,412
155,1968,419
155,1969,417
155,1970,443
155,1971,496
155,1972,479
155,1973,511
155,1974,539
155,1975,542
155,1976,566
155,1977,548
155,1978,515
155,1979,514
155,1980,519
155,1981,521
155,1982,510
155,1983,547
155,1984,556
155,1985,511
155,1986,521
155,1987,631
155,1988,553
155,1989,549
155,1990,607
155,1991,662
155,1992,658
155,1993,713
155,1994,734
155,1995,738
155,1996,712
155,1997,736
155,1998,709
155,1999,758
155,2000,745
155,2001,647
155,2002,596
155,2003,686
155,2004,657
155,2005,682
155,2006,699
155,2007,762.67
155,2008,785.67
155,2009,746.67
155,2010,808.33
155,2011,787
155,2012,814
155,2013,840.33
155,2014,709.59
155,2015,653.26
155,2016,667.68
155,2017,663.82
156,1961,10440
156,1962,10580
156,1963,11679
156,1964,11348
156,1965,11470
156,1966,12535
156,1967,12349
156,1968,13267
156,1969,14431
156,1970,15716
156,1971,18327
156,1972,18177
156,1973,18415
156,1974,16529
156,1975,17512
156,1976,19498
156,1977,19594
156,1978,20214
156,1979,18225
156,1980,18495
156,1981,18700
156,1982,21644
156,1983,16750
156,1984,14620
156,1985,16100
156,1986,16271
156,1987,17390
156,1988,17715
156,1989,18558
156,1990,16847
156,1991,17590
156,1992,20225.67
156,1993,22305
156,1994,22888.33
156,1995,22946
156,1996,16861
156,1997,16079
156,1998,17467
156,1999,17399.33
156,2000,18212.33
156,2001,18377.67
156,2002,19736
156,2003,20573
156,2004,21400
156,2005,23239
156,2006,22087
156,2007,21940
156,2008,21799
156,2009,21351
156,2010,21750
156,2011,22398
156,2012,23300
156,2013,23349
156,2014,8123.2
156,2015,8756.13
156,2016,8854.29
156,2017,8845.94
157,1961,5815
157,1962,5869
157,1963,6045
157,1964,6198
157,1965,5892
157,1966,6901
157,1967,7100
157,1968,8279
157,1969,9246
157,1970,10341
157,1971,10828
157,1972,10806
157,1973,10164
157,1974,7559
157,1975,10848
157,1976,12324
157,1977,12361
157,1978,12361
157,1979,11971
157,1980,8731
157,1981,6860
157,1982,8210
157,1983,8361
157,1984,8152
157,1985,7219
157,1986,6084
157,1987,5055
157,1988,5422
157,1989,7799
157,1990,8865
157,1991,6700
157,1992,7029
157,1993,7687.33
157,1994,7045.67
157,1995,6668
157,1996,6789
157,1997,6786.67
157,1998,5720.67
157,1999,5674.67
157,2000,6000
157,2001,6508
157,2002,6100.33
157,2003,7810.33
157,2004,9354
157,2005,9504
157,2006,9623
157,2007,10133
157,2008,10387
157,2009,11404
157,2010,12781
157,2011,15194
157,2012,13544
157,2013,10828
157,2014,10603.26
157,2015,10940.28
157,2016,9571.01
157,2017,13032.37
158,1961,8178
158,1962,8188
158,1963,9252
158,1964,9785
158,1965,9923
158,1966,11148
158,1967,12375
158,1968,14660
158,1969,13950
158,1970,13740
158,1971,13580
158,1972,13762
158,1973,11601
158,1974,11848
158,1975,12603
158,1976,12348
158,1977,17942
158,1978,18416
158,1979,17091
158,1980,22189
158,1981,22718
158,1982,22222
158,1983,22464
158,1984,19235
158,1985,16365
158,1986,15814
158,1987,16922
158,1988,18031
158,1989,18925
158,1990,18975
158,1991,18961
158,1992,21662
158,1993,22616
158,1994,23191
158,1995,20761
158,1996,27151
158,1997,27379
158,1998,28975
158,1999,30789
158,2000,32243
158,2001,34258
158,2002,37088
158,2003,39223
158,2004,42001
158,2005,44396
158,2006,45928
158,2007,49189
158,2008,51049
158,2009,46453
158,2010,42580
158,2011,44752
158,2012,47067
158,2013,51684
158,2014,42151.17
158,2015,47338.1
158,2016,55816.58
158,2017,43862.51
159,1961,20310
159,1962,19531
159,1963,20485
159,1964,22983
159,1965,24318
159,1966,23542
159,1967,22782
159,1968,22520
159,1969,26948
159,1970,27760
159,1971,27990
159,1972,25964
159,1973,33909
159,1974,34483
159,1975,30654
159,1976,38408
159,1977,37780
159,1978,41941
159,1979,46233
159,1980,57209
159,1981,55151
159,1982,60800
159,1983,66252
159,1984,70120
159,1985,73581
159,1986,75335
159,1987,75493
159,1988,79195
159,1989,66595
159,1990,67850
159,1991,70302
159,1992,63965
159,1993,71832
159,1994,84300
159,1995,88150
159,1996,98600
159,1997,104226
159,1998,107870
159,1999,112050
159,2000,116435
159,2001,128948
159,2002,139078
159,2003,129725
159,2004,134699
159,2005,132803
159,2006,126217
159,2007,141324
159,2008,142929
159,2009,145432
159,2010,149215
159,2011,161766
159,2012,164176
159,2013,167416
159,2014,141893.01
159,2015,144598.1
159,2016,141431.31
159,2017,150380.02
16,1961,33440
16,1962,34424
16,1963,35328
16,1964,36566
16,1965,36642
16,1966,36846
16,1967,37562
16,1968,38278
16,1969,39540
16,1970,40338
16,1971,40432
16,1972,40782
16,1973,39856
16,1974,40922
16,1975,41990
16,1976,43585
16,1977,44704
16,1978,49609
16,1979,51911
16,1980,35688
16,1981,36240
16,1982,36797
16,1983,37370
16,1984,38009
16,1985,42048
16,1986,43432
16,1987,44878
16,1988,46423
16,1989,48068
16,1990,49806
16,1991,51176
16,1992,53116
16,1993,55656
16,1994,57956
16,1995,60212
16,1996,63235
16,1997,65884
16,1998,64780
16,1999,66778
16,2000,67515
16,2001,67792
16,2002,71144
16,2003,73032
16,2004,75139
16,2005,77246
16,2006,79546
16,2007,81652
16,2008,83756
16,2009,86135
16,2010,88500
16,2011,90864
16,2012,91367
16,2013,92758
16,2014,67180.68
16,2015,66938.33
16,2016,85585.46
16,2017,97579.77
162,1961,10083
162,1962,10760
162,1963,10012
162,1964,10089
162,1965,9546
162,1966,9481
162,1967,9165
162,1968,9388
162,1969,9854
162,1970,9748
162,1971,9795
162,1972,9607
162,1973,9904
162,1974,10698
162,1975,8385
162,1976,8188
162,1977,8670
162,1978,8669
162,1979,9190
162,1980,9185
162,1981,9214
162,1982,9685
162,1983,9710
162,1984,9652
162,1985,9773
162,1986,9653
162,1987,9867
162,1988,9868.75
162,1989,9709
162,1990,9819
162,1991,9611.5
162,1992,9687.75
162,1993,9747.25
162,1994,10210.75
162,1995,9820.75
162,1996,10111.25
162,1997,10072.25
162,1998,9892.75
162,1999,10094.75
162,2000,11000.25
162,2001,10592.5
162,2002,10278.75
162,2003,10064.75
162,2004,10261
162,2005,10197
162,2006,10176.5
162,2007,10450.5
162,2008,11101.25
162,2009,9765.25
162,2010,10095
162,2011,9918
162,2012,9800
162,2013,9814.25
162,2014,9424.09
162,2015,10012.84
162,2016,9579.38
162,2017,8831.77
165,1961,53500
165,1962,55450
165,1963,57100
165,1964,59000
165,1965,60800
165,1966,62700
165,1967,64700
165,1968,66000
165,1969,67550
165,1970,69800
165,1971,72500
165,1972,76300
165,1973,81015
165,1974,86451
165,1975,90900
165,1976,96300
165,1977,101600
165,1978,108000
165,1979,115000
165,1980,115000
165,1981,121000
165,1982,126000
165,1983,132000
165,1984,140000
165,1985,149000
165,1986,158000
165,1987,168000
165,1988,178000
165,1989,190650
165,1990,202700
165,1991,215000
165,1992,229000
165,1993,244000
165,1994,260000
165,1995,276000
165,1996,253000
165,1997,260000
165,1998,266000
165,1999,273023
165,2000,280998
165,2001,287000
165,2002,295009
165,2003,302943
165,2004,309056
165,2005,316093
165,2006,298178
165,2007,307573
165,2008,315798
165,2009,323987
165,2010,333642
165,2011,332018
165,2012,344460
165,2013,346558
165,2014,354543.11
165,2015,361594.38
165,2016,371990.74
165,2017,384585.92
166,1961,2899
166,1962,3200
166,1963,3294
166,1964,3319
166,1965,3616
166,1966,3926
166,1967,4015
166,1968,4141
166,1969,4379
166,1970,4567
166,1971,5015
166,1972,5377
166,1973,5122
166,1974,5363
166,1975,5909
166,1976,6331
166,1977,6373
166,1978,5864
166,1979,5827
166,1980,5966
166,1981,8174
166,1982,8718
166,1983,9014
166,1984,9336
166,1985,10477
166,1986,10033
166,1987,9926
166,1988,8962
166,1989,9548
166,1990,10719
166,1991,10218
166,1992,10474
166,1993,10358
166,1994,11404
166,1995,10979
166,1996,11236.67
166,1997,11703.67
166,1998,12459.67
166,1999,12200
166,2000,11790
166,2001,11246.33
166,2002,10817.33
166,2003,10659.67
166,2004,9817.33
166,2005,9724.67
166,2006,9893.67
166,2007,13084.33
166,2008,13594.67
166,2009,14499
166,2010,16442
166,2011,17540.33
166,2012,16973.67
166,2013,13894.67
166,2014,15923.23
166,2015,15848.09
166,2016,14987.88
166,2017,15417.93
167,1993,54416.75
167,1994,50158.75
167,1995,53555
167,1996,55459.5
167,1997,52497
167,1998,53889.75
167,1999,47594.5
167,2000,47604.75
167,2001,44562.5
167,2002,46555.75
167,2003,46039
167,2004,52344
167,2005,46869.25
167,2006,41343.5
167,2007,42238.5
167,2008,42652.5
167,2009,43128
167,2010,40734
167,2011,39643
167,2012,32937.25
167,2013,32886.75
167,2014,29130.33
167,2015,27294.43
167,2016,25268.83
167,2017,24835.75
169,1961,19022
169,1962,17915
169,1963,16650
169,1964,18058
169,1965,19145
169,1966,19765
169,1967,20492
169,1968,21044
169,1969,19876
169,1970,20296
169,1971,19426
169,1972,18689
169,1973,16429
169,1974,16417
169,1975,14804
169,1976,16126
169,1977,18075
169,1978,17692
169,1979,18620
169,1980,18951
169,1981,19143
169,1982,19037
169,1983,19560
169,1984,18619
169,1985,19403
169,1986,19611
169,1987,20863
169,1988,24045
169,1989,28725
169,1990,29710
169,1991,33812.33
169,1992,35620
169,1993,34854.33
169,1994,29606
169,1995,31859.33
169,1996,30386
169,1997,32098
169,1998,32062.33
169,1999,31586.33
169,2000,32694.67
169,2001,32489.33
169,2002,35257.67
169,2003,34060
169,2004,30838.33
169,2005,33177
169,2006,37363.33
169,2007,23019.67
169,2008,22577.67
169,2009,21946
169,2010,22543.33
169,2011,29547.33
169,2012,28462
169,2013,28763.67
169,2014,40104.91
169,2015,38495.23
169,2016,40530.98
169,2017,42938.31
17,1961,12
17,1962,13
17,1963,16
17,1964,15
17,1965,15
17,1966,23
17,1967,20
17,1968,20
17,1969,15
17,1970,10
17,1971,10
17,1972,12
17,1973,8
17,1974,8
17,1975,6
17,1976,7
17,1977,8
17,1978,8
17,1979,11
17,1980,12
17,1981,12
17,1982,12
17,1983,12
17,1984,11
17,1985,10
17,1986,15
17,1987,11
17,1988,11
17,1989,11
17,1990,11
17,1991,11
17,1992,10
17,1993,9
17,1994,8
17,1995,9
17,1996,7
17,1997,7
17,1998,7
17,1999,7
17,2000,7
17,2001,7
17,2002,7
17,2003,7
17,2004,7
17,2005,7
17,2006,10
17,2007,11
17,2008,10
17,2009,12
17,2010,11
17,2011,19
17,2012,39
17,2013,38.33
170,1961,29938
170,1962,30861
170,1963,31241
170,1964,36058
170,1965,31424
170,1966,32755
170,1967,32317
170,1968,33598
170,1969,35050
170,1970,36073
170,1971,36289
170,1972,32663
170,1973,32256
170,1974,31252
170,1975,32283
170,1976,32770
170,1977,32616
170,1978,33749
170,1979,32433
170,1980,32934
170,1981,37261
170,1982,48187
170,1983,51200
170,1984,50858
170,1985,47022
170,1986,48620
170,1987,54241
170,1988,57835
170,1989,51635
170,1990,54912
170,1991,53371
170,1992,52048.67
170,1993,54037.67
170,1994,89522
170,1995,94547
170,1996,98926.67
170,1997,104135.67
170,1998,110712
170,1999,121692.67
170,2000,124847
170,2001,125935.67
170,2002,129678
170,2003,132440.67
170,2004,136196.33
170,2005,140995.33
170,2006,143718
170,2007,147607.67
170,2008,149524.67
170,2009,151511.67
170,2010,157839.33
170,2011,161095.33
170,2012,165440
170,2013,165297
170,2014,137454.58
170,2015,126543.06
170,2016,118243.38
170,2017,158730.09
171,1961,14973
171,1962,19265
171,1963,21165
171,1964,22138
171,1965,24341
171,1966,27415
171,1967,26957
171,1968,28292
171,1969,29144
171,1970,27899
171,1971,28635
171,1972,27541
171,1973,33270
171,1974,42642
171,1975,31982
171,1976,30350
171,1977,28965
171,1978,33284
171,1979,35336
171,1980,38022
171,1981,37288
171,1982,33061
171,1983,35755
171,1984,41752
171,1985,35177
171,1986,39884
171,1987,44984
171,1988,49229
171,1989,54471
171,1990,56869
171,1991,67942
171,1992,70251
171,1993,71922
171,1994,75660
171,1995,80250
171,1996,86668
171,1997,92884
171,1998,98527
171,1999,111527
171,2000,119160
171,2001,117522
171,2002,125752
171,2003,127127.33
171,2004,135434
171,2005,138907.33
171,2006,154166
171,2007,171415.33
171,2008,183632
171,2009,182682
171,2010,223561
171,2011,218069
171,2012,197725
171,2013,213133
171,2014,249366.48
171,2015,232678.1
171,2016,270914.72
171,2017,328013.68
173,1961,55088
173,1962,57511
173,1963,54972
173,1964,59216
173,1965,60442
173,1966,66820
173,1967,69538
173,1968,65124
173,1969,66900
173,1970,62316
173,1971,57910
173,1972,74760
173,1973,83450
173,1974,87970
173,1975,90845
173,1976,82810
173,1977,84770
173,1978,90545
173,1979,93165
173,1980,91615
173,1981,79000
173,1982,72247
173,1983,69396
173,1984,70757
173,1985,79127
173,1986,89357
173,1987,90708
173,1988,94661
173,1989,92637
173,1990,94907
173,1991,99956
173,1992,100218.67
173,1993,99018.11
173,1994,99551.22
173,1995,104273.22
173,1996,110944.78
173,1997,110159.22
173,1998,117999.89
173,1999,103508.56
173,2000,105680.33
173,2001,110629.67
173,2002,103316.33
173,2003,91712.78
173,2004,112437.11
173,2005,105010.89
173,2006,108806.33
173,2007,123077
173,2008,109463.11
173,2009,116162.11
173,2010,114072
173,2011,118007.33
173,2012,112752.89
173,2013,101569.33
173,2014,15192.24
173,2015,14673.99
173,2016,13803.12
173,2017,11868.02
174,1961,24480
174,1962,22986
174,1963,22686
174,1964,20739
174,1965,22808
174,1966,23651
174,1967,22188
174,1968,23748
174,1969,28591
174,1970,28364
174,1971,27376
174,1972,27677
174,1973,29421
174,1974,30440
174,1975,34488
174,1976,30662
174,1977,31358
174,1978,34674
174,1979,34550
174,1980,34685
174,1981,39349
174,1982,40253
174,1983,37624
174,1984,36956
174,1985,36021
174,1986,37013
174,1987,40479
174,1988,43206
174,1989,48370.67
174,1990,50487.33
174,1991,48183.33
174,1992,51834.33
174,1993,55352.67
174,1994,55096.33
174,1995,55118.67
174,1996,55195.33
174,1997,57047
174,1998,58814.67
174,1999,61583.33
174,2000,60732
174,2001,59070
174,2002,61499.67
174,2003,63814.33
174,2004,60352.67
174,2005,61530
174,2006,63385
174,2007,64638.67
174,2008,63641.92
174,2009,62127.75
174,2010,60907.17
174,2011,59070.33
174,2012,52376.33
174,2013,49099.33
174,2014,42146.66
174,2015,49311.5
174,2016,47235.5
174,2017,44515.25
175,1961,743
175,1962,743
175,1963,743
175,1964,743
175,1965,743
175,1966,743
175,1967,743
175,1968,743
175,1969,743
175,1970,744
175,1971,755
175,1972,792
175,1973,809
175,1974,825
175,1975,861
175,1976,887
175,1977,934
175,1978,968
175,1979,998
175,1980,1021
175,1981,1057
175,1982,1093
175,1983,1105
175,1984,1129
175,1985,1142
175,1986,1171
175,1987,1207
175,1988,1254
175,1989,1280
175,1990,1327
175,1991,1393
175,1992,1446
175,1993,1494
175,1994,1539
175,1995,1570
175,1996,1607
175,1997,1643
175,1998,1681
175,1999,1718
175,2000,1739
175,2001,1751
175,2002,1751
175,2003,1905
175,2004,1905
175,2005,1947
175,2006,2008
175,2007,2075
175,2008,2346
175,2009,2304
175,2010,2404
175,2011,2509
175,2012,2565
175,2013,2580
175,2014,2614.97
175,2015,2748.27
175,2016,2840.51
175,2017,3022.79
176,1961,733
176,1962,721
176,1963,748
176,1964,778
176,1965,829
176,1966,834
176,1967,736
176,1968,750
176,1969,724
176,1970,796
176,1971,854
176,1972,908
176,1973,849
176,1974,853
176,1975,726
176,1976,592
176,1977,499
176,1978,410
176,1979,327
176,1980,334
176,1981,333
176,1982,347
176,1983,368
176,1984,391
176,1985,417
176,1986,440
176,1987,442
176,1988,485
176,1989,574
176,1990,601
176,1991,674
176,1992,778
176,1993,882
176,1994,746
176,1995,798
176,1996,632
176,1997,914
176,1998,1020
176,1999,724
176,2000,731
176,2001,762
176,2002,913
176,2003,842
176,2004,769
176,2005,778
176,2006,802
176,2007,824
176,2008,850
176,2009,876
176,2010,903
176,2011,943
176,2012,990
176,2013,1036
176,2014,1157.1
176,2015,1184.66
176,2016,1178.81
176,2017,1115.46
181,1961,8093
181,1962,8311
181,1963,8631
181,1964,8350
181,1965,7743
181,1966,9559
181,1967,7827
181,1968,8511
181,1969,9278
181,1970,11221
181,1971,13952
181,1972,17184
181,1973,18686
181,1974,14065
181,1975,14078
181,1976,16389
181,1977,18987
181,1978,17885
181,1979,16365
181,1980,13504
181,1981,12762
181,1982,14470
181,1983,14868
181,1984,15095
181,1985,13832
181,1986,12391
181,1987,14218
181,1988,13901
181,1989,13325
181,1990,14495
181,1991,14839
181,1992,17362
181,1993,14257
181,1994,12892
181,1995,14218.5
181,1996,13323
181,1997,13664.75
181,1998,14437.25
181,1999,16285
181,2000,17544.75
181,2001,19635
181,2002,18548
181,2003,19200
181,2004,19878
181,2005,20407
181,2006,20532
181,2007,21160
181,2008,21369
181,2009,21479
181,2010,21035
181,2011,21258
181,2012,21634.5
181,2013,21845
181,2014,17363.7
181,2015,17378.94
181,2016,18446.81
181,2017,20078.06
183,1961,39424
183,1962,42883
183,1963,38225
183,1964,41856
183,1965,34336
183,1966,40853
183,1967,43008
183,1968,43162
183,1969,40270
183,1970,43713
183,1971,41299
183,1972,42570
183,1973,50710
183,1974,48030
183,1975,53219
183,1976,51492
183,1977,48974
183,1978,47394
183,1979,54137
183,1980,51828
183,1981,53430
183,1982,45000
183,1983,32940
183,1984,37750
183,1985,93050
183,1986,83332
183,1987,88302
183,1988,47650
183,1989,39216
183,1990,93578
183,1991,97510
183,1992,61217.33
183,1993,56761
183,1994,86179.33
183,1995,81644.67
183,1996,76540.67
183,1997,82202.33
183,1998,90330
183,1999,86558
183,2000,84419.67
183,2001,90089
183,2002,92717.67
183,2003,87831.67
183,2004,75808.67
183,2005,104586.67
183,2006,99288
183,2007,105716
183,2008,96624.33
183,2009,93918.33
183,2010,85698.11
183,2011,81944.33
183,2012,77231.33
183,2013,67658
183,2014,79113.43
183,2015,78330.02
183,2016,76637.4
183,2017,65600.05
184,1961,1330
184,1962,1376
184,1963,1479
184,1964,1474
184,1965,1467
184,1966,1577
184,1967,1751
184,1968,1661
184,1969,1686
184,1970,1757
184,1971,1796
184,1972,1856
184,1973,1924
184,1974,2199
184,1975,2742
184,1976,2724
184,1977,2875
184,1978,2973
184,1979,3104
184,1980,3330
184,1981,3591
184,1982,3585
184,1983,3568
184,1984,3568
184,1985,3861
184,1986,3641
184,1987,3469
184,1988,3715
184,1989,3831
184,1990,3885
184,1991,3982
184,1992,3759
184,1993,3556.33
184,1994,3285.33
184,1995,2640
184,1996,2968
184,1997,3329
184,1998,3765
184,1999,4312
184,2000,4246
184,2001,4725
184,2002,4937
184,2003,5771
184,2004,6010
184,2005,6255
184,2006,7313.33
184,2007,7894.67
184,2008,9118
184,2009,9096.67
184,2010,9818
184,2011,10148.33
184,2012,10607.67
184,2013,10840
184,2014,11140.9
184,2015,12548.66
184,2016,11493.01
184,2017,14802.98
185,1992,733300
185,1993,752793.33
185,1994,769763.67
185,1995,777784
185,1996,624077.33
185,1997,599780.33
185,1998,646293
185,1999,993877.33
185,2000,962545.33
185,2001,613145
185,2002,578437
185,2003,695748
185,2004,856272
185,2005,765322
185,2006,739181.67
185,2007,769528
185,2008,748081
185,2009,733554
185,2010,780699.67
185,2011,762743.33
185,2012,751262
185,2013,703222.33
185,2014,608474.6
185,2015,595205.98
185,2016,569585.59
185,2017,580450.19
186,1992,44000
186,1993,43000
186,1994,42000
186,1995,46000
186,1996,48000
186,1997,47000
186,1998,49000
186,1999,43000
186,2000,44000
186,2001,42000
186,2002,42000
186,2003,38000
186,2004,38000
186,2005,38000
188,1961,55
188,1962,54
188,1963,54
188,1964,55
188,1965,54
188,1966,54
188,1967,53
188,1968,53
188,1969,53
188,1970,53
188,1971,53
188,1972,53
188,1973,52
188,1974,52
188,1975,52
188,1976,52
188,1977,52
188,1978,52
188,1979,52
188,1980,53
188,1981,53
188,1982,53
188,1983,54
188,1984,53
188,1985,53
188,1986,53
188,1987,53
188,1988,52
188,1989,52
188,1990,63
188,1991,72
188,1992,80
188,1993,78
188,1994,75
188,1995,87
188,1996,90
188,1997,57
188,1998,66
188,1999,59
188,2000,233
188,2001,192
188,2002,254
188,2003,286
188,2004,169
188,2005,184
188,2006,176
188,2007,167
188,2008,128
188,2009,125
188,2010,118
188,2011,113
188,2012,154
188,2013,135
188,2014,114.79
188,2015,139.82
188,2016,137.05
188,2017,182.09
189,1961,87
189,1962,91
189,1963,94
189,1964,97
189,1965,93
189,1966,103
189,1967,96
189,1968,96
189,1969,101
189,1970,107
189,1971,98
189,1972,96
189,1973,97
189,1974,97
189,1975,99
189,1976,116
189,1977,122
189,1978,125
189,1979,120
189,1980,121
189,1981,180
189,1982,283
189,1983,371
189,1984,544
189,1985,493
189,1986,500
189,1987,614
189,1988,463
189,1989,610
189,1990,551
189,1991,836
189,1992,825
189,1993,1130
189,1994,787
189,1995,1345
189,1996,740
189,1997,725
189,1998,974
189,1999,939
189,2000,719
189,2001,661
189,2002,1998
189,2003,1957
189,2004,994
189,2005,840
189,2006,650
189,2007,710
189,2008,765
189,2009,815
189,2010,760
189,2011,810
189,2012,804
189,2013,803
189,2014,909.49
189,2015,941.54
189,2016,802.03
189,2017,818.34
19,1961,12563
19,1962,13285
19,1963,13462
19,1964,13418
19,1965,13612
19,1966,13817
19,1967,14176
19,1968,14609
19,1969,15091
19,1970,15817
19,1971,16388
19,1972,17879
19,1973,18237
19,1974,19065
19,1975,19719
19,1976,20462
19,1977,21097
19,1978,21658
19,1979,22997
19,1980,25298
19,1981,24642
19,1982,25141
19,1983,26124
19,1984,25284
19,1985,26507
19,1986,23977.67
19,1987,25773.67
19,1988,26436
19,1989,27376
19,1990,29724
19,1991,29126
19,1992,29077
19,1993,29052
19,1994,29678
19,1995,30470
19,1996,32514
19,1997,31918
19,1998,32535
19,1999,33654
19,2000,34920
19,2001,36973.33
19,2002,37512
19,2003,38703.67
19,2004,39608.33
19,2005,39973.33
19,2006,44185.67
19,2007,51493.33
19,2008,52394.33
19,2009,49035.67
19,2010,36139.67
19,2011,37243.67
19,2012,38539.33
19,2013,39184.33
19,2014,37216.19
19,2015,38566.79
19,2016,38359.12
19,2017,12538.14
191,1961,38
191,1962,40
191,1963,43
191,1964,46
191,1965,53
191,1966,66
191,1967,52
191,1968,46
191,1969,45
191,1970,45
191,1971,45
191,1972,45
191,1973,47
191,1974,49
191,1975,46
191,1976,50
191,1977,50
191,1978,50
191,1979,54
191,1980,56
191,1981,57
191,1982,62
191,1983,65
191,1984,64
191,1985,65
191,1986,68
191,1987,66
191,1988,75
191,1989,71
191,1990,66
191,1991,60
191,1992,62
191,1993,64
191,1994,64
191,1995,65
191,1996,65
191,1997,65
191,1998,65
191,1999,65
191,2000,63
191,2001,63
191,2002,202
191,2003,226
191,2004,277
191,2005,271
191,2006,338
191,2007,295.67
191,2008,282.67
191,2009,267
191,2010,203
191,2011,114
191,2012,106
191,2013,72
191,2014,104.21
191,2015,230.63
191,2016,154.64
191,2017,241.55
193,1961,34
193,1962,36
193,1963,40
193,1964,26
193,1965,24
193,1966,18
193,1967,31
193,1968,31
193,1969,37
193,1970,31
193,1971,35
193,1972,29
193,1973,31
193,1974,17
193,1975,20
193,1976,26
193,1977,21
193,1978,21
193,1979,19
193,1980,17
193,1981,19
193,1982,19
193,1983,20
193,1984,20
193,1985,21
193,1986,22
193,1987,22
193,1988,22
193,1989,22
193,1990,23
193,1991,24
193,1992,24
193,1993,21
193,1994,21
193,1995,21
193,1996,22
193,1997,24
193,1998,24
193,1999,24
193,2000,24
193,2001,24
193,2002,26
193,2003,29
193,2004,29
193,2005,31
193,2006,31
193,2007,31
193,2008,33
193,2009,37
193,2010,37
193,2011,33
193,2012,35
193,2013,36
193,2014,38.25
193,2015,47.44
193,2016,46.65
193,2017,48.02
194,1961,5653
194,1962,5715
194,1963,5834
194,1964,5939
194,1965,6070
194,1966,6195
194,1967,6620
194,1968,6784
194,1969,7243
194,1970,8521
194,1971,8510
194,1972,9186
194,1973,9978
194,1974,13694
194,1975,13964
194,1976,15758
194,1977,16568
194,1978,15866
194,1979,17580
194,1980,19087
194,1981,22139
194,1982,25652
194,1983,33535
194,1984,36004
194,1985,40287
194,1986,46554
194,1987,46932
194,1988,49539
194,1989,46777
194,1990,52509
194,1991,54279.67
194,1992,55913
194,1993,53288
194,1994,56305
194,1995,62108
194,1996,78969
194,1997,73241
194,1998,72620.33
194,1999,71493.33
194,2000,79548
194,2001,78043.33
194,2002,71333.67
194,2003,86749.33
194,2004,82443
194,2005,90612.67
194,2006,88219
194,2007,89160.33
194,2008,82232.33
194,2009,88039.33
194,2010,95596
194,2011,90601
194,2012,90766
194,2013,108716
194,2014,49652.51
194,2015,53021.7
194,2016,51824.73
194,2017,56073.02
195,1961,7631
195,1962,7895
195,1963,8428
195,1964,8982
195,1965,9410
195,1966,9859
195,1967,10941
195,1968,11058
195,1969,11166
195,1970,10516
195,1971,9859
195,1972,9919
195,1973,9497
195,1974,8107
195,1975,8541
195,1976,8819
195,1977,9210
195,1978,9838
195,1979,10133
195,1980,8962
195,1981,10435
195,1982,10845
195,1983,10994
195,1984,10712
195,1985,11423
195,1986,12728
195,1987,12810
195,1988,12968
195,1989,13990
195,1990,14372.33
195,1991,15204
195,1992,14911.33
195,1993,15238
195,1994,14941
195,1995,14878.67
195,1996,15022.67
195,1997,14838.33
195,1998,14884.67
195,1999,15984
195,2000,16749.33
195,2001,17896.67
195,2002,17476.67
195,2003,17717.67
195,2004,17431.67
195,2005,19245.67
195,2006,21156.67
195,2007,20630.67
195,2008,21677
195,2009,21384.33
195,2010,20809.33
195,2011,22141.67
195,2012,23191
195,2013,24406.33
195,2014,18272.22
195,2015,18463.08
195,2016,19547.23
195,2017,27963.48
197,1961,1346
197,1962,1408
197,1963,1448
197,1964,1515
197,1965,1553
197,1966,1619
197,1967,1627
197,1968,1660
197,1969,1685
197,1970,1711
197,1971,1736
197,1972,1775
197,1973,1814
197,1974,1820
197,1975,1865
197,1976,1876
197,1977,1913
197,1978,1928
197,1979,1966
197,1980,2004
197,1981,2044
197,1982,2101
197,1983,2143
197,1984,1971
197,1985,1967
197,1986,1830
197,1987,1814
197,1988,1830
197,1989,1970
197,1990,1971
197,1991,1974
197,1992,2061
197,1993,2122
197,1994,2191
197,1995,2239
197,1996,2055
197,1997,2035
197,1998,2039
197,1999,2068
197,2000,2068
197,2001,1708
197,2002,1734
197,2003,1914
197,2004,2054
197,2005,2268
197,2006,2745
197,2007,2835
197,2008,3058
197,2009,3387
197,2010,3545
197,2011,3942
197,2012,4382
197,2013,4400
197,2014,6209.74
197,2015,6049.39
197,2016,6097.38
197,2017,6732.2
198,1992,9565
198,1993,13105
198,1994,12951
198,1995,13789
198,1996,13409
198,1997,14291.67
198,1998,12866.33
198,1999,13033
198,2000,15879.33
198,2001,13036
198,2002,11750
198,2003,13492.67
198,2004,13133
198,2005,11987.33
198,2006,11695
198,2007,11489.33
198,2008,10503.67
198,2009,9829
198,2010,9256.67
198,2011,8228.67
198,2012,8089.33
198,2013,7225.67
198,2014,7954.17
198,2015,8533.52
198,2016,7968.37
198,2017,7162.17
199,1993,18308
199,1994,14202
199,1995,13282
199,1996,14772
199,1997,15824
199,1998,14243
199,1999,13895.25
199,2000,14974.75
199,2001,15532.25
199,2002,16551.25
199,2003,17034
199,2004,12193
199,2005,10987.5
199,2006,9560.25
199,2007,8871.5
199,2008,9976.5
199,2009,7727
199,2010,9388.75
199,2011,9459.5
199,2012,7961.75
199,2013,8164
199,2014,6371.72
199,2015,11938.25
199,2016,10529.98
199,2017,15443.61
2,1961,25890
2,1962,26513
2,1963,27660
2,1964,28637
2,1965,29676
2,1966,35561
2,1967,36874
2,1968,40613
2,1969,40603
2,1970,41338
2,1971,41549
2,1972,37449
2,1973,37324
2,1974,37437
2,1975,38559
2,1976,43519
2,1977,44244
2,1978,45670
2,1979,45797
2,1980,46430
2,1981,47730
2,1982,48080
2,1983,45836
2,1984,43536
2,1985,40294
2,1986,37678
2,1987,39555
2,1988,41282
2,1989,42709
2,1990,41736
2,1991,42136
2,1992,41536
2,1993,42686
2,1994,45886
2,1995,49146
2,1996,53333
2,1997,58520
2,1998,63317
2,1999,57084
2,2000,49844
2,2001,42390
2,2002,48530
2,2003,44620
2,2004,46964
2,2005,50437
2,2006,43631
2,2007,43302
2,2008,48113
2,2009,50280
2,2010,53648
2,2011,55390
2,2012,54408
2,2013,52561
2,2014,53319.6
2,2015,53889.45
2,2016,51010.4
2,2017,53469.35
20,1961,1943
20,1962,2346
20,1963,2873
20,1964,3639
20,1965,4650
20,1966,4366
20,1967,3446
20,1968,2659
20,1969,2838
20,1970,4602
20,1971,4764
20,1972,4745
20,1973,6055
20,1974,5506
20,1975,5466
20,1976,6016
20,1977,5618
20,1978,4443
20,1979,6453
20,1980,4188
20,1981,5648
20,1982,6597
20,1983,6194
20,1984,7652
20,1985,7010
20,1986,6731
20,1987,5530
20,1988,5291
20,1989,4530
20,1990,5818
20,1991,5845.67
20,1992,6629
20,1993,6951
20,1994,5556.33
20,1995,7165.33
20,1996,6858.33
20,1997,5846.33
20,1998,6209
20,1999,4958.33
20,2000,5341.33
20,2001,5517.33
20,2002,5049.67
20,2003,4928.33
20,2004,5662.33
20,2005,5904.67
20,2006,5959.67
20,2007,6022.33
20,2008,6239.33
20,2009,6842.67
20,2010,7720.33
20,2011,7677.67
20,2012,6586
20,2013,7618.67
20,2014,4843.7
20,2015,6009.48
20,2016,6294.48
20,2017,7220.92
202,1961,79585
202,1962,83340
202,1963,85536
202,1964,90455
202,1965,94452
202,1966,96580
202,1967,92362
202,1968,93455
202,1969,98633
202,1970,91444
202,1971,95404
202,1972,97913
202,1973,103915
202,1974,103075
202,1975,100048
202,1976,107803
202,1977,109024
202,1978,117504
202,1979,124211
202,1980,120621
202,1981,114744
202,1982,118823
202,1983,125588
202,1984,128365
202,1985,129203
202,1986,122086
202,1987,129062
202,1988,122470
202,1989,122834
202,1990,139732
202,1991,145380
202,1992,148799
202,1993,147398.67
202,1994,146235
202,1995,135604
202,1996,140497
202,1997,143484
202,1998,142783.33
202,1999,151556
202,2000,166929
202,2001,163743
202,2002,180770
202,2003,187032
202,2004,196956
202,2005,201533
202,2006,209284
202,2007,225907
202,2008,230434.75
202,2009,239426
202,2010,247937.75
202,2011,253877.48
202,2012,256973.99
202,2013,254060.07
202,2014,250321.29
202,2015,258975
202,2016,280885.74
202,2017,282047.11
203,1961,61366
203,1962,61787
203,1963,72802
203,1964,82837
203,1965,75450
203,1966,88852
203,1967,96360
203,1968,97466
203,1969,100991
203,1970,111672
203,1971,108788
203,1972,108831
203,1973,125429
203,1974,137135
203,1975,136846
203,1976,143431
203,1977,149067
203,1978,143617
203,1979,147578
203,1980,150387
203,1981,162246
203,1982,163819
203,1983,162772
203,1984,161275
203,1985,162663
203,1986,166859
203,1987,198987
203,1988,205657.67
203,1989,201628.67
203,1990,209575.33
203,1991,210825.33
203,1992,210267.67
203,1993,204457.33
203,1994,202926
203,1995,213575
203,1996,218651
203,1997,216741
203,1998,239958
203,1999,245356
203,2000,233505.67
203,2001,251687.67
203,2002,253313.67
203,2003,228977.33
203,2004,219319
203,2005,235240
203,2006,248359
203,2007,228603
203,2008,215117
203,2009,240442
203,2010,251489
203,2011,213082
203,2012,202535
203,2013,220864
203,2014,142049.28
203,2015,139001.48
203,2016,108254.54
203,2017,140242.81
206,1961,27000
206,1962,28000
206,1963,28000
206,1964,29000
206,1965,30000
206,1966,32000
206,1967,34000
206,1968,36000
206,1969,36000
206,1970,36000
206,1971,37000
206,1972,38000
206,1973,41000
206,1974,42000
206,1975,45000
206,1976,47000
206,1977,49000
206,1978,51000
206,1979,55000
206,1980,57000
206,1981,58000
206,1982,52000
206,1983,50000
206,1984,55000
206,1985,56000
206,1986,50000
206,1987,49000
206,1988,52000
206,1989,54000
206,1990,55000
206,1991,61000
206,1992,71000
206,1993,84000
206,1994,92000
206,1995,104000
206,1996,111000
206,1997,123000
206,1998,140000
206,1999,152000
206,2000,160000
206,2001,167000
206,2002,174000
206,2003,178000
206,2004,180000
206,2005,182000
206,2006,208000
206,2007,208000
206,2008,218000
206,2009,214000
206,2010,219000
206,2011,221000
207,1961,222
207,1962,235
207,1963,252
207,1964,266
207,1965,250
207,1966,272
207,1967,261
207,1968,287
207,1969,316
207,1970,281
207,1971,291
207,1972,281
207,1973,290
207,1974,264
207,1975,288
207,1976,282
207,1977,297
207,1978,269
207,1979,303
207,1980,324
207,1981,289
207,1982,302
207,1983,296
207,1984,300
207,1985,334
207,1986,278
207,1987,271
207,1988,303
207,1989,413
207,1990,487
207,1991,576
207,1992,535
207,1993,512
207,1994,434
207,1995,436
207,1996,386
207,1997,467
207,1998,428
207,1999,461
207,2000,418
207,2001,395
207,2002,389
207,2003,634
207,2004,794
207,2005,737
207,2006,867
207,2007,361
207,2008,359
207,2009,404
207,2010,467
207,2011,444
207,2012,425.67
207,2013,1175.67
207,2014,731.74
207,2015,350.83
207,2016,462.26
207,2017,383.49
208,1992,16484
208,1993,10151
208,1994,8494
208,1995,8412
208,1996,8545
208,1997,5836
208,1998,5218
208,1999,5202
208,2000,5166
208,2001,5711
208,2002,6763
208,2003,8487
208,2004,8847
208,2005,9868
208,2006,9677
208,2007,10253
208,2008,11152
208,2009,11491
208,2010,12410
208,2011,13043
208,2012,12853
208,2013,15070
208,2014,17696.7
208,2015,18431.66
208,2016,19716.31
208,2017,20620.72
209,1961,1279
209,1962,1423
209,1963,1404
209,1964,1584
209,1965,1511
209,1966,1790
209,1967,1839
209,1968,1720
209,1969,1236
209,1970,1601
209,1971,1714
209,1972,1924
209,1973,575
209,1974,1733
209,1975,1818
209,1976,2188
209,1977,1978
209,1978,2264
209,1979,2473
209,1980,2403
209,1981,2218
209,1982,2353
209,1983,2497
209,1984,2015
209,1985,2177
209,1986,2123
209,1987,2377
209,1988,1836
209,1989,2010
209,1990,1697
209,1991,1979
209,1992,2191
209,1993,2165
209,1994,2138
209,1995,2318
209,1996,1657
209,1997,2604
209,1998,2608.33
209,1999,2735
209,2000,3194
209,2001,2807
209,2002,2501.67
209,2003,2053.33
209,2004,2247.67
209,2005,2354.67
209,2006,2318
209,2007,2329.33
209,2008,2309.33
209,2009,2308.33
209,2010,2409.33
209,2011,2468.33
209,2012,2501.33
209,2013,3316
209,2014,3059.89
209,2015,2581.07
209,2016,2642.72
209,2017,3140.62
21,1961,104442
21,1962,108413
21,1963,107996
21,1964,112928
21,1965,116022
21,1966,119851
21,1967,121702
21,1968,132737
21,1969,138705
21,1970,142602
21,1971,144817
21,1972,153477
21,1973,147413
21,1974,147536
21,1975,158579
21,1976,170083
21,1977,180150
21,1978,187006
21,1979,191554
21,1980,203734
21,1981,208257
21,1982,201839
21,1983,209170
21,1984,208652
21,1985,216801
21,1986,232825
21,1987,245815
21,1988,255738
21,1989,259884.67
21,1990,258269
21,1991,286606.67
21,1992,285418
21,1993,308935
21,1994,327428.67
21,1995,332583.67
21,1996,334235
21,1997,351870.33
21,1998,388477.67
21,1999,423057
21,2000,442134
21,2001,449599
21,2002,463031
21,2003,469892.67
21,2004,480393
21,2005,450608.33
21,2006,457686.31
21,2007,481206.08
21,2008,458463.82
21,2009,439825.23
21,2010,441890.46
21,2011,438656.23
21,2012,450359.36
21,2013,464745.97
21,2014,475483.2
21,2015,483062.62
21,2016,478210.54
21,2017,484470.37
210,1961,22718
210,1962,22571
210,1963,24602
210,1964,22901
210,1965,22689
210,1966,25490
210,1967,24824
210,1968,24665
210,1969,25405
210,1970,24409
210,1971,24275
210,1972,21488
210,1973,24439
210,1974,22586
210,1975,23954
210,1976,24273
210,1977,23552
210,1978,22741
210,1979,22559
210,1980,21816
210,1981,20639
210,1982,21591
210,1983,20355
210,1984,19870
210,1985,20408
210,1986,19256
210,1987,18635
210,1988,19028.67
210,1989,18289.33
210,1990,18137.33
210,1991,17782.33
210,1992,17899.67
210,1993,16157.67
210,1994,15898.33
210,1995,17284
210,1996,15144
210,1997,13779.67
210,1998,9768
210,1999,12744.67
210,2000,21048.67
210,2001,18731.67
210,2002,18010.67
210,2003,18994
210,2004,19718.33
210,2005,18612
210,2006,19614
210,2007,19251
210,2008,16977.67
210,2009,16135.33
210,2010,13956.33
210,2011,7810.33
210,2012,6606
210,2013,5596
210,2014,3837.41
210,2015,3820.91
210,2016,1525.75
210,2017,1545.11
211,1961,22871
211,1962,24287
211,1963,24086
211,1964,23365
211,1965,24654
211,1966,25974
211,1967,27086
211,1968,29642
211,1969,29791
211,1970,31383
211,1971,32009
211,1972,36127
211,1973,32141
211,1974,34941
211,1975,33856
211,1976,35488
211,1977,36413
211,1978,38137
211,1979,38479
211,1980,40280
211,1981,38124
211,1982,39533
211,1983,38705
211,1984,39486
211,1985,39584
211,1986,38842
211,1987,39692
211,1988,39365.67
211,1989,37681.33
211,1990,39810
211,1991,40161.67
211,1992,40556.33
211,1993,41282
211,1994,36788.33
211,1995,37539.67
211,1996,36952
211,1997,37836
211,1998,36354
211,1999,35726
211,2000,33094
211,2001,33937
211,2002,36699
211,2003,40370
211,2004,36176
211,2005,39901
211,2006,36381
211,2007,35179
211,2008,33637
211,2009,31180
211,2010,27916
211,2011,27503
211,2012,29483
211,2013,30460
211,2014,29276.28
211,2015,28582.56
211,2016,29705.1
211,2017,24384.9
213,1992,7600
213,1993,8400
213,1994,2300
213,1995,1100
213,1996,4600
213,1997,5600
213,1998,2000
213,1999,5000
213,2000,2000
213,2001,2000
213,2002,2000
213,2003,2000
213,2004,2500
213,2005,2500
213,2006,2500
213,2007,2500
213,2008,2500
213,2009,2500
213,2010,2500
213,2011,2500
213,2012,2500
213,2013,2500
213,2014,3520.38
213,2015,4099.68
213,2016,4223.15
213,2017,4640.98
214,1961,9049
214,1962,9974
214,1963,10278
214,1964,10224
214,1965,10340
214,1966,11508
214,1967,13397
214,1968,14217
214,1969,14820
214,1970,16941
214,1971,17146
214,1972,18009
214,1973,22339
214,1974,20145
214,1975,17891
214,1976,23771
214,1977,28385
214,1978,28595
214,1979,32215
214,1980,33740
214,1981,34508
214,1982,35679
214,1983,40178
214,1984,42637
214,1985,45811
214,1986,46253
214,1987,50272
214,1988,50955
214,1989,53426.14
214,1990,57204.14
214,1991,62175.71
214,1992,63958.86
214,1993,66643.43
214,1994,69628
214,1995,72605
214,1996,74825
214,1997,72693
214,1998,72333
214,1999,73594
214,2000,75169.29
214,2001,72766.14
214,2002,76760.43
214,2003,79799.14
214,2004,82849.29
214,2005,75298.29
214,2006,75500.57
214,2007,127697
214,2008,219430
214,2009,74033.57
214,2010,74253.43
214,2011,75587
214,2012,75027.57
214,2013,75096.57
214,2014,47804.75
214,2015,48356.12
214,2016,42776.58
214,2017,45667.97
215,1961,17664
215,1962,17739
215,1963,17880
215,1964,17364
215,1965,17546
215,1966,20194
215,1967,20526
215,1968,21034
215,1969,21400
215,1970,21690
215,1971,22070
215,1972,20963
215,1973,22911
215,1974,23328
215,1975,24021
215,1976,24672
215,1977,26362
215,1978,26983
215,1979,27179
215,1980,26043
215,1981,27190
215,1982,28479
215,1983,29100
215,1984,30660
215,1985,32521
215,1986,33759
215,1987,33990
215,1988,36242
215,1989,37588
215,1990,38047
215,1991,38459
215,1992,39110
215,1993,40017
215,1994,40522
215,1995,45960
215,1996,38241
215,1997,38371
215,1998,39307
215,1999,48289.33
215,2000,43714
215,2001,40829.67
215,2002,41351.67
215,2003,42126.67
215,2004,42244
215,2005,45498
215,2006,46344.67
215,2007,41809.33
215,2008,48082
215,2009,48931
215,2010,52099
215,2011,58159.67
215,2012,63754
215,2013,64778
215,2014,62681.5
215,2015,63272.56
215,2016,64586.74
215,2017,6.92
216,1961,32447
216,1962,33673
216,1963,33957
216,1964,36890
216,1965,36850
216,1966,38734
216,1967,39849
216,1968,41718
216,1969,43268
216,1970,44966
216,1971,40224
216,1972,40912
216,1973,45481
216,1974,45249
216,1975,44957
216,1976,45638
216,1977,46913
216,1978,61805
216,1979,54999
216,1980,54148
216,1981,58003
216,1982,60168
216,1983,54353
216,1984,59806
216,1985,69815
216,1986,59863
216,1987,64361
216,1988,64777
216,1989,65242
216,1990,49771
216,1991,50656
216,1992,57161
216,1993,58670
216,1994,57934
216,1995,55608
216,1996,50977
216,1997,48558
216,1998,44979
216,1999,46213
216,2000,34775
216,2001,40334
216,2002,37197
216,2003,37280
216,2004,42775
216,2005,46940
216,2006,53318
216,2007,56435
216,2008,58800
216,2009,61030
216,2010,66360
216,2011,75009
216,2012,71737
216,2013,74714
216,2014,83084.24
216,2015,95409.75
216,2016,99287.17
216,2017,92310.34
217,1961,1051
217,1962,1074
217,1963,1131
217,1964,1363
217,1965,1422
217,1966,1463
217,1967,1497
217,1968,1440
217,1969,1443
217,1970,1499
217,1971,1293
217,1972,1487
217,1973,1619
217,1974,1647
217,1975,1788
217,1976,1687
217,1977,1592
217,1978,1598
217,1979,1567
217,1980,1375
217,1981,1512
217,1982,1755
217,1983,1508
217,1984,1697
217,1985,1899
217,1986,1982
217,1987,2143
217,1988,2509
217,1989,2609
217,1990,2842
217,1991,2560
217,1992,2578
217,1993,2244
217,1994,2415.33
217,1995,1981.67
217,1996,2459.67
217,1997,2629.67
217,1998,2682.33
217,1999,2910.67
217,2000,3020
217,2001,3358.33
217,2002,3372
217,2003,3398.67
217,2004,3502
217,2005,3966
217,2006,4186
217,2007,4119
217,2008,4197
217,2009,4388
217,2010,5741
217,2011,5855.67
217,2012,5120
217,2013,5246
217,2014,5386.31
217,2015,5692.54
217,2016,5583.48
217,2017,5340.47
220,1961,775
220,1962,756
220,1963,807
220,1964,958
220,1965,991
220,1966,1181
220,1967,1214
220,1968,990
220,1969,1102
220,1970,1306
220,1971,1227
220,1972,1828
220,1973,906
220,1974,1217
220,1975,1560
220,1976,3771
220,1977,2402
220,1978,3046
220,1979,2134
220,1980,2344
220,1981,2379
220,1982,2544
220,1983,2729
220,1984,2642
220,1985,2498
220,1986,2935
220,1987,2315
220,1988,1789
220,1989,1693
220,1990,1631
220,1991,1949
220,1992,2487
220,1993,2123
220,1994,1773
220,1995,1288
220,1996,1624.33
220,1997,1616.33
220,1998,1748
220,1999,1578
220,2000,1567
220,2001,1841
220,2002,1560.67
220,2003,1733
220,2004,2309
220,2005,2037
220,2006,2205
220,2007,2282
220,2008,1938
220,2009,1995
220,2010,2024
220,2011,3427
220,2012,2672
220,2013,2760
220,2014,2115.66
220,2015,2865.73
220,2016,2717.82
220,2017,2608.22
221,1990,4666
221,1991,4627
221,1992,4258
221,1993,4307
221,1994,4202
221,1995,4278
221,1996,4474
221,1997,4883
221,1998,4621.33
221,1999,4710
221,2000,4789
221,2001,5150.33
221,2002,5629
221,2003,5758.33
221,2004,6132
221,2005,6837
221,2006,7041
221,2007,7226
221,2008,8786.33
221,2009,9478
221,2010,10492.33
221,2011,10646
221,2012,11121
221,2013,12206.33
221,2014,12861.06
221,2015,11526.23
221,2016,12544.87
221,2017,12491.96
222,1961,7040
222,1962,6710
222,1963,6790
222,1964,7122
222,1965,7651
222,1966,8335
222,1967,7886
222,1968,7144
222,1969,7655
222,1970,6365
222,1971,7205
222,1972,7945
222,1973,8780
222,1974,9260
222,1975,10390
222,1976,11200
222,1977,11255
222,1978,10040
222,1979,7265
222,1980,8933
222,1981,10922
222,1982,11154
222,1983,11581
222,1984,10795
222,1985,11303
222,1986,11750
222,1987,11927
222,1988,11248
222,1989,11256
222,1990,11358
222,1991,11961
222,1992,12667
222,1993,12798
222,1994,13307
222,1995,13743
222,1996,14066
222,1997,14145
222,1998,14645
222,1999,14845
222,2000,15645
222,2001,15445
222,2002,15245
222,2003,14545
222,2004,14145
222,2005,14567
222,2006,15110
222,2007,15520
222,2008,15354.67
222,2009,16565.33
222,2010,15381.67
222,2011,15265.33
222,2012,15522
222,2013,15375
222,2014,17893.47
222,2015,17923.04
222,2016,18165.02
222,2017,18348.54
223,1961,67332
223,1962,67334
223,1963,66750
223,1964,65096
223,1965,67220
223,1966,70611
223,1967,68687
223,1968,70388
223,1969,78380
223,1970,79611
223,1971,78348
223,1972,75767
223,1973,77615
223,1974,87774
223,1975,96375
223,1976,90832
223,1977,93773
223,1978,91802
223,1979,79445
223,1980,76491
223,1981,91068
223,1982,96727
223,1983,96713
223,1984,100358
223,1985,95469
223,1986,111255
223,1987,96812
223,1988,86042
223,1989,92040
223,1990,89445
223,1991,80160.67
223,1992,76069
223,1993,75675
223,1994,78915
223,1995,73295
223,1996,71921
223,1997,80963
223,1998,78089
223,1999,74326
223,2000,76261
223,2001,69825
223,2002,66455
223,2003,61432
223,2004,65682
223,2005,62309
223,2006,63862.33
223,2007,67703
223,2008,63775
223,2009,57465
223,2010,68621
223,2011,71173
223,2012,77442
223,2013,88320
223,2014,120260.55
223,2015,134713.61
223,2016,138416.46
223,2017,130701.55
225,1961,1254
225,1962,1257
225,1963,1294
225,1964,1347
225,1965,1385
225,1966,1436
225,1967,1483
225,1968,1552
225,1969,1554
225,1970,1732
225,1971,1792
225,1972,1977
225,1973,1998
225,1974,2051
225,1975,1604
225,1976,1242
225,1977,1621
225,1978,2068
225,1979,2342
225,1980,3948
225,1981,3980
225,1982,5179
225,1983,5106
225,1984,6533
225,1985,6934
225,1986,6968
225,1987,7118
225,1988,7446
225,1989,8525
225,1990,9297
225,1991,8591
225,1992,8826
225,1993,9178
225,1994,9746
225,1995,13176
225,1996,12495
225,1997,12314
225,1998,11924
225,1999,12138
225,2000,11002
225,2001,10697
225,2002,10935
225,2003,12008
225,2004,11514
225,2005,8509.67
225,2006,14941
225,2007,13841.33
225,2008,17747.67
225,2009,18762.33
225,2010,14717.67
225,2011,17112.67
225,2012,17117
225,2013,19594.67
225,2014,23229.22
225,2015,24764.27
225,2016,28458.81
225,2017,24921.31
226,1961,14150
226,1962,13426
226,1963,13276
226,1964,12994
226,1965,13131
226,1966,13792
226,1967,13930
226,1968,14018
226,1969,14618
226,1970,15585
226,1971,16452
226,1972,16122
226,1973,17069
226,1974,17098
226,1975,17718
226,1976,18014
226,1977,19327
226,1978,20348
226,1979,20985
226,1980,19566
226,1981,19831
226,1982,20337
226,1983,20681
226,1984,21296
226,1985,22084
226,1986,17191
226,1987,17139
226,1988,18210
226,1989,21406
226,1990,24626
226,1991,25629
226,1992,26231
226,1993,27502
226,1994,26675
226,1995,27338
226,1996,27894
226,1997,28478
226,1998,29629
226,1999,30585
226,2000,31211
226,2001,32637.67
226,2002,35103
226,2003,38130
226,2004,40882
226,2005,43557
226,2006,46387.33
226,2007,49262
226,2008,49065
226,2009,50659
226,2010,52046
226,2011,53499
226,2012,54893
226,2013,57660
226,2014,54935.69
226,2015,52895.48
226,2016,52069.34
226,2017,50308.12
228,1961,635000
228,1962,707000
228,1963,811000
228,1964,708000
228,1965,721000
228,1966,739000
228,1967,798000
228,1968,786000
228,1969,742000
228,1970,728000
228,1971,722000
228,1972,759000
228,1973,753000
228,1974,776000
228,1975,826000
228,1976,784000
228,1977,769000
228,1978,803000
228,1979,798000
228,1980,800000
228,1981,804000
228,1982,798000
228,1983,820000
228,1984,855000
228,1985,841000
228,1986,758000
228,1987,758000
228,1988,746000
228,1989,762000
228,1990,716000
228,1991,618000
229,1961,239112
229,1962,246710
229,1963,256581
229,1964,260680
229,1965,262630
229,1966,266589
229,1967,267379
229,1968,272172
229,1969,240633
229,1970,238078
229,1971,236181
229,1972,236074
229,1973,236256
229,1974,234931
229,1975,261851
229,1976,263260
229,1977,250460
229,1978,264529
229,1979,262248
229,1980,270224
229,1981,264569
229,1982,264152
229,1983,266397
229,1984,269522
229,1985,277888
229,1986,255068
229,1987,254672
229,1988,255400.33
229,1989,239485
229,1990,228735
229,1991,222268
229,1992,222638.33
229,1993,203046.67
229,1994,197321
229,1995,188608
229,1996,166526.33
229,1997,151403
229,1998,142772.33
229,1999,146259
229,2000,147853.67
229,2001,163181.33
229,2002,156155.33
229,2003,167497.67
229,2004,173227.67
229,2005,172134.67
229,2006,175952.33
229,2007,170189.33
229,2008,164291.33
229,2009,156359
229,2010,130649
229,2011,126378.33
229,2012,126855.33
229,2013,125948.67
229,2014,123827.86
229,2015,124090.14
229,2016,135551.86
229,2017,127167.38
23,1961,87
23,1962,99
23,1963,101
23,1964,99
23,1965,100
23,1966,105
23,1967,106
23,1968,114
23,1969,94
23,1970,102
23,1971,133
23,1972,145
23,1973,177
23,1974,156
23,1975,153
23,1976,167
23,1977,189
23,1978,195
23,1979,192
23,1980,213
23,1981,175
23,1982,161
23,1983,179
23,1984,190
23,1985,231
23,1986,215
23,1987,243
23,1988,192
23,1989,138
23,1990,205
23,1991,198.67
23,1992,209.67
23,1993,167.33
23,1994,180
23,1995,193
23,1996,185.33
23,1997,208.67
23,1998,203
23,1999,188.33
23,2000,190
23,2001,218.33
23,2002,230
23,2003,284.67
23,2004,308.67
23,2005,198
23,2006,197.67
23,2007,219
23,2008,215.33
23,2009,200
23,2010,203
23,2011,216
23,2012,229.67
23,2013,249
23,2014,261.9
23,2015,262.81
23,2016,230.31
23,2017,253.44
230,1992,70800
230,1993,175800
230,1994,194600
230,1995,258500
230,1996,239100
230,1997,258400
230,1998,207200
230,1999,180300
230,2000,205300
230,2001,151588.89
230,2002,139318.67
230,2003,153593.33
230,2004,131367.78
230,2005,179172.22
230,2006,137720
230,2007,174685.56
230,2008,148381.11
230,2009,163487.78
230,2010,162338.89
230,2011,156894.44
230,2012,141940
230,2013,150934.44
230,2014,117260.88
230,2015,113606.93
230,2016,107164.21
230,2017,101961.37
231,1961,375789
231,1962,380988
231,1963,390257
231,1964,391148
231,1965,397080
231,1966,405488
231,1967,425481
231,1968,438919
231,1969,433465
231,1970,448242
231,1971,452671
231,1972,442004
231,1973,406416
231,1974,452235
231,1975,434714
231,1976,436224
231,1977,438843
231,1978,410791
231,1979,414042
231,1980,401696
231,1981,391594
231,1982,352606
231,1983,388481
231,1984,384919
231,1985,367950
231,1986,350935
231,1987,358800
231,1988,303804
231,1989,360393
231,1990,357656
231,1991,320062
231,1992,328175
231,1993,310096
231,1994,304630
231,1995,240874
231,1996,222824.67
231,1997,273256
231,1998,284662.67
231,1999,278179
231,2000,171158
231,2001,205847
231,2002,312030
231,2003,301317.67
231,2004,385807
231,2005,367096
231,2006,363137
231,2007,351015
231,2008,212342
231,2009,196752
231,2010,153738
231,2011,102018
231,2012,137838.67
231,2013,142194
231,2014,123127.28
231,2015,122209.32
231,2016,124185.56
231,2017,128144.4
233,1961,4313
233,1962,4488
233,1963,4915
233,1964,5319
233,1965,5748
233,1966,6453
233,1967,6521
233,1968,6179
233,1969,7331
233,1970,7865
233,1971,8094
233,1972,7185
233,1973,5645
233,1974,5463
233,1975,6219
233,1976,7167
233,1977,7695
233,1978,7976
233,1979,8398
233,1980,8668
233,1981,9031
233,1982,10423
233,1983,10831
233,1984,11231
233,1985,12668
233,1986,13130
233,1987,14042
233,1988,14504
233,1989,14619
233,1990,17904
233,1991,18768
233,1992,19251
233,1993,19745
233,1994,20265.67
233,1995,20839
233,1996,21417.33
233,1997,22016.33
233,1998,22634
233,1999,23278
233,2000,23946
233,2001,24644.33
233,2002,25365.33
233,2003,31559
233,2004,32488
233,2005,33415
233,2006,34382
233,2007,35001
233,2008,35523
233,2009,36415.33
233,2010,37256
233,2011,38122.33
233,2012,39140
233,2013,26441
233,2014,33870.64
233,2015,32554.06
233,2016,32121.99
233,2017,31841.14
234,1961,4039
234,1962,4163
234,1963,4162
234,1964,4850
234,1965,4703
234,1966,4250
234,1967,3991
234,1968,5009
234,1969,4677
234,1970,5990
234,1971,5418
234,1972,4973
234,1973,4992
234,1974,5374
234,1975,5392
234,1976,5821
234,1977,5036
234,1978,4988
234,1979,4293
234,1980,4563
234,1981,5737
234,1982,6137
234,1983,5898
234,1984,4749
234,1985,4838
234,1986,5261
234,1987,4690
234,1988,5335
234,1989,5993
234,1990,5644
234,1991,5327
234,1992,5518
234,1993,5846.33
234,1994,6115.67
234,1995,5732.33
234,1996,6877.33
234,1997,7212.67
234,1998,7610
234,1999,7125
234,2000,7205.33
234,2001,6441.33
234,2002,6502.67
234,2003,5743.67
234,2004,6838.67
234,2005,7617
234,2006,8493.67
234,2007,7734.33
234,2008,9083.67
234,2009,9053.33
234,2010,8668.33
234,2011,8822.67
234,2012,9084.67
234,2013,9923.67
234,2014,4299.07
234,2015,5605.42
234,2016,6204.99
234,2017,6120.85
235,1992,53900
235,1993,65500
235,1994,74900
235,1995,80700
235,1996,73200
235,1997,74600
235,1998,81200
235,1999,75300
235,2000,80106
235,2001,75822
235,2002,73324
235,2003,79477
235,2004,79748
235,2005,81536
235,2006,83526
235,2007,82634
235,2008,82980
235,2009,86623
235,2010,86579
235,2011,88268
235,2012,90642
235,2013,94200
235,2014,112306.7
235,2015,115252.25
235,2016,117513.61
235,2017,120775.4
236,1961,22006
236,1962,22728
236,1963,23509
236,1964,25364
236,1965,25924
236,1966,27977
236,1967,28915
236,1968,29874
236,1969,33189
236,1970,34240
236,1971,36213
236,1972,36157
236,1973,42382
236,1974,43637
236,1975,45058
236,1976,46675
236,1977,47186
236,1978,54775
236,1979,58288
236,1980,62025
236,1981,63066
236,1982,66461
236,1983,63513
236,1984,59368
236,1985,63332
236,1986,56292
236,1987,50288
236,1988,55165
236,1989,60299
236,1990,65264.33
236,1991,61230
236,1992,67593
236,1993,71334.33
236,1994,63968.67
236,1995,56871
236,1996,59050
236,1997,68717.33
236,1998,68811.67
236,1999,65850.67
236,2000,72041.67
236,2001,69479
236,2002,68896.33
236,2003,72150.67
236,2004,60095
236,2005,68584
236,2006,76318
236,2007,77868
236,2008,76531.67
236,2009,73893.33
236,2010,74528.33
236,2011,76455.67
236,2012,74297.33
236,2013,89500.67
236,2014,74110.05
236,2015,60599.95
236,2016,57992.07
236,2017,65208.92
237,1961,46143
237,1962,46712
237,1963,46873
237,1964,47763
237,1965,49426
237,1966,50994
237,1967,52009
237,1968,53555
237,1969,51769
237,1970,53561
237,1971,56950
237,1972,58243
237,1973,55835
237,1974,54607
237,1975,54440
237,1976,53145
237,1977,54277
237,1978,54570
237,1979,56437
237,1980,68096
237,1981,73714
237,1982,79990
237,1983,82975
237,1984,86688
237,1985,91638
237,1986,94842
237,1987,96393
237,1988,95268
237,1989,103297
237,1990,106983
237,1991,108437
237,1992,121977
237,1993,130472
237,1994,134821
237,1995,141779
237,1996,146030
237,1997,150999
237,1998,152740
237,1999,161304
237,2000,174533
237,2001,182040
237,2002,203863
237,2003,222446
237,2004,258046
237,2005,276145
237,2006,293223
237,2007,316265
237,2008,333156
237,2009,363034
237,2010,365578
237,2011,372422
237,2012,379372
237,2013,383372
237,2014,504857.58
237,2015,621046.87
237,2016,563708.95
237,2017,559726.1
238,1993,67375
238,1994,67423
238,1995,68133
238,1996,72320
238,1997,73960
238,1998,78042
238,1999,80136.33
238,2000,80434.33
238,2001,84209
238,2002,98192
238,2003,97832.67
238,2004,102406.33
238,2005,108942
238,2006,118458.33
238,2007,122565.67
238,2008,126843.33
238,2009,121412.33
238,2010,136713
238,2011,134277
238,2012,122755.33
238,2013,124265.33
238,2014,117848.27
238,2015,100931.7
238,2016,102117.45
238,2017,106582.7
244,1961,132
244,1962,149
244,1963,176
244,1964,189
244,1965,194
244,1966,172
244,1967,170
244,1968,189
244,1969,200
244,1970,176
244,1971,181
244,1972,154
244,1973,175
244,1974,156
244,1975,154
244,1976,216
244,1977,311
244,1978,204
244,1979,336
244,1980,236
244,1981,245
244,1982,285
244,1983,290
244,1984,315
244,1985,341
244,1986,336
244,1987,400
244,1988,415
244,1989,486
244,1990,460
244,1991,473
244,1992,413
244,1993,461
244,1994,438
244,1995,434
244,1996,404
244,1997,414
244,1998,414
244,1999,414
244,2000,421
244,2001,443
244,2002,467
244,2003,426
244,2004,434
244,2005,434
244,2006,436
244,2007,436
244,2008,436
244,2009,436
244,2010,436
244,2011,436
244,2012,446
244,2013,471
244,2014,492.42
244,2015,528.87
244,2016,493.49
244,2017,456.11
248,1961,40000
248,1962,39000
248,1963,37000
248,1964,40000
248,1965,50000
248,1966,48000
248,1967,57000
248,1968,62000
248,1969,55000
248,1970,58000
248,1971,66000
248,1972,58000
248,1973,61000
248,1974,73000
248,1975,77000
248,1976,71000
248,1977,80000
248,1978,82000
248,1979,92000
248,1980,85000
248,1981,81000
248,1982,79000
248,1983,81000
248,1984,89000
248,1985,76000
248,1986,74000
248,1987,79000
248,1988,78000
248,1989,81000
248,1990,81000
248,1991,63000
249,1961,8785
249,1962,8987
249,1963,9074
249,1964,9286
249,1965,9549
249,1966,9010
249,1967,9189
249,1968,8441
249,1969,7566
249,1970,7549
249,1971,8318
249,1972,8135
249,1973,8146
249,1974,8913
249,1975,9730
249,1976,9471
249,1977,10316
249,1978,10910
249,1979,11637
249,1980,13221
249,1981,13630
249,1982,13914
249,1983,13975
249,1984,14313
249,1985,14483
249,1986,14518
249,1987,14512
249,1988,15074
249,1989,15066
249,1990,15413
249,1991,15676
249,1992,16169
249,1993,16262
249,1994,15785
249,1995,16230
249,1996,16522
249,1997,17399
249,1998,18022
249,1999,18858
249,2000,19841
249,2001,20960
249,2002,21842
249,2003,23111
249,2004,23549
249,2005,24292
249,2006,25189
249,2007,28019
249,2008,30031
249,2009,32084
249,2010,35672
249,2011,38960
249,2012,41674
249,2013,45774
249,2014,49455.36
249,2015,48634.32
249,2016,46176.91
249,2017,47586.41
25,1961,81
25,1962,84
25,1963,91
25,1964,93
25,1965,102
25,1966,111
25,1967,121
25,1968,129
25,1969,142
25,1970,159
25,1971,167
25,1972,184
25,1973,199
25,1974,261
25,1975,250
25,1976,235
25,1977,242
25,1978,248
25,1979,249
25,1980,269
25,1981,244
25,1982,325
25,1983,254
25,1984,257
25,1985,263
25,1986,268
25,1987,244
25,1988,244
25,1989,248
25,1990,252
25,1991,276
25,1992,276
25,1993,284
25,1994,284
25,1995,284
25,1996,284
25,1997,288
25,1998,288
25,1999,284
25,2000,286
25,2001,294
25,2002,414
25,2003,445
25,2004,509
25,2005,611.67
25,2006,754.33
25,2007,493
25,2008,328
25,2009,332
25,2010,328
25,2011,326
25,2012,335
25,2013,358
25,2014,337.33
25,2015,330.83
25,2016,356.62
25,2017,327.69
251,1961,4454
251,1962,4435
251,1963,4391
251,1964,4483
251,1965,3978
251,1966,4722
251,1967,4557
251,1968,5019
251,1969,4307
251,1970,6227
251,1971,6940
251,1972,7562
251,1973,6217
251,1974,5123
251,1975,5014
251,1976,4718
251,1977,4938
251,1978,5029
251,1979,5186
251,1980,5093
251,1981,5418
251,1982,5790
251,1983,5302
251,1984,4994
251,1985,5561
251,1986,5667
251,1987,5903
251,1988,6018
251,1989,6230
251,1990,9524
251,1991,9848
251,1992,9953.33
251,1993,9356
251,1994,8952.67
251,1995,8269
251,1996,7697
251,1997,9220
251,1998,10004
251,1999,10659
251,2000,9786
251,2001,10218.33
251,2002,10959
251,2003,11119
251,2004,10786.67
251,2005,11495.33
251,2006,11402
251,2007,12040
251,2008,12660
251,2009,14334
251,2010,15852.33
251,2011,15723.67
251,2012,16722
251,2013,15202.33
251,2014,33589.91
251,2015,33108.92
251,2016,33662.06
251,2017,36550.83
255,2000,43321
255,2001,34870
255,2002,27933
255,2003,22897
255,2004,23011
255,2005,17892
255,2006,21215
255,2007,18520
255,2008,20456
255,2009,30113
255,2010,34753
255,2011,28748
255,2012,47475
255,2013,36455
255,2014,29643.59
255,2015,24634.31
255,2016,23660.87
255,2017,50650.16
256,2000,2231.33
256,2001,2060.67
256,2002,2734.67
256,2003,3431.33
256,2004,3140.33
256,2005,2815.67
256,2006,2775
256,2007,2783
256,2008,3091
256,2009,2757.67
256,2010,2780.67
256,2011,2316
256,2012,2247
256,2013,2150.33
256,2014,1425.48
256,2015,1845.84
256,2016,1554.42
256,2017,1214.48
26,1961,133
26,1962,225
26,1963,210
26,1964,173
26,1965,136
26,1966,146
26,1967,137
26,1968,167
26,1969,182
26,1970,184
26,1971,184
26,1972,192
26,1973,159
26,1974,204
26,1975,168
26,1976,225
26,1977,196
26,1978,163
26,1979,285
26,1980,214
26,1981,253
26,1982,256
26,1983,324
26,1984,377
26,1985,578
26,1986,383
26,1987,543
26,1988,1099
26,1989,561
26,1990,452
26,1991,521
26,1992,562
26,1993,522
26,1994,1267
26,1995,645
26,1996,685
26,1997,636.67
26,1998,597
26,1999,994
26,2000,726
26,2001,620
26,2002,892
26,2003,731
26,2004,582
26,2005,483
26,2006,442
26,2007,305
26,2008,321
26,2009,294
26,2010,299
26,2011,364
26,2012,424
26,2013,438
27,1961,26490
27,1962,29073
27,1963,30726
27,1964,39221
27,1965,30874
27,1966,43677
27,1967,21925
27,1968,18396
27,1969,28560
27,1970,22244
27,1971,22421
27,1972,34697
27,1973,27894
27,1974,22841
27,1975,34911
27,1976,53698
27,1977,43401
27,1978,43184
27,1979,37660
27,1980,50313
27,1981,58013
27,1982,64330
27,1983,65190
27,1984,87912
27,1985,80479
27,1986,76275
27,1987,77150
27,1988,77889
27,1989,78189
27,1990,79038
27,1991,70146
27,1992,64836
27,1993,58579
27,1994,45253.67
27,1995,49568.44
27,1996,49163
27,1997,44899.89
27,1998,52490
27,1999,53028.44
27,2000,50057.44
27,2001,56138.56
27,2002,24383.67
27,2003,24193.89
27,2004,28387.78
27,2005,31217.11
27,2006,33779.11
27,2007,34637.44
27,2008,35745.11
27,2009,33559.89
27,2010,30358.44
27,2011,33534.67
27,2012,34093.11
27,2013,33497.89
27,2014,28096.75
27,2015,29338
27,2016,30686.89
27,2017,31585.34
272,2006,75989
272,2007,75392.75
272,2008,73549.75
272,2009,76238.25
272,2010,81451
272,2011,78092
272,2012,73119.5
272,2013,89477.5
272,2014,36217.87
272,2015,31909.64
272,2016,33246.92
272,2017,31475.6
273,2006,1265.33
273,2007,1282
273,2008,1740
273,2009,1649
273,2010,1751
273,2011,1475.33
273,2012,1578.67
273,2013,1448
273,2014,1762.04
273,2015,1536.31
273,2016,1385.64
273,2017,1542.17
276,2012,182054
276,2013,187440
276,2014,115072.18
276,2015,115473.02
276,2016,113110.88
276,2017,115546.12
28,1961,13700
28,1962,13746
28,1963,14815
28,1964,16048
28,1965,16870
28,1966,16733
28,1967,17843
28,1968,18379
28,1969,19241
28,1970,19797
28,1971,20238
28,1972,20358
28,1973,20795
28,1974,20595
28,1975,21188
28,1976,21803
28,1977,22279
28,1978,23069
28,1979,24130
28,1980,24798
28,1981,25763
28,1982,26617
28,1983,27205
28,1984,27729
28,1985,28370
28,1986,28532
28,1987,28938
28,1988,29454
28,1989,26516
28,1990,17234
28,1991,17622
28,1992,17958
28,1993,17972
28,1994,17952
28,1995,18179
28,1996,19559
28,1997,20783
28,1998,21937
28,1999,21488
28,2000,23084
28,2001,24233
28,2002,27668
28,2003,34684
28,2004,36084
28,2005,37890
28,2006,40195
28,2007,55063
28,2008,60425
28,2009,61425
28,2010,74259
28,2011,80012
28,2012,81072
28,2013,81507
28,2014,80217.11
28,2015,91457.82
28,2016,98106.11
28,2017,143855.31
3,1961,5009
3,1962,5006
3,1963,4884
3,1964,4664
3,1965,4863
3,1966,4894
3,1967,6106
3,1968,5427
3,1969,5136
3,1970,5172
3,1971,5096
3,1972,5113
3,1973,5082
3,1974,5317
3,1975,5229
3,1976,5667
3,1977,5524
3,1978,5889
3,1979,5835
3,1980,6023
3,1981,6177
3,1982,6266
3,1983,6347
3,1984,6365
3,1985,6681
3,1986,6453
3,1987,6401
3,1988,6587
3,1989,7037
3,1990,6696
3,1991,6767
3,1992,7971
3,1993,8522
3,1994,10746
3,1995,11818
3,1996,10419
3,1997,13735
3,1998,13941
3,1999,10971
3,2000,12690
3,2001,12255.67
3,2002,12927.67
3,2003,13466.33
3,2004,13333.67
3,2005,13028
3,2006,12036
3,2007,11801.33
3,2008,12516.33
3,2009,10435
3,2010,12963
3,2011,11638.33
3,2012,12959.67
3,2013,11119.33
3,2014,13979.14
3,2015,15241.78
3,2016,14405.41
3,2017,16900.55
32,1961,5605
32,1962,5658
32,1963,6032
32,1964,5331
32,1965,5732
32,1966,6178
32,1967,6551
32,1968,6846
32,1969,7222
32,1970,8019
32,1971,8187
32,1972,8091
32,1973,7437
32,1974,8281
32,1975,8812
32,1976,10133
32,1977,10864
32,1978,11397
32,1979,11536
32,1980,11768
32,1981,11252
32,1982,11576
32,1983,11836
32,1984,14132.67
32,1985,14632
32,1986,17891.33
32,1987,16912.67
32,1988,17320
32,1989,17709.33
32,1990,18487
32,1991,18243.67
32,1992,18201
32,1993,18096.67
32,1994,18123.33
32,1995,18070
32,1996,18147
32,1997,18415
32,1998,19156.67
32,1999,21582.33
32,2000,23801.33
32,2001,22901
32,2002,23534.67
32,2003,23861.33
32,2004,26547.67
32,2005,25675.33
32,2006,24232.67
32,2007,24415
32,2008,26269
32,2009,26437
32,2010,27085.67
32,2011,26606.33
32,2012,25107.67
32,2013,26452.67
32,2014,28437.67
32,2015,28557.95
32,2016,27165.45
32,2017,22487.88
33,1961,38849
33,1962,39158
33,1963,39302
33,1964,38475
33,1965,35785
33,1966,37123
33,1967,40629
33,1968,38277
33,1969,38982
33,1970,36266
33,1971,44256
33,1972,41485
33,1973,41672
33,1974,37761
33,1975,38248
33,1976,41257
33,1977,40131
33,1978,30814
33,1979,22499
33,1980,18737
33,1981,16882
33,1982,13155
33,1983,18125
33,1984,17379
33,1985,17389
33,1986,14365
33,1987,17583
33,1988,28554
33,1989,27386
33,1990,51653
33,1991,49829
33,1992,44690
33,1993,33458
33,1994,49646
33,1995,43658
33,1996,46399
33,1997,42134
33,1998,46926
33,1999,59690
33,2000,38486
33,2001,37545
33,2002,49726
33,2003,53350
33,2004,59494
33,2005,45544
33,2006,44274
33,2007,46758
33,2008,40154
33,2009,54591
33,2010,50895.67
33,2011,30491
33,2012,34820.33
33,2013,30172
33,2014,2083.35
33,2015,25064.31
33,2016,7212.58
33,2017,6663.5
35,1961,73
35,1962,72
35,1963,82
35,1964,89
35,1965,91
35,1966,100
35,1967,100
35,1968,105
35,1969,99
35,1970,114
35,1971,114
35,1972,120
35,1973,126
35,1974,111
35,1975,114
35,1976,110
35,1977,121
35,1978,128
35,1979,124
35,1980,132
35,1981,157
35,1982,201
35,1983,165
35,1984,150
35,1985,199
35,1986,219
35,1987,249
35,1988,314
35,1989,310
35,1990,328
35,1991,342
35,1992,511
35,1993,502
35,1994,395
35,1995,550
35,1996,319
35,1997,408
35,1998,500.67
35,1999,527.33
35,2000,598.67
35,2001,509
35,2002,508.33
35,2003,533
35,2004,638
35,2005,611.33
35,2006,668.33
35,2007,616.33
35,2008,614
35,2009,648
35,2010,600.33
35,2011,582
35,2012,590
35,2013,620.33
35,2014,476.95
35,2015,529.73
35,2016,728.18
35,2017,590.86
351,1961,130896
351,1962,162079
351,1963,252968
351,1964,322293
351,1965,368602
351,1966,404919
351,1967,411520
351,1968,408626
351,1969,400507
351,1970,403577
351,1971,467037
351,1972,514174
351,1973,533612
351,1974,526522
351,1975,529284
351,1976,541800
351,1977,557846
351,1978,548077
351,1979,651626
351,1980,700739
351,1981,739296
351,1982,794618
351,1983,826736
351,1984,910026
351,1985,989272
351,1986,1088024
351,1987,1197364
351,1988,1299243.33
351,1989,1376908.14
351,1990,1567495.47
351,1991,1684534.71
351,1992,1839762.2
351,1993,2003694.77
351,1994,2179039
351,1995,2439667.67
351,1996,2476853.33
351,1997,2801757.67
351,1998,2953227.66
351,1999,3213802.34
351,2000,3379133.62
351,2001,3406784.14
351,2002,3449663.77
351,2003,3609501.47
351,2004,3684289.29
351,2005,3751045.29
351,2006,3819874.57
351,2007,4148458.67
351,2008,4505175.67
351,2009,4372432.9
351,2010,4797846.43
351,2011,4981431
351,2012,4936737.24
351,2013,5041500.9
351,2014,5139268.39
351,2015,5098705.73
351,2016,5659870.58
351,2017,5799777.55
37,1961,1648
37,1962,1700
37,1963,1770
37,1964,1794
37,1965,1813
37,1966,1947
37,1967,2055
37,1968,2155
37,1969,2271
37,1970,2453
37,1971,2600
37,1972,2819
37,1973,3044
37,1974,3259
37,1975,3532
37,1976,3856
37,1977,3771
37,1978,3933
37,1979,3503
37,1980,4105
37,1981,4566
37,1982,4975
37,1983,5707
37,1984,5632
37,1985,5728
37,1986,5953
37,1987,6706
37,1988,6940
37,1989,7213
37,1990,7435
37,1991,7675
37,1992,7743.33
37,1993,7790
37,1994,8009
37,1995,8192.33
37,1996,8902.67
37,1997,9192
37,1998,9516
37,1999,9602
37,2000,10334
37,2001,10647
37,2002,10968
37,2003,11219
37,2004,12323
37,2005,12523
37,2006,12894
37,2007,13700
37,2008,13870
37,2009,14226
37,2010,14727
37,2011,15310
37,2012,15349
37,2013,15421
37,2014,17601.29
37,2015,17782.4
37,2016,18031.1
37,2017,19177.37
38,1961,6580
38,1962,7447
38,1963,7154
38,1964,7520
38,1965,7990
38,1966,8066
38,1967,8094
38,1968,8519
38,1969,8661
38,1970,8671
38,1971,9292
38,1972,9036
38,1973,9258
38,1974,9262
38,1975,9240
38,1976,8698
38,1977,7964
38,1978,7607
38,1979,7545
38,1980,7760
38,1981,7939
38,1982,7938
38,1983,8193
38,1984,8520
38,1985,8241
38,1986,7823
38,1987,7909
38,1988,7508
38,1989,7407
38,1990,8040.33
38,1991,8881.33
38,1992,10445
38,1993,10636
38,1994,11659
38,1995,12223.67
38,1996,11824
38,1997,11783
38,1998,10731
38,1999,10320.33
38,2000,12001
38,2001,12343
38,2002,12814
38,2003,12459
38,2004,13062
38,2005,13487
38,2006,13622
38,2007,13970
38,2008,13895
38,2009,14048
38,2010,15510
38,2011,14475
38,2012,14929
38,2013,15117
38,2014,17110.95
38,2015,19264.95
38,2016,20851.16
38,2017,21494.27
39,1961,7105
39,1962,8043
39,1963,8405
39,1964,8556
39,1965,8974
39,1966,8334
39,1967,9066
39,1968,9323
39,1969,7639
39,1970,7929
39,1971,7906
39,1972,8454
39,1973,8570
39,1974,8025
39,1975,8017
39,1976,8400
39,1977,9600
39,1978,9720
39,1979,9624
39,1980,9720
39,1981,10656
39,1982,10872
39,1983,10393
39,1984,9015
39,1985,9308
39,1986,12736
39,1987,12573
39,1988,13394
39,1989,13597
39,1990,14411
39,1991,14734
39,1992,15417
39,1993,15391
39,1994,13205
39,1995,14595
39,1996,15257
39,1997,17263
39,1998,18955
39,1999,19266
39,2000,19894
39,2001,20803
39,2002,20848
39,2003,21392
39,2004,21908
39,2005,22318
39,2006,22941
39,2007,23637
39,2008,24270
39,2009,24928
39,2010,25859
39,2011,26458
39,2012,26762
39,2013,26970
39,2014,30071.92
39,2015,111623.82
39,2016,118988.14
39,2017,126391.54
4,1961,12161
4,1962,11497
4,1963,9712
4,1964,10106
4,1965,10905
4,1966,11145
4,1967,11629
4,1968,13138
4,1969,13617
4,1970,13246
4,1971,14313
4,1972,15472
4,1973,16394
4,1974,17409
4,1975,16644
4,1976,17726
4,1977,18305
4,1978,17016
4,1979,18752
4,1980,18874
4,1981,19828
4,1982,21612
4,1983,24555
4,1984,21514
4,1985,24471
4,1986,24027
4,1987,28738
4,1988,31023
4,1989,34283
4,1990,35720
4,1991,36564
4,1992,38477
4,1993,39272
4,1994,38326
4,1995,36181.67
4,1996,37169
4,1997,35611
4,1998,34124.33
4,1999,38710.67
4,2000,39123
4,2001,36708
4,2002,37484.33
4,2003,38104
4,2004,39625
4,2005,39798.33
4,2006,40900
4,2007,41312
4,2008,40584
4,2009,43748
4,2010,45247
4,2011,51886
4,2012,53205
4,2013,56725
4,2014,58856.48
4,2015,56350.74
4,2016,57557.32
4,2017,57470.29
40,1961,26067
40,1962,27998
40,1963,27319
40,1964,22519
40,1965,24442
40,1966,25850
40,1967,27112
40,1968,30210
40,1969,29415
40,1970,29575
40,1971,27092
40,1972,20994
40,1973,18018
40,1974,29078
40,1975,34081
40,1976,30574
40,1977,26710
40,1978,25798
40,1979,28163
40,1980,26857
40,1981,30761
40,1982,33101
40,1983,35567
40,1984,35782
40,1985,31802
40,1986,31776
40,1987,33233
40,1988,37231
40,1989,42083
40,1990,45847
40,1991,43993
40,1992,40831
40,1993,44678
40,1994,46412.33
40,1995,49375
40,1996,50482.33
40,1997,50671.67
40,1998,47981.67
40,1999,44803
40,2000,45213.33
40,2001,39514.67
40,2002,39209.23
40,2003,33272.36
40,2004,32270.62
40,2005,33160.64
40,2006,36512.64
40,2007,35470.33
40,2008,34684.28
40,2009,28399.28
40,2010,16040.28
40,2011,12410.87
40,2012,6887.13
40,2013,16945.77
40,2014,11738.23
40,2015,13245.44
40,2016,15259.44
40,2017,13050.01
41,1961,110488
41,1962,136720
41,1963,225563
41,1964,292930
41,1965,336292
41,1966,367094
41,1967,374634
41,1968,369294
41,1969,357764
41,1970,356641
41,1971,415306
41,1972,461180
41,1973,474453
41,1974,473055
41,1975,474385
41,1976,476850
41,1977,487014
41,1978,474745
41,1979,568589
41,1980,621998
41,1981,660418
41,1982,720548
41,1983,748636
41,1984,828478
41,1985,907777
41,1986,999179
41,1987,1103832
41,1988,1196329
41,1989,1276838
41,1990,1462568
41,1991,1579003
41,1992,1730815
41,1993,1888860
41,1994,2038759
41,1995,2246437
41,1996,2310585
41,1997,2608928
41,1998,2757050
41,1999,3041424
41,2000,3199629
41,2001,3256000
41,2002,3313818
41,2003,3466566
41,2004,3503866
41,2005,3522047
41,2006,3629659
41,2007,3886094
41,2008,4078771
41,2009,4049435
41,2010,4566968
41,2011,4697771
41,2012,4712595
41,2013,4770810
41,2014,4846972.76
41,2015,4844168.82
41,2016,5402872.97
41,2017,5510550.37
44,1961,58129
44,1962,63669
44,1963,66015
44,1964,68343
44,1965,68604
44,1966,63942
44,1967,63684
44,1968,66476
44,1969,68489
44,1970,73143
44,1971,81499
44,1972,74260
44,1973,72623
44,1974,74748
44,1975,83002
44,1976,95458
44,1977,94915
44,1978,100093
44,1979,104335
44,1980,104855
44,1981,110969
44,1982,105062
44,1983,99002
44,1984,104248
44,1985,104300
44,1986,104034
44,1987,102653
44,1988,112230
44,1989,123526.67
44,1990,131411.67
44,1991,125857.67
44,1992,108915.67
44,1993,110370.67
44,1994,120563
44,1995,127725.67
44,1996,131993.67
44,1997,125223.33
44,1998,124939.33
44,1999,123607
44,2000,126549.67
44,2001,120001.33
44,2002,116368.67
44,2003,111745.67
44,2004,128013
44,2005,134604.33
44,2006,135786.67
44,2007,139437.33
44,2008,149103.67
44,2009,136426.67
44,2010,133962
44,2011,138544
44,2012,142353.67
44,2013,140147.33
44,2014,134784.47
44,2015,136429.92
44,2016,132256.24
44,2017,132853.77
46,1961,167
46,1962,171
46,1963,189
46,1964,181
46,1965,170
46,1966,171
46,1967,186
46,1968,250
46,1969,265
46,1970,286
46,1971,276
46,1972,275
46,1973,299
46,1974,318
46,1975,349
46,1976,444
46,1977,454
46,1978,574
46,1979,1208
46,1980,686
46,1981,722
46,1982,1419
46,1983,849
46,1984,1399
46,1985,683
46,1986,1002
46,1987,1343
46,1988,1790
46,1989,986
46,1990,1601
46,1991,2110
46,1992,1170
46,1993,1876
46,1994,1388.33
46,1995,1414
46,1996,2505
46,1997,1792
46,1998,2593
46,1999,1382
46,2000,3651
46,2001,4113
46,2002,7034.33
46,2003,10737.33
46,2004,13472
46,2005,4418.67
46,2006,17538
46,2007,19482.33
46,2008,7658
46,2009,6214
46,2010,3394
46,2011,12379.67
46,2012,9595.33
46,2013,11353
46,2014,14056.05
46,2015,17553.96
46,2016,18364.68
46,2017,19039.69
48,1961,3015
48,1962,2607
48,1963,3355
48,1964,3388
48,1965,3188
48,1966,2994
48,1967,3023
48,1968,3934
48,1969,4200
48,1970,5134
48,1971,5241
48,1972,5320
48,1973,6074
48,1974,5526
48,1975,7874
48,1976,9094
48,1977,8977
48,1978,9677
48,1979,10494
48,1980,8437
48,1981,7975
48,1982,6290
48,1983,7348
48,1984,7844
48,1985,10039
48,1986,9628
48,1987,10273
48,1988,9141
48,1989,9665
48,1990,9928
48,1991,10271
48,1992,9306
48,1993,10064
48,1994,10073
48,1995,10208
48,1996,10672
48,1997,9994
48,1998,9606.33
48,1999,9540
48,2000,9214
48,2001,8837.67
48,2002,7424.33
48,2003,8034
48,2004,7129.33
48,2005,6840
48,2006,7778
48,2007,7687
48,2008,8410
48,2009,8271.33
48,2010,9362
48,2011,7520.67
48,2012,9916
48,2013,8888.33
48,2014,8367.7
48,2015,7451.21
48,2016,7952.83
48,2017,7957.7
49,1961,26069
49,1962,27442
49,1963,28356
49,1964,30311
49,1965,31517
49,1966,31774
49,1967,32101
49,1968,42136
49,1969,40496
49,1970,37315
49,1971,34554
49,1972,32046
49,1973,28510
49,1974,25496
49,1975,23801
49,1976,28745
49,1977,32718
49,1978,30767
49,1979,28473
49,1980,28796
49,1981,29097
49,1982,29238
49,1983,29895
49,1984,29487
49,1985,30305
49,1986,30610
49,1987,30090
49,1988,29949
49,1989,30773
49,1990,31668
49,1991,27273
49,1992,29225
49,1993,24119
49,1994,21217
49,1995,19522
49,1996,20142
49,1997,17573
49,1998,18837
49,1999,23996
49,2000,22008.33
49,2001,23040.33
49,2002,20735.33
49,2003,18425.67
49,2004,17010
49,2005,20030.33
49,2006,19264
49,2007,19481.33
49,2008,22063.67
49,2009,20767.33
49,2010,19647.67
49,2011,20612
49,2012,20094.67
49,2013,22151
49,2014,23331.47
49,2015,23417.75
49,2016,25376.42
49,2017,27855.29
50,1961,1065
50,1962,991
50,1963,1096
50,1964,1278
50,1965,1284
50,1966,1473
50,1967,1623
50,1968,1799
50,1969,2049
50,1970,2210
50,1971,2427
50,1972,2571
50,1973,2919
50,1974,2145
50,1975,1394
50,1976,1579
50,1977,1707
50,1978,2004
50,1979,2012
50,1980,2060
50,1981,2039
50,1982,2088
50,1983,2341
50,1984,2526
50,1985,2682
50,1986,3246
50,1987,3144
50,1988,3305
50,1989,3445
50,1990,3584.67
50,1991,3391.67
50,1992,3360.33
50,1993,3741
50,1994,3952
50,1995,4009
50,1996,3919.33
50,1997,3515.67
50,1998,4013.67
50,1999,2874
50,2000,3209
50,2001,3866
50,2002,3962
50,2003,4065
50,2004,3746
50,2005,3489.33
50,2006,3405.33
50,2007,3948
50,2008,3474
50,2009,3447.67
50,2010,3724.67
50,2011,3129.33
50,2012,3000
50,2013,2960.67
50,2014,1893.11
50,2015,2494.69
50,2016,2498.2
50,2017,2565.67
5000,1961,4708822.24
5000,1962,4984391.06
5000,1963,5235164.12
5000,1964,5285052.24
5000,1965,5428980
5000,1966,5667506.24
5000,1967,5860990.53
5000,1968,6001045.41
5000,1969,6007785.76
5000,1970,6157196.41
5000,1971,6354456.18
5000,1972,6485462.65
5000,1973,6563827.24
5000,1974,6801898.88
5000,1975,7023209.59
5000,1976,7212025.82
5000,1977,7345663.12
5000,1978,7569207.59
5000,1979,7749079.06
5000,1980,7917726.59
5000,1981,8081397.12
5000,1982,8164695.71
5000,1983,8370134.59
5000,1984,8644367.67
5000,1985,8852384
5000,1986,8911337.41
5000,1987,9165590.6
5000,1988,9335792.08
5000,1989,9458806.46
5000,1990,9937738.95
5000,1991,9986998.9
5000,1992,10651480.14
5000,1993,10925338.03
5000,1994,11267047.83
5000,1995,11650982.08
5000,1996,11551346.24
5000,1997,12014364.83
5000,1998,12368222.17
5000,1999,13190633.09
5000,2000,13270306.79
5000,2001,12910977.2
5000,2002,13194689.59
5000,2003,13524402.66
5000,2004,13819735.76
5000,2005,13947412.52
5000,2006,14172647.09
5000,2007,14731728.86
5000,2008,14860673.87
5000,2009,14710311.41
5000,2010,15360179.41
5000,2011,15359732.22
5000,2012,15366772.35
5000,2013,15669903.07
51,1961,63000
51,1962,63000
51,1963,61000
51,1964,66000
51,1965,72000
51,1966,68000
51,1967,72000
51,1968,77000
51,1969,72000
51,1970,75000
51,1971,72000
51,1972,75000
51,1973,76000
51,1974,79000
51,1975,84000
51,1976,84000
51,1977,83000
51,1978,81000
51,1979,82000
51,1980,78000
51,1981,75000
51,1982,74000
51,1983,76000
51,1984,76000
51,1985,76000
51,1986,76000
51,1987,77000
51,1988,80000
51,1989,83000
51,1990,83000
51,1991,68000
51,1992,71000
5100,1961,474771
5100,1962,482086
5100,1963,485091
5100,1964,501715
5100,1965,515851
5100,1966,537694
5100,1967,545379
5100,1968,564336
5100,1969,577819
5100,1970,584856
5100,1971,591507
5100,1972,600784
5100,1973,618067
5100,1974,621471
5100,1975,611959
5100,1976,636042
5100,1977,662626
5100,1978,704481
5100,1979,725937
5100,1980,749362
5100,1981,756926
5100,1982,775554
5100,1983,806940
5100,1984,828476.67
5100,1985,844447
5100,1986,847308.33
5100,1987,844066.34
5100,1988,884194
5100,1989,901294.33
5100,1990,950346
5100,1991,961427.34
5100,1992,975817.33
5100,1993,969332.35
5100,1994,984995.32
5100,1995,1007153.17
5100,1996,1036195.34
5100,1997,1090389.07
5100,1998,1145252.91
5100,1999,1224692.33
5100,2000,1283434.41
5100,2001,1257371.99
5100,2002,1340569.33
5100,2003,1389632.67
5100,2004,1396603.35
5100,2005,1464522.01
5100,2006,1581296.33
5100,2007,1634121.99
5100,2008,1673281.07
5100,2009,1652003.66
5100,2010,1768600.08
5100,2011,1802199.48
5100,2012,1834503.82
5100,2013,1955678.06
5101,1961,191756
5101,1962,193974
5101,1963,190617
5101,1964,192884
5101,1965,190500
5101,1966,201570
5101,1967,204084
5101,1968,207814
5101,1969,209330
5101,1970,218238
5101,1971,211784
5101,1972,216426
5101,1973,221812
5101,1974,225270
5101,1975,219012
5101,1976,223357
5101,1977,233651
5101,1978,253194
5101,1979,250468
5101,1980,248372
5101,1981,245229
5101,1982,255771
5101,1983,261333
5101,1984,265531
5101,1985,270994
5101,1986,283757
5101,1987,263570.67
5101,1988,272684
5101,1989,285388
5101,1990,298049.67
5101,1991,301176
5101,1992,305573.33
5101,1993,272120
5101,1994,273091
5101,1995,287167.16
5101,1996,283148
5101,1997,289221.08
5101,1998,308546.25
5101,1999,328070.33
5101,2000,332943.08
5101,2001,312023
5101,2002,328517
5101,2003,328497.68
5101,2004,337203.67
5101,2005,359746
5101,2006,379022.66
5101,2007,386065.66
5101,2008,411488.32
5101,2009,413166.67
5101,2010,438415.67
5101,2011,448930.67
5101,2012,452180.83
5101,2013,455040.66
5102,1961,19057
5102,1962,20231
5102,1963,21279
5102,1964,21140
5102,1965,22449
5102,1966,22722
5102,1967,24504
5102,1968,25051
5102,1969,24677
5102,1970,26672
5102,1971,27596
5102,1972,28543
5102,1973,28547
5102,1974,29228
5102,1975,31758
5102,1976,32052
5102,1977,34051
5102,1978,35465
5102,1979,36504
5102,1980,37166
5102,1981,40986
5102,1982,43867
5102,1983,43673
5102,1984,45593.67
5102,1985,48990
5102,1986,54642.33
5102,1987,55135.67
5102,1988,57776
5102,1989,58368.33
5102,1990,57929
5102,1991,59111
5102,1992,60334
5102,1993,61295.34
5102,1994,56581.99
5102,1995,57781
5102,1996,60597.34
5102,1997,64751.33
5102,1998,72506.34
5102,1999,75020
5102,2000,79750
5102,2001,82823
5102,2002,80555.67
5102,2003,89724.66
5102,2004,93927.34
5102,2005,86410.67
5102,2006,100999
5102,2007,106777
5102,2008,99013
5102,2009,99541.33
5102,2010,98341
5102,2011,110176
5102,2012,110181.67
5102,2013,114602
5103,1961,98378
5103,1962,97383
5103,1963,95286
5103,1964,97552
5103,1965,102631
5103,1966,107295
5103,1967,111310
5103,1968,120911
5103,1969,121952
5103,1970,121401
5103,1971,127822
5103,1972,132735
5103,1973,138628
5103,1974,139226
5103,1975,139162
5103,1976,139656
5103,1977,144322
5103,1978,149164
5103,1979,158432
5103,1980,170525
5103,1981,183642
5103,1982,177653
5103,1983,189529
5103,1984,197738
5103,1985,201365
5103,1986,193601
5103,1987,200149
5103,1988,218886
5103,1989,230897
5103,1990,241978
5103,1991,242996
5103,1992,255430
5103,1993,274101.67
5103,1994,282697.33
5103,1995,294891.67
5103,1996,302595.67
5103,1997,331129
5103,1998,348278
5103,1999,382519
5103,2000,404511.67
5103,2001,372905.33
5103,2002,390710
5103,2003,402174.33
5103,2004,383474.34
5103,2005,408818
5103,2006,482286.67
5103,2007,485290
5103,2008,497315.67
5103,2009,453781
5103,2010,521981.34
5103,2011,499596.66
5103,2012,519167.67
5103,2013,618466.67
5104,1961,89131
5104,1962,93921
5104,1963,96830
5104,1964,102626
5104,1965,107963
5104,1966,110352
5104,1967,105775
5104,1968,106008
5104,1969,111287
5104,1970,106738
5104,1971,111126
5104,1972,114033
5104,1973,120240
5104,1974,120282
5104,1975,115393
5104,1976,124935
5104,1977,126461
5104,1978,134654
5104,1979,144724
5104,1980,139912
5104,1981,132141
5104,1982,137046
5104,1983,143688
5104,1984,147753
5104,1985,148392
5104,1986,141238
5104,1987,146982
5104,1988,140063
5104,1989,140253
5104,1990,157671
5104,1991,164407.67
5104,1992,168263
5104,1993,167661.67
5104,1994,164580.33
5104,1995,155202.33
5104,1996,159031.33
5104,1997,160738.33
5104,1998,160567.99
5104,1999,171451.33
5104,2000,189330
5104,2001,183617.33
5104,2002,199468.67
5104,2003,204421.66
5104,2004,214882
5104,2005,220027.34
5104,2006,228108.67
5104,2007,244450.66
5104,2008,249490.41
5104,2009,259691
5104,2010,269164.41
5104,2011,274873.48
5104,2012,272170.99
5104,2013,270765.74
5105,1961,76449
5105,1962,76577
5105,1963,81079
5105,1964,87513
5105,1965,92308
5105,1966,95755
5105,1967,99706
5105,1968,104552
5105,1969,110573
5105,1970,111807
5105,1971,113179
5105,1972,109047
5105,1973,108840
5105,1974,107465
5105,1975,106634
5105,1976,116042
5105,1977,124141
5105,1978,132004
5105,1979,135809
5105,1980,153387
5105,1981,154928
5105,1982,161217
5105,1983,168717
5105,1984,171861
5105,1985,174706
5105,1986,174070
5105,1987,178229
5105,1988,194785
5105,1989,186388
5105,1990,194718.33
5105,1991,193736.67
5105,1992,186217
5105,1993,194153.67
5105,1994,208044.67
5105,1995,212111.01
5105,1996,230823
5105,1997,244549.33
5105,1998,255354.33
5105,1999,267631.67
5105,2000,276899.66
5105,2001,306003.33
5105,2002,341317.99
5105,2003,364814.34
5105,2004,367116
5105,2005,389520
5105,2006,390879.33
5105,2007,411538.67
5105,2008,415973.67
5105,2009,425823.66
5105,2010,440697.66
5105,2011,468622.67
5105,2012,480802.66
5105,2013,496802.99
52,1992,12615
52,1993,11230
52,1994,3658.67
52,1995,12665.33
52,1996,2255.33
52,1997,2738.33
52,1998,10467
52,1999,15039
52,2000,15164
52,2001,13654.67
52,2002,20374
52,2003,24853.33
52,2004,27576.33
52,2005,28499
52,2006,20872.33
52,2007,17974.67
52,2008,12462.67
52,2009,17120
52,2010,22906.33
52,2011,19027.67
52,2012,18818
52,2013,18913
52,2014,22554.91
52,2015,24633.94
52,2016,23721.3
52,2017,23888.87
5200,1961,1038627
5200,1962,1079654
5200,1963,1097088
5200,1964,1085899
5200,1965,1103943
5200,1966,1141009
5200,1967,1186158
5200,1968,1235523
5200,1969,1259632
5200,1970,1285523
5200,1971,1317195
5200,1972,1288843
5200,1973,1250928
5200,1974,1317436
5200,1975,1356127
5200,1976,1435007
5200,1977,1462584
5200,1978,1465320
5200,1979,1484751
5200,1980,1509620
5200,1981,1571013
5200,1982,1526730
5200,1983,1575759
5200,1984,1588700
5200,1985,1593164
5200,1986,1595577.67
5200,1987,1628713.67
5200,1988,1671002.67
5200,1989,1744415.34
5200,1990,1811344
5200,1991,1792197.01
5200,1992,1804484.68
5200,1993,1821090.99
5200,1994,1918342.34
5200,1995,1843641.33
5200,1996,1855577.67
5200,1997,1916746.68
5200,1998,2003683.35
5200,1999,2075791.99
5200,2000,2020555.66
5200,2001,2064584.98
5200,2002,2217019.89
5200,2003,2199517.73
5200,2004,2317501.29
5200,2005,2296636.63
5200,2006,2316372.64
5200,2007,2343629.06
5200,2008,2194773.79
5200,2009,2177902.18
5200,2010,2133037.74
5200,2011,2069163.1
5200,2012,2134501.17
5200,2013,2173494.07
5203,1961,414650
5203,1962,420159
5203,1963,429575
5203,1964,429638
5203,1965,432880
5203,1966,442634
5203,1967,466130
5203,1968,477216
5203,1969,472462
5203,1970,484518
5203,1971,496937
5203,1972,483501
5203,1973,448096
5203,1974,490004
5203,1975,472968
5203,1976,477488
5203,1977,478982
5203,1978,441613
5203,1979,436552
5203,1980,420445
5203,1981,408488
5203,1982,365773
5203,1983,406618
5203,1984,402309
5203,1985,385349
5203,1986,365315
5203,1987,376394
5203,1988,332369
5203,1989,387790
5203,1990,409320
5203,1991,369902
5203,1992,372875
5203,1993,343563
5203,1994,354284
5203,1995,284541
5203,1996,269230.67
5203,1997,315397
5203,1998,331595.67
5203,1999,337876
5203,2000,209651
5203,2001,243399
5203,2002,361763
5203,2003,354674.67
5203,2004,445308
5203,2005,412647
5203,2006,407421
5203,2007,397784
5203,2008,252506
5203,2009,251355
5203,2010,204644.67
5203,2011,132528
5203,2012,172698
5203,2013,172404.33
5204,1961,125545
5204,1962,135561
5204,1963,142120
5204,1964,147443
5204,1965,148997
5204,1966,151091
5204,1967,157310
5204,1968,162482
5204,1969,168139
5204,1970,172271
5204,1971,174147
5204,1972,185304
5204,1973,188630
5204,1974,197094
5204,1975,219847
5204,1976,254331
5204,1977,271937
5204,1978,287392
5204,1979,298095
5204,1980,318734
5204,1981,357429
5204,1982,350198
5204,1983,350037
5204,1984,377903
5204,1985,400362
5204,1986,400352
5204,1987,402862
5204,1988,450131.67
5204,1989,453159
5204,1990,469220
5204,1991,473943.34
5204,1992,498258.67
5204,1993,505502.32
5204,1994,533456.33
5204,1995,511473
5204,1996,516043.67
5204,1997,509405.68
5204,1998,530362.34
5204,1999,547921.99
5204,2000,583048.99
5204,2001,601218.99
5204,2002,620396.32
5204,2003,606014.67
5204,2004,619097.67
5204,2005,629402.67
5204,2006,640069.34
5204,2007,653999.32
5204,2008,659449.67
5204,2009,669067
5204,2010,690626
5204,2011,687493.66
5204,2012,698462.34
5204,2013,686646.66
5206,1961,41403
5206,1962,43963
5206,1963,43838
5206,1964,47931
5206,1965,48193
5206,1966,49151
5206,1967,49921
5206,1968,61224
5206,1969,60863
5206,1970,57011
5206,1971,56617
5206,1972,56207
5206,1973,50202
5206,1974,47783
5206,1975,49234
5206,1976,58277
5206,1977,58334
5206,1978,61308
5206,1979,53647
5206,1980,54863
5206,1981,58009
5206,1982,60881
5206,1983,62360
5206,1984,60043
5206,1985,62272
5206,1986,66389
5206,1987,66351
5206,1988,65053
5206,1989,64843
5206,1990,64298
5206,1991,60684
5206,1992,65713
5206,1993,61655.67
5206,1994,56713
5206,1995,56865
5206,1996,63761.33
5206,1997,61244.33
5206,1998,66740
5206,1999,72257
5206,2000,70114.33
5206,2001,72055.66
5206,2002,73065
5206,2003,67774.34
5206,2004,62374.67
5206,2005,67853
5206,2006,66819.01
5206,2007,70675
5206,2008,72759.34
5206,2009,75251
5206,2010,75113.34
5206,2011,74585.67
5206,2012,71610.67
5206,2013,74379
5207,1961,457029
5207,1962,479971
5207,1963,481555
5207,1964,460887
5207,1965,473873
5207,1966,498133
5207,1967,512797
5207,1968,534601
5207,1969,558168
5207,1970,571723
5207,1971,589494
5207,1972,563831
5207,1973,564000
5207,1974,582555
5207,1975,614078
5207,1976,644911
5207,1977,653331
5207,1978,675007
5207,1979,696457
5207,1980,715578
5207,1981,747087
5207,1982,749878
5207,1983,756744
5207,1984,748445
5207,1985,745181
5207,1986,763521.67
5207,1987,783106.67
5207,1988,823449
5207,1989,838623.34
5207,1990,868506
5207,1991,887667.67
5207,1992,867638.01
5207,1993,910370
5207,1994,973889.01
5207,1995,990762.33
5207,1996,1006542
5207,1997,1030699.67
5207,1998,1074985.34
5207,1999,1117737
5207,2000,1157741.34
5207,2001,1147911.33
5207,2002,1161795.57
5207,2003,1171054.05
5207,2004,1190720.95
5207,2005,1186733.96
5207,2006,1202063.29
5207,2007,1221170.74
5207,2008,1210058.78
5207,2009,1182229.18
5207,2010,1162653.73
5207,2011,1174555.77
5207,2012,1191730.16
5207,2013,1240064.08
53,1961,1791
53,1962,1805
53,1963,1902
53,1964,2035
53,1965,2267
53,1966,2413
53,1967,2543
53,1968,2460
53,1969,2648
53,1970,2688
53,1971,2763
53,1972,2969
53,1973,3284
53,1974,3276
53,1975,3418
53,1976,3443
53,1977,3528
53,1978,3617
53,1979,3696
53,1980,3984
53,1981,4083
53,1982,4309
53,1983,4569
53,1984,4742
53,1985,4867
53,1986,4309
53,1987,4354
53,1988,4301
53,1989,4380
53,1990,4721
53,1991,4998.67
53,1992,5721.67
53,1993,4944.67
53,1994,5322.67
53,1995,4969.67
53,1996,5174.33
53,1997,5105.33
53,1998,5627.33
53,1999,5381.67
53,2000,5315
53,2001,5576.33
53,2002,5733.33
53,2003,5900.33
53,2004,6839
53,2005,6316
53,2006,6668.33
53,2007,6779
53,2008,7272.33
53,2009,8664.33
53,2010,8191
53,2011,8682
53,2012,9405
53,2013,9107
53,2014,9516.65
53,2015,9791.76
53,2016,10398.53
53,2017,13281.3
5300,1961,922839
5300,1962,993089
5300,1963,1095919
5300,1964,1199037
5300,1965,1269442
5300,1966,1340152
5300,1967,1367156
5300,1968,1396487
5300,1969,1422093
5300,1970,1478001
5300,1971,1580044
5300,1972,1656991
5300,1973,1706789
5300,1974,1760896
5300,1975,1794942
5300,1976,1851420
5300,1977,1936187
5300,1978,2003640
5300,1979,2159455
5300,1980,2242815
5300,1981,2349041
5300,1982,2479009
5300,1983,2565940
5300,1984,2721278
5300,1985,2873118
5300,1986,3039071
5300,1987,3192406
5300,1988,3347589.23
5300,1989,3474210.81
5300,1990,3692068.47
5300,1991,3860578.05
5300,1992,4270443.84
5300,1993,4513060.77
5300,1994,4763245.67
5300,1995,5129667.33
5300,1996,5196498.32
5300,1997,5648269.71
5300,1998,5762297.59
5300,1999,6027666.88
5300,2000,6248301.52
5300,2001,6259007.61
5300,2002,6417402.48
5300,2003,6678972.33
5300,2004,6781700.39
5300,2005,6903269.15
5300,2006,7033798.87
5300,2007,7466919.21
5300,2008,7871882.11
5300,2009,7811873.12
5300,2010,8384249.98
5300,2011,8602148.86
5300,2012,8565172.97
5300,2013,8778395.45
5301,1992,93884
5301,1993,92051
5301,1994,99694
5301,1995,120112
5301,1996,150047.67
5301,1997,222669.33
5301,1998,195309.22
5301,1999,181203.11
5301,2000,168604.89
5301,2001,167918
5301,2002,170729
5301,2003,177845.89
5301,2004,190500.66
5301,2005,200628.11
5301,2006,195952.45
5301,2007,203486.22
5301,2008,199655.89
5301,2009,207454.56
5301,2010,204407.55
5301,2011,211743.33
5301,2012,214394.77
5301,2013,215070.23
5302,1961,200420
5302,1962,245927
5302,1963,341844
5302,1964,424938
5302,1965,478038
5302,1966,525426
5302,1967,538669
5302,1968,540659
5302,1969,546057
5302,1970,576888
5302,1971,659930
5302,1972,726887
5302,1973,758779
5302,1974,769502
5302,1975,789637
5302,1976,815995
5302,1977,867176
5302,1978,894481
5302,1979,1026926
5302,1980,1093006
5302,1981,1136102
5302,1982,1197870
5302,1983,1249702
5302,1984,1351031
5302,1985,1455541
5302,1986,1573818
5302,1987,1691470
5302,1988,1811692.66
5302,1989,1876325.81
5302,1990,2070812.47
5302,1991,2190595.04
5302,1992,2390860.87
5302,1993,2562279.44
5302,1994,2743861.67
5302,1995,3021186
5302,1996,3035439.66
5302,1997,3361862.67
5302,1998,3529951.66
5302,1999,3804612.34
5302,2000,3974524.96
5302,2001,3969340.14
5302,2002,4023801.44
5302,2003,4198726.14
5302,2004,4183404.29
5302,2005,4252898.28
5302,2006,4329268.9
5302,2007,4669722.34
5302,2008,5023589
5302,2009,4901379.56
5302,2010,5346376.43
5302,2011,5521794.34
5302,2012,5507917.24
5302,2013,5653373.24
5303,1961,426833
5303,1962,440033
5303,1963,442291
5303,1964,452067
5303,1965,460224
5303,1966,473400
5303,1967,486153
5303,1968,500872
5303,1969,509136
5303,1970,520876
5303,1971,534908
5303,1972,539925
5303,1973,550347
5303,1974,566671
5303,1975,582622
5303,1976,608011
5303,1977,628019
5303,1978,649343
5303,1979,675211
5303,1980,669178
5303,1981,690576
5303,1982,733919
5303,1983,742899
5303,1984,757855
5303,1985,784285
5303,1986,801651
5303,1987,827972
5303,1988,849176
5303,1989,881740
5303,1990,900133.33
5303,1991,924298.33
5303,1992,953788.97
5303,1993,981448
5303,1994,1012278
5303,1995,1044748.67
5303,1996,1046224
5303,1997,1076168
5303,1998,1091566
5303,1999,1080285.43
5303,2000,1086307
5303,2001,1087486
5303,2002,1113461.94
5303,2003,1119278.84
5303,2004,1148126.1
5303,2005,1173869
5303,2006,1155958
5303,2007,1176064
5303,2008,1153698.89
5303,2009,1150116
5303,2010,1165375.99
5303,2011,1171467.04
5303,2012,1167518.96
5303,2013,1136636.97
5304,1961,177833
5304,1962,187036
5304,1963,190408
5304,1964,200824
5304,1965,207395
5304,1966,213487
5304,1967,217021
5304,1968,224221
5304,1969,226737
5304,1970,238401
5304,1971,242216
5304,1972,247738
5304,1973,255585
5304,1974,269183
5304,1975,261959
5304,1976,265689
5304,1977,269780
5304,1978,290969
5304,1979,295021
5304,1980,315818
5304,1981,334952
5304,1982,346725
5304,1983,363797
5304,1984,390235
5304,1985,415493
5304,1986,427304
5304,1987,449836
5304,1988,467333
5304,1989,494372
5304,1990,496319
5304,1991,537647.67
5304,1992,590338.67
5304,1993,630061.33
5304,1994,658148
5304,1995,666901.33
5304,1996,695729
5304,1997,708799
5304,1998,663511.67
5304,1999,677283
5304,2000,714302
5304,2001,738583.67
5304,2002,808232.33
5304,2003,861460
5304,2004,938802.67
5304,2005,943241.66
5304,2006,1026137.66
5304,2007,1082765.33
5304,2008,1165029
5304,2009,1211383
5304,2010,1301579
5304,2011,1334721.67
5304,2012,1299792
5304,2013,1359946
5305,1961,117753
5305,1962,120093
5305,1963,121376
5305,1964,121208
5305,1965,123785
5305,1966,127839
5305,1967,125313
5305,1968,130735
5305,1969,140163
5305,1970,141836
5305,1971,142990
5305,1972,142441
5305,1973,142078
5305,1974,155540
5305,1975,160724
5305,1976,161725
5305,1977,171212
5305,1978,168847
5305,1979,162297
5305,1980,164813
5305,1981,187411
5305,1982,200495
5305,1983,209542
5305,1984,222157
5305,1985,217799
5305,1986,236298
5305,1987,223128
5305,1988,219387.57
5305,1989,221773
5305,1990,224803.67
5305,1991,208037.01
5305,1992,241571.33
5305,1993,247221
5305,1994,249264
5305,1995,276719.33
5305,1996,269057.99
5305,1997,278770.71
5305,1998,281959.04
5305,1999,284283
5305,2000,304562.67
5305,2001,295679.8
5305,2002,301177.77
5305,2003,321661.46
5305,2004,320866.67
5305,2005,332632.1
5305,2006,326481.86
5305,2007,334881.32
5305,2008,329909.33
5305,2009,341540
5305,2010,366511.01
5305,2011,362422.48
5305,2012,375550
5305,2013,413369.01
54,1961,3331.24
54,1962,6248.06
54,1963,5940.12
54,1964,6264.24
54,1965,5917
54,1966,7938.24
54,1967,7876.53
54,1968,6259.41
54,1969,7428.76
54,1970,7403.41
54,1971,10133.18
54,1972,9786.65
54,1973,9088.24
54,1974,12609.88
54,1975,13465.59
54,1976,14441.82
54,1977,15065.12
54,1978,14771.59
54,1979,14612.06
54,1980,13291.59
54,1981,11226.12
54,1982,10444.71
54,1983,10698.59
54,1984,11067
54,1985,10687
54,1986,15933.41
54,1987,15467.59
54,1988,16070.1
54,1989,14021.21
54,1990,67322.74
54,1991,63017.32
54,1992,59786.43
54,1993,66327.5
54,1994,56539.32
54,1995,43881.91
54,1996,42706.91
54,1997,23470.57
54,1998,29792.29
54,1999,82076.29
54,2000,66684.78
54,2001,99515.16
54,2002,90259.78
54,2003,81484.15
54,2004,85760.53
54,2005,65915
54,2006,70459.88
54,2007,37949
54,2008,53163.31
54,2009,15924.79
54,2010,45802.53
54,2011,29273.35
54,2012,34657.51
54,2013,38387.25
54,2014,37479.99
54,2015,38048.88
54,2016,38247.71
54,2017,36887.26
5400,1961,2168679.24
5400,1962,2312809.06
5400,1963,2429802.12
5400,1964,2367185.24
5400,1965,2406721
5400,1966,2517476.24
5400,1967,2637907.53
5400,1968,2671794.41
5400,1969,2612960.76
5400,1970,2659019.41
5400,1971,2705864.18
5400,1972,2762628.65
5400,1973,2803109.24
5400,1974,2951259.88
5400,1975,3086046.59
5400,1976,3090967.82
5400,1977,3075691.12
5400,1978,3171319.59
5400,1979,3172850.06
5400,1980,3234064.59
5400,1981,3229660.12
5400,1982,3201391.71
5400,1983,3242047.59
5400,1984,3347884
5400,1985,3381673
5400,1986,3259086.41
5400,1987,3316441.59
5400,1988,3245923.18
5400,1989,3159282.98
5400,1990,3286093.48
5400,1991,3170174.83
5400,1992,3390518.96
5400,1993,3411197.92
5400,1994,3387044.84
5400,1995,3456085.91
5400,1996,3267236.25
5400,1997,3157113.71
5400,1998,3241533.33
5400,1999,3640955.23
5400,2000,3493997.87
5400,2001,3094211.94
5400,2002,2991795.23
5400,2003,3024196.93
5400,2004,3099276.73
5400,2005,3045654.73
5400,2006,3011284.25
5400,2007,3037729.93
5400,2008,2888583.24
5400,2009,2841781.12
5400,2010,2855687.61
5400,2011,2678757.11
5400,2012,2639650.72
5400,2013,2546250.49
5401,1961,844867
5401,1962,927985
5401,1963,1022033
5401,1964,939108
5401,1965,945203
5401,1966,983910
5401,1967,1030078
5401,1968,1019527
5401,1969,976495
5401,1970,958241
5401,1971,946854
5401,1972,1017257
5401,1973,1022416
5401,1974,1048443
5401,1975,1123879
5401,1976,1085747
5401,1977,1062173
5401,1978,1096220
5401,1979,1097136
5401,1980,1103933
5401,1981,1103830
5401,1982,1088985
5401,1983,1101125
5401,1984,1164785
5401,1985,1209089
5401,1986,1122479
5401,1987,1131113
5401,1988,1084767
5401,1989,1095672
5401,1990,1108103
5401,1991,987362
5401,1992,1165835
5401,1993,1301598.19
5401,1994,1350775.31
5401,1995,1414062
5401,1996,1270249.39
5401,1997,1255400.99
5401,1998,1272339.31
5401,1999,1558249.97
5401,2000,1558086.6
5401,2001,1172970.54
5401,2002,1092169.23
5401,2003,1190432.11
5401,2004,1351221.68
5401,2005,1334974.75
5401,2006,1254531.53
5401,2007,1344297
5401,2008,1274911.99
5401,2009,1286421.88
5401,2010,1318998.97
5401,2011,1292221.71
5401,2012,1253512.21
5401,2013,1196464.74
5402,1961,322462.24
5402,1962,335388.06
5402,1963,345321.12
5402,1964,344650.24
5402,1965,352103
5402,1966,358927.24
5402,1967,367855.53
5402,1968,365699.41
5402,1969,342341.76
5402,1970,338769.41
5402,1971,344658.18
5402,1972,339507.65
5402,1973,338834.24
5402,1974,355425.88
5402,1975,393858.59
5402,1976,377269.82
5402,1977,365162.12
5402,1978,377339.59
5402,1979,377081.06
5402,1980,385473.59
5402,1981,369007.12
5402,1982,368085.71
5402,1983,370478.59
5402,1984,370027
5402,1985,380038
5402,1986,362889.41
5402,1987,368282.59
5402,1988,367582.18
5402,1989,342043.54
5402,1990,390638.37
5402,1991,381909.84
5402,1992,433692.67
5402,1993,403909.99
5402,1994,379487.48
5402,1995,370547.76
5402,1996,346956.41
5402,1997,299720.22
5402,1998,298085.27
5402,1999,345046.85
5402,2000,338221.41
5402,2001,393092.15
5402,2002,359422.26
5402,2003,351973.96
5402,2004,383564.41
5402,2005,357179.79
5402,2006,351978.44
5402,2007,320523.66
5402,2008,328436.41
5402,2009,269675.13
5402,2010,288648.93
5402,2011,243705.55
5402,2012,235828.9
5402,2013,231171.34
5403,1961,251005
5403,1962,254555
5403,1963,259635
5403,1964,273028
5403,1965,284422
5403,1966,309593
5403,1967,335778
5403,1968,357835
5403,1969,367422
5403,1970,390691
5403,1971,400114
5403,1972,387021
5403,1973,414687
5403,1974,453852
5403,1975,452378
5403,1976,457424
5403,1977,484740
5403,1978,483567
5403,1979,502304
5403,1980,508304
5403,1981,517153
5403,1982,520370
5403,1983,531748
5403,1984,550156
5403,1985,538302
5403,1986,538417
5403,1987,584386
5403,1988,580822
5403,1989,591080.34
5403,1990,608590.33
5403,1991,587062.66
5403,1992,603123.17
5403,1993,598086.41
5403,1994,595186.5
5403,1995,611403.25
5403,1996,613594.67
5403,1997,602597.17
5403,1998,632067.08
5403,1999,647600.41
5403,2000,644607.42
5403,2001,633435.59
5403,2002,648856.51
5403,2003,640701.42
5403,2004,614979.08
5403,2005,623729.75
5403,2006,674465.17
5403,2007,651296.49
5403,2008,617067.84
5403,2009,645047
5403,2010,653036.93
5403,2011,587887.41
5403,2012,571548.5
5403,2013,586373.74
5404,1961,750345
5404,1962,794881
5404,1963,802813
5404,1964,810399
5404,1965,824993
5404,1966,865046
5404,1967,904196
5404,1968,928733
5404,1969,926702
5404,1970,971318
5404,1971,1014238
5404,1972,1018843
5404,1973,1027172
5404,1974,1093539
5404,1975,1115931
5404,1976,1170527
5404,1977,1163616
5404,1978,1214193
5404,1979,1196329
5404,1980,1236354
5404,1981,1239670
5404,1982,1223951
5404,1983,1238696
5404,1984,1262916
5404,1985,1254244
5404,1986,1235301
5404,1987,1232660
5404,1988,1212752
5404,1989,1130487.1
5404,1990,1178761.78
5404,1991,1213840.33
5404,1992,1187868.12
5404,1993,1107603.33
5404,1994,1061595.55
5404,1995,1060072.9
5404,1996,1036435.78
5404,1997,999395.33
5404,1998,1039041.67
5404,1999,1090058
5404,2000,953082.44
5404,2001,894713.66
5404,2002,891347.23
5404,2003,841089.44
5404,2004,749511.56
5404,2005,729770.44
5404,2006,730309.11
5404,2007,721612.78
5404,2008,668167
5404,2009,640637.11
5404,2010,595002.78
5404,2011,554942.44
5404,2012,578761.11
5404,2013,532240.67
55,1961,51
55,1962,50
55,1963,47
55,1964,47
55,1965,44
55,1966,42
55,1967,41
55,1968,41
55,1969,40
55,1970,39
55,1971,40
55,1972,41
55,1973,42
55,1974,43
55,1975,44
55,1976,45
55,1977,46
55,1978,48
55,1979,50
55,1980,52
55,1981,56
55,1982,91
55,1983,108
55,1984,112
55,1985,110
55,1986,190
55,1987,235
55,1988,230
55,1989,198
55,1990,240
55,1991,153
55,1992,140
55,1993,165
55,1994,262
55,1995,259
55,1996,269
55,1997,249
55,1998,247
55,1999,250
55,2000,271
55,2001,272
55,2002,262
55,2003,256
55,2004,259
55,2005,277
55,2006,281
55,2007,320
55,2008,244
55,2009,217
55,2010,237
55,2011,228
55,2012,149
55,2013,163
55,2014,155.08
55,2015,157.08
55,2016,159.31
55,2017,172.27
5500,1961,103906
5500,1962,116753
5500,1963,127264
5500,1964,131216
5500,1965,133023
5500,1966,131175
5500,1967,124390
5500,1968,132905
5500,1969,135281
5500,1970,149797
5500,1971,159846
5500,1972,176216
5500,1973,184934
5500,1974,150836
5500,1975,174135
5500,1976,198589
5500,1977,208575
5500,1978,224447
5500,1979,206086
5500,1980,181865
5500,1981,174757
5500,1982,182011
5500,1983,179448
5500,1984,158029
5500,1985,159982
5500,1986,170294
5500,1987,183963
5500,1988,187083
5500,1989,179603
5500,1990,197887
5500,1991,202621.67
5500,1992,210215.33
5500,1993,210656
5500,1994,213419.66
5500,1995,214434.34
5500,1996,195838.66
5500,1997,201845.66
5500,1998,215454.99
5500,1999,221526.66
5500,2000,224017.33
5500,2001,235800.68
5500,2002,227902.66
5500,2003,232083
5500,2004,224654
5500,2005,237330
5500,2006,229895
5500,2007,249328.67
5500,2008,232153.66
5500,2009,226751.33
5500,2010,218604
5500,2011,207463.67
5500,2012,192943.67
5500,2013,216085
5501,1961,101980
5501,1962,114722
5501,1963,124920
5501,1964,129391
5501,1965,131103
5501,1966,129056
5501,1967,122171
5501,1968,130449
5501,1969,132797
5501,1970,147207
5501,1971,157134
5501,1972,173607
5501,1973,182328
5501,1974,148202
5501,1975,171357
5501,1976,195783
5501,1977,205572
5501,1978,221452
5501,1979,202899
5501,1980,178638
5501,1981,171458
5501,1982,178487
5501,1983,175919
5501,1984,154249
5501,1985,156126
5501,1986,166280
5501,1987,179939
5501,1988,182786
5501,1989,175504
5501,1990,193356
5501,1991,198063.67
5501,1992,205264
5501,1993,205067.67
5501,1994,208022.66
5501,1995,208826.67
5501,1996,190533.33
5501,1997,195530.33
5501,1998,209079.33
5501,1999,215435.33
5501,2000,216904
5501,2001,228773.34
5501,2002,221126.33
5501,2003,224653
5501,2004,217085
5501,2005,229717
5501,2006,221833.67
5501,2007,241654.67
5501,2008,225260.33
5501,2009,220289
5501,2010,211108
5501,2011,200281
5501,2012,185497.67
5501,2013,209129.33
5502,1961,1349
5502,1962,1401
5502,1963,1464
5502,1964,1490
5502,1965,1495
5502,1966,1595
5502,1967,1661
5502,1968,1824
5502,1969,1939
5502,1970,1962
5502,1971,2171
5502,1972,2057
5502,1973,2072
5502,1974,2100
5502,1975,2218
5502,1976,2169
5502,1977,2266
5502,1978,2349
5502,1979,2424
5502,1980,2515
5502,1981,2610
5502,1982,2734
5502,1983,2726
5502,1984,2908
5502,1985,3003
5502,1986,3072
5502,1987,3172
5502,1988,3301
5502,1989,3086
5502,1990,3298
5502,1991,3458
5502,1992,3649
5502,1993,4300
5502,1994,4100
5502,1995,4207
5502,1996,3968
5502,1997,5014.33
5502,1998,4847.33
5502,1999,4698
5502,2000,5550
5502,2001,5421.67
5502,2002,5131.33
5502,2003,5646.33
5502,2004,5690.33
5502,2005,5822.67
5502,2006,6199
5502,2007,5970
5502,2008,5107
5502,2009,4637
5502,2010,5732.33
5502,2011,5454
5502,2012,5600.67
5502,2013,5069
5503,1961,39
5503,1962,39
5503,1963,39
5503,1964,46
5503,1965,46
5503,1966,40
5503,1967,40
5503,1968,40
5503,1969,40
5503,1970,40
5503,1971,40
5503,1972,40
5503,1973,40
5503,1974,40
5503,1975,40
5503,1976,40
5503,1977,40
5503,1978,40
5503,1979,40
5503,1980,40
5503,1981,40
5503,1982,40
5503,1983,40
5503,1984,40
5503,1985,40
5503,1986,41
5503,1987,41
5503,1988,41
5503,1989,44
5503,1990,41
5503,1991,42
5503,1992,44
5503,1993,44
5503,1994,50
5503,1995,43
5503,1996,48
5503,1997,72
5503,1998,72
5503,1999,72
5503,2000,76
5503,2001,78
5503,2002,83
5503,2003,83
5503,2004,84
5503,2005,84
5503,2006,62
5503,2007,63
5503,2008,63
5503,2009,56
5503,2010,71
5503,2011,80
5503,2012,60
5503,2013,62
5504,1961,538
5504,1962,591
5504,1963,841
5504,1964,289
5504,1965,379
5504,1966,484
5504,1967,518
5504,1968,592
5504,1969,505
5504,1970,588
5504,1971,501
5504,1972,512
5504,1973,494
5504,1974,494
5504,1975,520
5504,1976,597
5504,1977,697
5504,1978,606
5504,1979,723
5504,1980,672
5504,1981,649
5504,1982,750
5504,1983,763
5504,1984,832
5504,1985,813
5504,1986,901
5504,1987,811
5504,1988,955
5504,1989,969
5504,1990,1192
5504,1991,1058
5504,1992,1258.33
5504,1993,1244.33
5504,1994,1247
5504,1995,1357.67
5504,1996,1289.33
5504,1997,1229
5504,1998,1456.33
5504,1999,1321.33
5504,2000,1487.33
5504,2001,1527.67
5504,2002,1562
5504,2003,1700.67
5504,2004,1794.67
5504,2005,1706.33
5504,2006,1800.33
5504,2007,1641
5504,2008,1723.33
5504,2009,1769.33
5504,2010,1692.67
5504,2011,1648.67
5504,2012,1785.33
5504,2013,1824.67
56,1961,6220
56,1962,7167
56,1963,5669
56,1964,6673
56,1965,6103
56,1966,6288
56,1967,6522
56,1968,7442
56,1969,7641
56,1970,6851
56,1971,7251
56,1972,8563
56,1973,9162
56,1974,9055
56,1975,8735
56,1976,9751
56,1977,9937
56,1978,10963
56,1979,11026
56,1980,11290
56,1981,13634
56,1982,14571
56,1983,14778
56,1984,12849
56,1985,12290
56,1986,12628
56,1987,13169
56,1988,13624
56,1989,14170
56,1990,13722
56,1991,13421
56,1992,13276
56,1993,13946
56,1994,14166
56,1995,14627
56,1996,15311
56,1997,17769
56,1998,17726
56,1999,17557
56,2000,16798
56,2001,17942
56,2002,18035
56,2003,16903
56,2004,16349
56,2005,17361
56,2006,19478
56,2007,21921
56,2008,22008
56,2009,22237
56,2010,24202
56,2011,22565
56,2012,20572
56,2013,21379
56,2014,30963.67
56,2015,42446.32
56,2016,40947.98
56,2017,42552.51
57,1992,15404
57,1993,34822
57,1994,34942
57,1995,35330
57,1996,54965
57,1997,42084
57,1998,44062.89
57,1999,39439.78
57,2000,47911.44
57,2001,49742.89
57,2002,45950.67
57,2003,44104.22
57,2004,54274.56
57,2005,59939.78
57,2006,54300
57,2007,49275.78
57,2008,58190.89
57,2009,66008.44
57,2010,66215.44
57,2011,68196.33
57,2012,72158.44
57,2013,72700.33
57,2014,70288.65
57,2015,74781.15
57,2016,71772.17
57,2017,69734.18
5706,1961,1391799.24
5706,1962,1462598.06
5706,1963,1480889.12
5706,1964,1514476.24
5706,1965,1523802
5706,1966,1621497.24
5706,1967,1667941.53
5706,1968,1702200.41
5706,1969,1699178.76
5706,1970,1752116.41
5706,1971,1799678.18
5706,1972,1820386.65
5706,1973,1866757.24
5706,1974,1972682.88
5706,1975,2050809.59
5706,1976,2102144.82
5706,1977,2092734.12
5706,1978,2152316.59
5706,1979,2147022.06
5706,1980,2215697.59
5706,1981,2215996.12
5706,1982,2194585.71
5706,1983,2210229.59
5706,1984,2272885
5706,1985,2333093
5706,1986,2297061.41
5706,1987,2347411.59
5706,1988,2287423.76
5706,1989,2180208.65
5706,1990,2351274.15
5706,1991,2365903.33
5706,1992,2378022.54
5706,1993,2321641.01
5706,1994,2262200.75
5706,1995,2261796.49
5706,1996,2222831.47
5706,1997,2121136
5706,1998,2215370.83
5706,1999,2308779.26
5706,2000,2160467.71
5706,2001,2165371.71
5706,2002,2101568.17
5706,2003,2003953.16
5706,2004,1932027.44
5706,2005,1907925.9
5706,2006,1911644.99
5706,2007,1879009.88
5706,2008,1773876.38
5706,2009,1718925.16
5706,2010,1685760.11
5706,2011,1534247.82
5706,2012,1520783.25
5706,2013,1449934.39
58,1961,8756
58,1962,8966
58,1963,9327
58,1964,9576
58,1965,9993
58,1966,10235
58,1967,10413
58,1968,10874
58,1969,11404
58,1970,12878
58,1971,11698
58,1972,12042
58,1973,12278
58,1974,13735
58,1975,14480
58,1976,14782
58,1977,15167
58,1978,17252
58,1979,18167
58,1980,16182
58,1981,16106
58,1982,16678
58,1983,17273
58,1984,17677
58,1985,18720
58,1986,18893
58,1987,19266
58,1988,19572
58,1989,20007
58,1990,27082
58,1991,27029
58,1992,28053
58,1993,30935
58,1994,31589.67
58,1995,35304
58,1996,37706
58,1997,38639
58,1998,39972
58,1999,39413
58,2000,43669
58,2001,41107
58,2002,43892
58,2003,44898
58,2004,45727
58,2005,43356
58,2006,43827
58,2007,47661
58,2008,50577
58,2009,53831
58,2010,53232
58,2011,54693
58,2012,54510
58,2013,53378
58,2014,46055.65
58,2015,35015.54
58,2016,39079.42
58,2017,41550.3
5801,1961,344476
5801,1962,353981
5801,1963,360704
5801,1964,370738
5801,1965,375935
5801,1966,398080
5801,1967,412704
5801,1968,426542
5801,1969,428471
5801,1970,439131
5801,1971,434679
5801,1972,432241
5801,1973,432346
5801,1974,438355
5801,1975,446716
5801,1976,456720
5801,1977,469702
5801,1978,500839
5801,1979,506039
5801,1980,504388
5801,1981,520843
5801,1982,529967
5801,1983,531485
5801,1984,538002
5801,1985,551181
5801,1986,566402
5801,1987,548442.67
5801,1988,567294
5801,1989,586460
5801,1990,594535.33
5801,1991,610110.67
5801,1992,628035.66
5801,1993,615987.67
5801,1994,630761.67
5801,1995,661703.67
5801,1996,694001.67
5801,1997,732062.66
5801,1998,778261.66
5801,1999,806421.67
5801,2000,817913.66
5801,2001,827390.66
5801,2002,874965.33
5801,2003,905110.35
5801,2004,926329.34
5801,2005,972281.34
5801,2006,1022731.32
5801,2007,1056852
5801,2008,1112140.99
5801,2009,1123508.66
5801,2010,1186194.33
5801,2011,1216365.34
5801,2012,1186666
5801,2013,1212200.65
5802,1961,138126
5802,1962,140647
5802,1963,144785
5802,1964,149783
5802,1965,154812
5802,1966,166952
5802,1967,170988
5802,1968,179405
5802,1969,179162
5802,1970,189626
5802,1971,195008
5802,1972,194229
5802,1973,188282
5802,1974,185701
5802,1975,190911
5802,1976,204625
5802,1977,221265
5802,1978,224758
5802,1979,227675
5802,1980,233865
5802,1981,241331
5802,1982,250100
5802,1983,250786
5802,1984,247290
5802,1985,244286
5802,1986,238704.67
5802,1987,247141.67
5802,1988,257224
5802,1989,270101
5802,1990,287346
5802,1991,295759
5802,1992,442358.33
5802,1993,528252.66
5802,1994,530161.01
5802,1995,564629.82
5802,1996,590453.11
5802,1997,690513.62
5802,1998,689537.91
5802,1999,685657.88
5802,2000,672463.86
5802,2001,681408.1
5802,2002,736133.56
5802,2003,756181.11
5802,2004,788454.43
5802,2005,829114.44
5802,2006,835158.78
5802,2007,858290.77
5802,2008,865874.99
5802,2009,880785.22
5802,2010,898971.88
5802,2011,921902.11
5802,2012,917059.38
5802,2013,927633.9
5803,1961,45972
5803,1962,48684
5803,1963,48903
5803,1964,52583
5803,1965,53111
5803,1966,54545
5803,1967,55276
5803,1968,66923
5803,1969,66575
5803,1970,62796
5803,1971,62590
5803,1972,62379
5803,1973,56200
5803,1974,53598
5803,1975,55672
5803,1976,64739
5803,1977,65307
5803,1978,67804
5803,1979,60157
5803,1980,61467
5803,1981,64733
5803,1982,68679
5803,1983,70078
5803,1984,68001
5803,1985,70712
5803,1986,74196
5803,1987,74103
5803,1988,74549
5803,1989,74047
5803,1990,74292.67
5803,1991,71116.67
5803,1992,76759
5803,1993,73773.33
5803,1994,68133
5803,1995,68826.67
5803,1996,74615.99
5803,1997,73664.33
5803,1998,79837.33
5803,1999,84824.99
5803,2000,83560.33
5803,2001,85444.33
5803,2002,86423.66
5803,2003,82019.01
5803,2004,76753.34
5803,2005,81824.33
5803,2006,81149.34
5803,2007,84139.33
5803,2008,86025
5803,2009,87995.33
5803,2010,89151.67
5803,2011,88775.34
5803,2012,86360.34
5803,2013,89372.67
5815,1961,696846
5815,1962,711492
5815,1963,720745
5815,1964,739474
5815,1965,752141
5815,1966,780281
5815,1967,802716
5815,1968,826560
5815,1969,841248
5815,1970,864075
5815,1971,872362
5815,1972,877548
5815,1973,896213
5815,1974,914990
5815,1975,931232
5815,1976,970658
5815,1977,1009891
5815,1978,1062306
5815,1979,1088644
5815,1980,1102370
5815,1981,1122241
5815,1982,1175966
5815,1983,1197728
5815,1984,1224613.67
5815,1985,1259907
5815,1986,1288042.33
5815,1987,1294259.34
5815,1988,1344104
5815,1989,1372904.33
5815,1990,1405046.33
5815,1991,1430909.34
5815,1992,1529115.3
5815,1993,1543733.67
5815,1994,1601493
5815,1995,1675158.5
5815,1996,1688191.67
5815,1997,1733388.08
5815,1998,1806133.47
5815,1999,1849769.88
5815,2000,1892951.62
5815,2001,1912525
5815,2002,1997108.6
5815,2003,2042654.41
5815,2004,2082388.1
5815,2005,2153314.78
5815,2006,2182205.44
5815,2007,2229999.89
5815,2008,2290023.1
5815,2009,2321505.22
5815,2010,2396405.55
5815,2011,2446968.37
5815,2012,2414625.23
5815,2013,2432021.52
5817,1961,603778
5817,1962,618997
5817,1963,626607
5817,1964,653817
5817,1965,663680
5817,1966,694681
5817,1967,715534
5817,1968,752897
5817,1969,764377
5817,1970,777768
5817,1971,785225
5817,1972,787480
5817,1973,794322
5817,1974,805952
5817,1975,813007
5817,1976,840548
5817,1977,871208
5817,1978,930286
5817,1979,946183
5817,1980,960235
5817,1981,996538
5817,1982,1027375
5817,1983,1051209
5817,1984,1069193
5817,1985,1093720
5817,1986,1106400
5817,1987,1105166.67
5817,1988,1168242
5817,1989,1210461
5817,1990,1250115.66
5817,1991,1259959
5817,1992,1317424
5817,1993,1343701.68
5817,1994,1400917.99
5817,1995,1455086.67
5817,1996,1452317.67
5817,1997,1535004.32
5817,1998,1615861.33
5817,1999,1693037.33
5817,2000,1743415.99
5817,2001,1712774.65
5817,2002,1786617
5817,2003,1845176.35
5817,2004,1836227.68
5817,2005,1934766.68
5817,2006,2034061.33
5817,2007,2096164.33
5817,2008,2166327
5817,2009,2153293.32
5817,2010,2292042.99
5817,2011,2294064.33
5817,2012,2344314.34
5817,2013,2473192.32
59,1961,31556
59,1962,32221
59,1963,32878
59,1964,33515
59,1965,34120
59,1966,34841
59,1967,35582
59,1968,40590
59,1969,39333
59,1970,40124
59,1971,41358
59,1972,42190
59,1973,43456
59,1974,42820
59,1975,43428
59,1976,43097
59,1977,43208
59,1978,47371
59,1979,52286
59,1980,58449
59,1981,62659
59,1982,59712
59,1983,74420
59,1984,82084
59,1985,85673
59,1986,79006
59,1987,76182
59,1988,88024
59,1989,91881
59,1990,99615
59,1991,93230
59,1992,91755
59,1993,98376
59,1994,99805
59,1995,102147
59,1996,104683
59,1997,117856
59,1998,120444
59,1999,134118
59,2000,144859
59,2001,107987
59,2002,115444
59,2003,125580
59,2004,103867.67
59,2005,124481
59,2006,168204
59,2007,168456
59,2008,168078
59,2009,121244
59,2010,183780
59,2011,149606
59,2012,204971.67
59,2013,291870.67
59,2014,276821.45
59,2015,278140.54
59,2016,250375.9
59,2017,457267.14
60,1961,4199
60,1962,4158
60,1963,4260
60,1964,4155
60,1965,4173
60,1966,4355
60,1967,4324
60,1968,4157
60,1969,4103
60,1970,4137
60,1971,4259
60,1972,4907
60,1973,5250
60,1974,6285
60,1975,5385
60,1976,6258
60,1977,5757
60,1978,6520
60,1979,6219
60,1980,5831
60,1981,4666
60,1982,4689
60,1983,4634
60,1984,4655
60,1985,4523
60,1986,4680
60,1987,4204
60,1988,4715
60,1989,5483
60,1990,5459
60,1991,4746
60,1992,4532
60,1993,5035
60,1994,5506
60,1995,5873
60,1996,5608
60,1997,6791
60,1998,6765
60,1999,7285.33
60,2000,7185.33
60,2001,7132
60,2002,8273.67
60,2003,7709.33
60,2004,5765.67
60,2005,7090.33
60,2006,8249.67
60,2007,7654.33
60,2008,7959
60,2009,7449
60,2010,7603.33
60,2011,5780.33
60,2012,6132.33
60,2013,4258.33
60,2014,4898.36
60,2015,4868.5
60,2016,5346.47
60,2017,5864.47
62,1961,88000
62,1962,91000
62,1963,89000
62,1964,90000
62,1965,90000
62,1966,91000
62,1967,92000
62,1968,93000
62,1969,93000
62,1970,95000
62,1971,85000
62,1972,85000
62,1973,86000
62,1974,90000
62,1975,84000
62,1976,84000
62,1977,85000
62,1978,85000
62,1979,87000
62,1980,88000
62,1981,89000
62,1982,91000
62,1983,92000
62,1984,91000
62,1985,94000
62,1986,113000
62,1987,89000
62,1988,89000
62,1989,96000
62,1990,98000
62,1991,98000
62,1992,100000
63,1992,9698.33
63,1993,7271
63,1994,6536
63,1995,6492
63,1996,6340.67
63,1997,5277.33
63,1998,5967
63,1999,5291
63,2000,4008
63,2001,3985
63,2002,4724.33
63,2003,4644
63,2004,7038.67
63,2005,5618.33
63,2006,5841.33
63,2007,6677.67
63,2008,6730
63,2009,6915
63,2010,7203.33
63,2011,6384
63,2012,5317.67
63,2013,4858.67
63,2014,3793.15
63,2015,5009.27
63,2016,5214.22
63,2017,3965.93
66,1961,492
66,1962,504
66,1963,530
66,1964,552
66,1965,518
66,1966,571
66,1967,641
66,1968,772
66,1969,896
66,1970,867
66,1971,977
66,1972,859
66,1973,879
66,1974,941
66,1975,1000
66,1976,1022
66,1977,1069
66,1978,1181
66,1979,1250
66,1980,1336
66,1981,1466
66,1982,1506
66,1983,1546
66,1984,1587
66,1985,1621
66,1986,1714
66,1987,1761
66,1988,1974
66,1989,1784
66,1990,1881
66,1991,1900
66,1992,2083
66,1993,2647
66,1994,2379
66,1995,2493
66,1996,2258
66,1997,2497
66,1998,2749
66,1999,2789
66,2000,3671
66,2001,3410
66,2002,3083
66,2003,3478
66,2004,3462
66,2005,3449
66,2006,3564
66,2007,3503
66,2008,3278
66,2009,2783
66,2010,3108
66,2011,2730
66,2012,2821
66,2013,2441
66,2014,2228.2
66,2015,1654.16
66,2016,2021.8
66,2017,2109.23
67,1961,13158
67,1962,14649
67,1963,15632
67,1964,16684
67,1965,16518
67,1966,16211
67,1967,17751
67,1968,15278
67,1969,18601
67,1970,18439
67,1971,20831
67,1972,22974
67,1973,21217
67,1974,22674
67,1975,22542
67,1976,22701
67,1977,22093
67,1978,22256
67,1979,22946
67,1980,23878
67,1981,24435
67,1982,23216
67,1983,22552
67,1984,21333
67,1985,22015
67,1986,21955
67,1987,22604
67,1988,20334.33
67,1989,19025.33
67,1990,18084.71
67,1991,18570.14
67,1992,15292.57
67,1993,14525.43
67,1994,13751.43
67,1995,13307
67,1996,12654.29
67,1997,9999.86
67,1998,9281.43
67,1999,9137.57
67,2000,7711
67,2001,8039.14
67,2002,8938
67,2003,8349.14
67,2004,9160.14
67,2005,9383.71
67,2006,8695.29
67,2007,8145.86
67,2008,8812.57
67,2009,9283
67,2010,8728.57
67,2011,8150.71
67,2012,7476.43
67,2013,7237.29
67,2014,7834.98
67,2015,11147.18
67,2016,12670.77
67,2017,13272.29
68,1961,338268
68,1962,363241
68,1963,365682
68,1964,370521
68,1965,380440
68,1966,394749
68,1967,418986
68,1968,427667
68,1969,418503
68,1970,442172
68,1971,464944
68,1972,474329
68,1973,479870
68,1974,500510
68,1975,514234
68,1976,546911
68,1977,547277
68,1978,563660
68,1979,556730
68,1980,582684
68,1981,595224
68,1982,578107
68,1983,588540
68,1984,604728
68,1985,597678
68,1986,596002
68,1987,605172
68,1988,607622.33
68,1989,567731.67
68,1990,571202
68,1991,580264.67
68,1992,572715.67
68,1993,563053
68,1994,544446
68,1995,553541
68,1996,541233
68,1997,550654
68,1998,569581
68,1999,581737
68,2000,535968
68,2001,540838
68,2002,540930
68,2003,533051
68,2004,484115
68,2005,475262
68,2006,457074
68,2007,441508
68,2008,436441
68,2009,438866
68,2010,424388
68,2011,402296
68,2012,395346
68,2013,376871
68,2014,372896.02
68,2015,377802.84
68,2016,378334.66
68,2017,368236.64
7,1961,4264
7,1962,4395
7,1963,4615
7,1964,5013
7,1965,5499
7,1966,5821
7,1967,6333
7,1968,6162
7,1969,6961
7,1970,7679
7,1971,8285
7,1972,8582
7,1973,8855
7,1974,8958
7,1975,10576
7,1976,8750
7,1977,8941
7,1978,9276
7,1979,9505
7,1980,9989
7,1981,10326
7,1982,11532
7,1983,11980
7,1984,11481
7,1985,12970
7,1986,12236
7,1987,12359
7,1988,12759
7,1989,13063
7,1990,13480
7,1991,13660
7,1992,12379
7,1993,12560
7,1994,12331
7,1995,11953
7,1996,12811
7,1997,14555
7,1998,17166
7,1999,17254
7,2000,17635
7,2001,18208
7,2002,15915
7,2003,16172
7,2004,14682
7,2005,16598
7,2006,17000
7,2007,18438
7,2008,19709
7,2009,20421
7,2010,21278
7,2011,22223
7,2012,23200
7,2013,24606
7,2014,66414.55
7,2015,54123.58
7,2016,46464.1
7,2017,52905.13
70,1961,406
70,1962,442
70,1963,665
70,1964,100
70,1965,185
70,1966,312
70,1967,348
70,1968,403
70,1969,305
70,1970,412
70,1971,320
70,1972,358
70,1973,319
70,1974,338
70,1975,366
70,1976,381
70,1977,386
70,1978,402
70,1979,387
70,1980,436
70,1981,404
70,1982,465
70,1983,473
70,1984,517
70,1985,472
70,1986,565
70,1987,411
70,1988,540
70,1989,483
70,1990,732
70,1991,585
70,1992,845.33
70,1993,783.33
70,1994,809
70,1995,923.67
70,1996,885.33
70,1997,815
70,1998,1042.33
70,1999,907.33
70,2000,1066.33
70,2001,1084.67
70,2002,1095
70,2003,1274.67
70,2004,1360.67
70,2005,1272.33
70,2006,1364.33
70,2007,1205
70,2008,1287.33
70,2009,1333.33
70,2010,1256.67
70,2011,1212.67
70,2012,1339.33
70,2013,1353.67
70,2014,1022.56
70,2015,1020.35
70,2016,1135.14
70,2017,1030.42
72,1961,521
72,1962,536
72,1963,553
72,1964,564
72,1965,572
72,1966,614
72,1967,638
72,1968,684
72,1969,734
72,1970,759
72,1971,792
72,1972,830
72,1973,823
72,1974,872
72,1975,880
72,1976,957
72,1977,921
72,1978,965
72,1979,1058
72,1980,1295
72,1981,1054
72,1982,942
72,1983,1022
72,1984,1126
72,1985,1150
72,1986,1186
72,1987,1173
72,1988,1172
72,1989,1166
72,1990,1300
72,1991,1514
72,1992,1518
72,1993,1544
72,1994,1599
72,1995,1563
72,1996,1603
72,1997,1625
72,1998,1656
72,1999,1745
72,2000,2098
72,2001,2099
72,2002,2028
72,2003,2028
72,2004,1685
72,2005,2481
72,2006,3760
72,2007,3052
72,2008,5015
72,2009,2624
72,2010,5595
72,2011,3018
72,2012,2476
72,2013,2310
72,2014,2196.85
72,2015,2227.77
72,2016,2253.29
72,2017,2092.85
73,1992,7500
73,1993,8600
73,1994,2000
73,1995,23200
73,1996,12800
73,1997,13100
73,1998,11811
73,1999,12402
73,2000,11064.67
73,2001,13714.33
73,2002,14944
73,2003,15777.33
73,2004,14442.67
73,2005,17355.33
73,2006,12038.67
73,2007,11241.33
73,2008,9957.33
73,2009,11541.33
73,2010,11067.67
73,2011,9057
73,2012,7529.33
73,2013,9036
73,2014,7395.08
73,2015,8719.84
73,2016,7082.9
73,2017,7317.95
74,1961,234
74,1962,228
74,1963,228
74,1964,239
74,1965,237
74,1966,253
74,1967,282
74,1968,284
74,1969,282
74,1970,275
74,1971,307
74,1972,293
74,1973,311
74,1974,370
74,1975,452
74,1976,443
74,1977,400
74,1978,544
74,1979,1109
74,1980,881
74,1981,3445
74,1982,3474
74,1983,2888
74,1984,3914
74,1985,5648
74,1986,4802
74,1987,5220
74,1988,5551
74,1989,5778
74,1990,2492
74,1991,2664.33
74,1992,5399.67
74,1993,5560.67
74,1994,3504.33
74,1995,3535.67
74,1996,2952.67
74,1997,3510.33
74,1998,5095.67
74,1999,5909.67
74,2000,4410.67
74,2001,6127
74,2002,2229.67
74,2003,6314
74,2004,4965.67
74,2005,4846.67
74,2006,6362.33
74,2007,7073.67
74,2008,7204
74,2009,7278.33
74,2010,5960.33
74,2011,7166
74,2012,10132.67
74,2013,9763.33
74,2014,15711.16
74,2015,15061.78
74,2016,13733.06
74,2017,16282.78
75,1961,597
75,1962,630
75,1963,660
75,1964,687
75,1965,715
75,1966,749
75,1967,770
75,1968,795
75,1969,823
75,1970,875
75,1971,905
75,1972,948
75,1973,942
75,1974,925
75,1975,920
75,1976,912
75,1977,896
75,1978,891
75,1979,886
75,1980,881
75,1981,864
75,1982,858
75,1983,850
75,1984,833
75,1985,869
75,1986,864
75,1987,881
75,1988,879
75,1989,889
75,1990,850
75,1991,849
75,1992,867
75,1993,864
75,1994,863
75,1995,861
75,1996,856
75,1997,854
75,1998,852
75,1999,852
75,2000,1223
75,2001,848
75,2002,904
75,2003,1078
75,2004,1098
75,2005,1110
75,2006,1124
75,2007,1156
75,2008,1284
75,2009,1216
75,2010,3453
75,2011,1131
75,2012,1093
75,2013,1090
75,2014,1159.83
75,2015,1221.72
75,2016,1266.04
75,2017,1257.47
79,1961,287260
79,1962,298712
79,1963,298042
79,1964,305924
79,1965,304036
79,1966,312444
79,1967,320180
79,1968,329570
79,1969,332317
79,1970,343012
79,1971,347745
79,1972,340610
79,1973,347572
79,1974,366504
79,1975,385588
79,1976,400596
79,1977,393001
79,1978,411818
79,1979,409843
79,1980,421101
79,1981,428126
79,1982,436108
79,1983,442618
79,1984,446012
79,1985,432813
79,1986,428061
79,1987,421447
79,1988,422532.67
79,1989,388205.33
79,1990,411079.33
79,1991,440440.33
79,1992,428741.67
79,1993,371229
79,1994,353868
79,1995,345659
79,1996,336978
79,1997,317154
79,1998,318536.33
79,1999,340950.33
79,2000,300685
79,2001,238200.33
79,2002,240368.67
79,2003,214259.33
79,2004,179994.67
79,2005,149074.33
79,2006,168507.67
79,2007,177931.67
79,2008,147759.33
79,2009,118794
79,2010,91589.67
79,2011,80529
79,2012,86737
79,2013,61812.67
79,2014,90712.91
79,2015,97982.28
79,2016,95236.18
79,2017,116268.03
8,1961,43
8,1962,34
8,1963,37
8,1964,44
8,1965,40
8,1966,43
8,1967,33
8,1968,32
8,1969,37
8,1970,37
8,1971,55
8,1972,52
8,1973,51
8,1974,49
8,1975,35
8,1976,39
8,1977,48
8,1978,71
8,1979,76
8,1980,88
8,1981,82
8,1982,71
8,1983,83
8,1984,79
8,1985,94
8,1986,95
8,1987,95
8,1988,95
8,1989,79
8,1990,127
8,1991,119
8,1992,239
8,1993,191
8,1994,94
8,1995,96
8,1996,98
8,1997,99
8,1998,101
8,1999,105
8,2000,107
8,2001,111
8,2002,112
8,2003,114
8,2004,117
8,2005,317
8,2006,199
8,2007,193
8,2008,212
8,2009,184
8,2010,155
8,2011,249
8,2012,296.67
8,2013,247
8,2014,229.8
8,2015,235.52
8,2016,194.32
8,2017,268.01
80,1992,4504
80,1993,4366
80,1994,3920
80,1995,3666
80,1996,2672
80,1997,2384
80,1998,3274
80,1999,3122
80,2000,3596
80,2001,3067
80,2002,4152
80,2003,9140.67
80,2004,11906
80,2005,14047.33
80,2006,13873
80,2007,13580.33
80,2008,13392.67
80,2009,14111.33
80,2010,10497
80,2011,9271
80,2012,8653.33
80,2013,8919
80,2014,8187.64
80,2015,9218.62
80,2016,8273.11
80,2017,7231.69
81,1961,6722
81,1962,6199
81,1963,6168
81,1964,6151
81,1965,6579
81,1966,6227
81,1967,6514
81,1968,6400
81,1969,7095
81,1970,7003
81,1971,6944
81,1972,6627
81,1973,6478
81,1974,7091
81,1975,6391
81,1976,5821
81,1977,5624
81,1978,5566
81,1979,5579
81,1980,5773
81,1981,5826
81,1982,6131
81,1983,6317
81,1984,6549
81,1985,6821
81,1986,6841
81,1987,7121
81,1988,7729
81,1989,8150
81,1990,7835
81,1991,8037
81,1992,7589
81,1993,7793
81,1994,7758
81,1995,8109
81,1996,7783
81,1997,7992.33
81,1998,8015
81,1999,8655
81,2000,9640.33
81,2001,9681
81,2002,16201
81,2003,19970
81,2004,17118
81,2005,30598
81,2006,23541
81,2007,24225.67
81,2008,24126.67
81,2009,20349.67
81,2010,25264.33
81,2011,37205
81,2012,43682.33
81,2013,48959.33
81,2014,46167.42
81,2015,53852.4
81,2016,37073.48
81,2017,45351.52
83,1961,39
83,1962,39
83,1963,39
83,1964,46
83,1965,46
83,1966,40
83,1967,40
83,1968,40
83,1969,40
83,1970,40
83,1971,40
83,1972,40
83,1973,40
83,1974,40
83,1975,40
83,1976,40
83,1977,40
83,1978,40
83,1979,40
83,1980,40
83,1981,40
83,1982,40
83,1983,40
83,1984,40
83,1985,40
83,1986,41
83,1987,41
83,1988,41
83,1989,44
83,1990,41
83,1991,42
83,1992,44
83,1993,44
83,1994,50
83,1995,43
83,1996,48
83,1997,72
83,1998,72
83,1999,72
83,2000,76
83,2001,78
83,2002,83
83,2003,83
83,2004,84
83,2005,84
83,2006,62
83,2007,63
83,2008,63
83,2009,56
83,2010,71
83,2011,80
83,2012,60
83,2013,62
83,2014,50.03
83,2015,50.37
83,2016,51.08
83,2017,50.75
84,1961,18992
84,1962,19621
84,1963,21346
84,1964,21153
84,1965,22697
84,1966,24082
84,1967,24478
84,1968,24692
84,1969,26979
84,1970,27678
84,1971,28634
84,1972,28036
84,1973,29391
84,1974,31776
84,1975,32608
84,1976,32212
84,1977,32706
84,1978,33221
84,1979,29742
84,1980,32580
84,1981,34185
84,1982,37540
84,1983,38080
84,1984,43413
84,1985,43508
84,1986,40310
84,1987,43798
84,1988,38406.33
84,1989,41012
84,1990,43646.67
84,1991,40287.67
84,1992,42545
84,1993,42208.33
84,1994,41017
84,1995,41371
84,1996,41427.67
84,1997,38329
84,1998,41470
84,1999,43023.33
84,2000,52586.67
84,2001,32330.67
84,2002,34700
84,2003,45150.67
84,2004,37371.33
84,2005,33655.67
84,2006,37658.67
84,2007,40200
84,2008,33120
84,2009,33815
84,2010,32397.67
84,2011,29862.67
84,2012,35626
84,2013,33939.33
84,2014,43726.21
84,2015,38982.81
84,2016,38732.72
84,2017,38969.18
86,1961,49
86,1962,50
86,1963,52
86,1964,53
86,1965,55
86,1966,65
86,1967,58
86,1968,62
86,1969,63
86,1970,66
86,1971,65
86,1972,58
86,1973,52
86,1974,50
86,1975,41
86,1976,38
86,1977,39
86,1978,42
86,1979,39
86,1980,37
86,1981,37
86,1982,35
86,1983,36
86,1984,38
86,1985,38
86,1986,40
86,1987,42
86,1988,41
86,1989,44
86,1990,45
86,1991,46
86,1992,44
86,1993,49
86,1994,46
86,1995,48
86,1996,48
86,1997,48
86,1998,48
86,1999,74
86,2000,56
86,2001,88
86,2002,79
86,2003,148
86,2004,96
86,2005,94
86,2006,113
86,2007,184
86,2008,179
86,2009,103
86,2010,145
86,2011,158
86,2012,121
86,2013,131
86,2014,139.93
86,2015,168.28
86,2016,114.56
86,2017,147.6
89,1961,5555
89,1962,6084
89,1963,6674
89,1964,6563
89,1965,6626
89,1966,6196
89,1967,6784
89,1968,7415
89,1969,7448
89,1970,7571
89,1971,8050
89,1972,8158
89,1973,7970
89,1974,7236
89,1975,7902
89,1976,8675
89,1977,9100
89,1978,9282
89,1979,9216
89,1980,7816
89,1981,7753
89,1982,7168
89,1983,7614
89,1984,7565
89,1985,7156
89,1986,5682
89,1987,6594
89,1988,7268
89,1989,8640
89,1990,9117
89,1991,7947
89,1992,6905
89,1993,7702.33
89,1994,8224.33
89,1995,8635
89,1996,8809
89,1997,8795
89,1998,9023
89,1999,10115
89,2000,9892
89,2001,10981
89,2002,12200
89,2003,13231
89,2004,13389.33
89,2005,14037
89,2006,13564
89,2007,13944
89,2008,14346
89,2009,14563
89,2010,14621
89,2011,14883
89,2012,15341
89,2013,15526
89,2014,13955.68
89,2015,13598.57
89,2016,15020.13
89,2017,25438.8
9,1961,171207
9,1962,181100
9,1963,181002
9,1964,148785
9,1965,158945
9,1966,178569
9,1967,188906
9,1968,188993
9,1969,200976
9,1970,199832
9,1971,209366
9,1972,191421
9,1973,198053
9,1974,200595
9,1975,205539
9,1976,210959
9,1977,211279
9,1978,210917
9,1979,216725
9,1980,219182
9,1981,230198
9,1982,227261
9,1983,228484
9,1984,222370
9,1985,211601
9,1986,221430
9,1987,225465
9,1988,228958
9,1989,218056
9,1990,219548
9,1991,220019
9,1992,213263.67
9,1993,219081.67
9,1994,227883
9,1995,225195.33
9,1996,223347
9,1997,219080.67
9,1998,220862.67
9,1999,225758.33
9,2000,227431.67
9,2001,225377.67
9,2002,220522
9,2003,226947.67
9,2004,229418.67
9,2005,233386
9,2006,216770
9,2007,208775
9,2008,206214
9,2009,217360
9,2010,216799
9,2011,216085
9,2012,220854
9,2013,230410
9,2014,243339.27
9,2015,250358.28
9,2016,246605.51
9,2017,257791.06
90,1961,2167
90,1962,2228
90,1963,2304
90,1964,2378
90,1965,2449
90,1966,2543
90,1967,2437
90,1968,2579
90,1969,2363
90,1970,2367
90,1971,2352
90,1972,2347
90,1973,2505
90,1974,2803
90,1975,2917
90,1976,2928
90,1977,2836
90,1978,2839
90,1979,2744
90,1980,2751
90,1981,2817
90,1982,3269
90,1983,3147
90,1984,3410
90,1985,2809
90,1986,1845
90,1987,2388
90,1988,3045
90,1989,3115
90,1990,3501
90,1991,3795
90,1992,4108
90,1993,4514
90,1994,4933
90,1995,5561
90,1996,5946
90,1997,6144.67
90,1998,6498.33
90,1999,6937
90,2000,7217
90,2001,7585
90,2002,7792
90,2003,8719
90,2004,9150
90,2005,9736
90,2006,10745.33
90,2007,11497.33
90,2008,12416
90,2009,14119
90,2010,14971
90,2011,15917
90,2012,16909
90,2013,18602
90,2014,18468.6
90,2015,20260.53
90,2016,21511.36
90,2017,23095.16
91,1961,638
91,1962,638
91,1963,620
91,1964,722
91,1965,809
91,1966,850
91,1967,828
91,1968,890
91,1969,980
91,1970,996
91,1971,997
91,1972,995
91,1973,1029
91,1974,854
91,1975,853
91,1976,919
91,1977,803
91,1978,810
91,1979,579
91,1980,673
91,1981,658
91,1982,672
91,1983,657
91,1984,538
91,1985,521
91,1986,524
91,1987,548
91,1988,601
91,1989,625
91,1990,607
91,1991,720
91,1992,765
91,1993,733
91,1994,688
91,1995,663
91,1996,638
91,1997,666
91,1998,593
91,1999,729
91,2000,617
91,2001,598
91,2002,537
91,2003,565
91,2004,528
91,2005,535
91,2006,535
91,2007,537
91,2008,545
91,2009,543
91,2010,544
91,2011,558
91,2012,517
91,2013,592
91,2014,707.52
91,2015,603.88
91,2016,579.32
91,2017,535.22
93,1961,3117
93,1962,3211
93,1963,3313
93,1964,3413
93,1965,3565
93,1966,3616
93,1967,3960
93,1968,4023
93,1969,4122
93,1970,4260
93,1971,4400
93,1972,4608
93,1973,4662
93,1974,4786
93,1975,4887
93,1976,5033
93,1977,4893
93,1978,5209
93,1979,5021
93,1980,4917
93,1981,4981
93,1982,5384
93,1983,6301
93,1984,7728
93,1985,9729
93,1986,11238
93,1987,9484
93,1988,9252
93,1989,7300
93,1990,6260
93,1991,6435
93,1992,6355
93,1993,6633
93,1994,6631
93,1995,6898
93,1996,12559
93,1997,10284
93,1998,14858
93,1999,13720
93,2000,16510
93,2001,15385
93,2002,17460
93,2003,17079
93,2004,15723
93,2005,15742
93,2006,14981
93,2007,12953
93,2008,13477
93,2009,15860
93,2010,15802
93,2011,14998
93,2012,15104
93,2013,15104
93,2014,12985.49
93,2015,13204.57
93,2016,14194.99
93,2017,15023.1
95,1961,2862
95,1962,3084
95,1963,3120
95,1964,3009
95,1965,3104
95,1966,3102
95,1967,3310
95,1968,3840
95,1969,3923
95,1970,4283
95,1971,5295
95,1972,5554
95,1973,5821
95,1974,4847
95,1975,5247
95,1976,5383
95,1977,5600
95,1978,7283
95,1979,7500
95,1980,8292
95,1981,8281
95,1982,6454
95,1983,4796
95,1984,5053
95,1985,5064
95,1986,4124
95,1987,5772
95,1988,6376
95,1989,7079
95,1990,7011
95,1991,6782
95,1992,6737
95,1993,6763
95,1994,8247.33
95,1995,7814
95,1996,7845
95,1997,7753
95,1998,6973
95,1999,6874.33
95,2000,7801.33
95,2001,8081.33
95,2002,7883.33
95,2003,8760
95,2004,9176.67
95,2005,10374.67
95,2006,9829.33
95,2007,10486.33
95,2008,10638
95,2009,9831
95,2010,6899
95,2011,7892
95,2012,13626.67
95,2013,9815
95,2014,9914.92
95,2015,9920.71
95,2016,12462.03
95,2017,13382.12
96,1961,11078
96,1962,14996
96,1963,16695
96,1964,18643
96,1965,21504
96,1966,25807
96,1967,23067
96,1968,24738
96,1969,27518
96,1970,29535
96,1971,34081
96,1972,34387
96,1973,36278
96,1974,32754
96,1975,36427
96,1976,40497
96,1977,41762
96,1978,44017
96,1979,50061
96,1980,44128
96,1981,43604
96,1982,37609
96,1983,37215
96,1984,38130
96,1985,34937
96,1986,41577
96,1987,42265
96,1988,50861.33
96,1989,45244
96,1990,46178.33
96,1991,41508.67
96,1992,43063.67
96,1993,46435.67
96,1994,69037
96,1995,118989.67
96,1996,89670.33
96,1997,118541
96,1998,122200.33
96,1999,97081.67
96,2000,102536
96,2001,76382
96,2002,57260.67
96,2003,61351.33
96,2004,95488.33
96,2005,150573
96,2006,112350.67
96,2007,132043.67
96,2008,204691.67
96,2009,246752
96,2010,154076.67
96,2011,204880.33
96,2012,146373.67
96,2013,192857.33
96,2014,241853.83
96,2015,203512.14
96,2016,211989.6
96,2017,239816.62
97,1961,25865
97,1962,28518
97,1963,26110
97,1964,24815
97,1965,26551
97,1966,25560
97,1967,25607
97,1968,29845
97,1969,26765
97,1970,26968
97,1971,31224
97,1972,31230
97,1973,31362
97,1974,34602
97,1975,34904
97,1976,29747
97,1977,33028
97,1978,31097
97,1979,32174
97,1980,32177
97,1981,34387
97,1982,35408
97,1983,37599
97,1984,37366
97,1985,39433
97,1986,39515
97,1987,39953
97,1988,38567
97,1989,40630
97,1990,41580
97,1991,33750
97,1992,34959
97,1993,32800
97,1994,35668
97,1995,28102
97,1996,28204
97,1997,26677
97,1998,31061
97,1999,25936
97,2000,27349
97,2001,29957
97,2002,31123
97,2003,19477
97,2004,17403
97,2005,20446
97,2006,18337
97,2007,24161
97,2008,17653
97,2009,19906
97,2010,19494
97,2011,10967
97,2012,12193
97,2013,14578
97,2014,4267.83
97,2015,806.39
97,2016,906.92
97,2017,735.95
98,1992,7525.5
98,1993,6479.75
98,1994,5862.5
98,1995,5917.25
98,1996,4362
98,1997,5332.5
98,1998,5455.75
98,1999,7531.75
98,2000,6879.75
98,2001,6493.25
98,2002,7621.5
98,2003,7068.75
98,2004,6571.75
98,2005,8858.75
98,2006,8386.5
98,2007,9102.75
98,2008,8984.5
98,2009,10507
98,2010,9691.75
98,2011,8575.75
98,2012,9522
98,2013,8898.25
98,2014,18326.49
98,2015,16875.53
98,2016,16250.28
98,2017,16114.06
99,1961,1982
99,1962,2149
99,1963,2027
99,1964,1869
99,1965,2140
99,1966,2103
99,1967,2232
99,1968,1936
99,1969,2050
99,1970,1810
99,1971,1713
99,1972,1966
99,1973,2144
99,1974,1766
99,1975,2161
99,1976,2059
99,1977,2057
99,1978,2312
99,1979,2336
99,1980,1939
99,1981,2188
99,1982,2410
99,1983,2397
99,1984,2022
99,1985,2224
99,1986,2323
99,1987,2214
99,1988,1983
99,1989,2092
99,1990,2079
99,1991,2123
99,1992,2083
99,1993,2076
99,1994,1898
99,1995,1997
99,1996,1819.75
99,1997,1834.25
99,1998,1850.75
99,1999,2069
99,2000,2141.25
99,2001,2086.5
99,2002,2094.75
99,2003,1967.25
99,2004,1724.5
99,2005,1700.5
99,2006,1940.75
99,2007,2109.25
99,2008,1962.75
99,2009,1987.25
99,2010,1859.5
99,2011,1756.75
99,2012,1171.75
99,2013,1047.25
99,2014,667.14
99,2015,1493.75
99,2016,1174.5
99,2017,1466.65
