geo,year,lettuce_and_chicory_gross_per_capita_production_index_number_2014_2016_100_pie
10,1961,36.33
10,1962,36.48
10,1963,36.81
10,1964,36.72
10,1965,37.39
10,1966,38.09
10,1967,37.59
10,1968,36.97
10,1969,45.88
10,1970,49.85
10,1971,51.64
10,1972,49.13
10,1973,47.55
10,1974,42.75
10,1975,51.25
10,1976,60.81
10,1977,54.62
10,1978,62.16
10,1979,63.49
10,1980,66.72
10,1981,61.77
10,1982,69.21
10,1983,74.35
10,1984,80.36
10,1985,86.61
10,1986,94.33
10,1987,94.64
10,1988,96.57
10,1989,95.38
10,1990,103.44
10,1991,104.84
10,1992,101.63
10,1993,101.49
10,1994,104.99
10,1995,91.8
10,1996,105.34
10,1997,107.69
10,1998,124.14
10,1999,124.7
10,2000,142.94
10,2001,142.17
10,2002,124.33
10,2003,110.62
10,2004,114.34
10,2005,117.25
10,2006,141.73
10,2007,231.7
10,2008,141.3
10,2009,135.16
10,2010,126.66
10,2011,114.66
10,2012,89.46
10,2013,126.01
10,2014,92.82
10,2015,104.16
10,2016,103.02
10,2017,106.29
10,2018,106.45
10,2019,94.65
100,1961,62.37
100,1962,64.78
100,1963,64.9
100,1964,65.68
100,1965,67.77
100,1966,68.63
100,1967,68.75
100,1968,69.25
100,1969,73.9
100,1970,73.32
100,1971,72.69
100,1972,75.97
100,1973,75.19
100,1974,76.28
100,1975,76.37
100,1976,82.72
100,1977,85.07
100,1978,85.04
100,1979,90.66
100,1980,90.23
100,1981,91.36
100,1982,93.96
100,1983,93.64
100,1984,92.41
100,1985,95.03
100,1986,94.37
100,1987,94.85
100,1988,94.75
100,1989,94.78
100,1990,94.15
100,1991,94.07
100,1992,92.31
100,1993,90.88
100,1994,91.56
100,1995,90.41
100,1996,89.3
100,1997,87.9
100,1998,86.61
100,1999,86.16
100,2000,85.19
100,2001,84.27
100,2002,84.3
100,2003,84.51
100,2004,84.83
100,2005,85.23
100,2006,90.22
100,2007,91.39
100,2008,92.67
100,2009,93.93
100,2010,95.07
100,2011,96.07
100,2012,97.39
100,2013,96.69
100,2014,96.92
100,2015,100.87
100,2016,102.21
100,2017,103.47
100,2018,104.72
100,2019,105.96
102,1990,8.67
102,1991,20.71
102,1992,48.76
102,1993,28.77
102,1994,20.91
102,1995,20.74
102,1996,72
102,1997,66.45
102,1998,52.79
102,1999,69.25
102,2000,39.05
102,2001,83.38
102,2002,51.19
102,2003,43.22
102,2004,87.94
102,2005,57.86
102,2006,82.25
102,2007,60.44
102,2008,48.99
102,2009,108.29
102,2010,147.32
102,2011,148.14
102,2012,141.83
102,2013,47.8
102,2014,86.56
102,2015,105.86
102,2016,107.58
102,2017,104.71
102,2018,106.17
102,2019,107.61
103,1961,56.49
103,1962,111.7
103,1963,156.37
103,1964,74.83
103,1965,121.99
103,1966,157.11
103,1967,179.92
103,1968,207.31
103,1969,217.8
103,1970,163.56
103,1971,221.36
103,1972,195.64
103,1973,192.6
103,1974,194.88
103,1975,203.91
103,1976,216.91
103,1977,302.42
103,1978,224.83
103,1979,104.03
103,1980,139.56
103,1981,105.85
103,1982,247.78
103,1983,152.06
103,1984,235.08
103,1985,197.37
103,1986,155.41
103,1987,157.12
103,1988,222.03
103,1989,154.21
103,1990,178.31
103,1991,80.13
103,1992,97.16
103,1993,107.8
103,1994,96.74
103,1995,96.34
103,1996,86.03
103,1997,81.02
103,1998,80.85
103,1999,58.81
103,2000,65.22
103,2001,88.63
103,2002,110.65
103,2003,133.47
103,2004,168.9
103,2005,180.27
103,2006,215.9
103,2007,224.4
103,2008,213.45
103,2009,177.2
103,2010,154.24
103,2011,143.35
103,2012,179.59
103,2013,190.63
103,2014,205.37
103,2015,62.83
103,2016,31.8
103,2017,40.16
103,2018,35.23
103,2019,40.59
104,1961,4.38
104,1962,4.37
104,1963,4.36
104,1964,4.34
104,1965,4.32
104,1966,4.31
104,1967,4.29
104,1968,4.27
104,1969,4.24
104,1970,6.29
104,1971,8.29
104,1972,10.22
104,1973,12.07
104,1974,13.84
104,1975,15.56
104,1976,19.13
104,1977,47.04
104,1978,55.57
104,1979,63.9
104,1980,72.11
104,1981,89.16
104,1982,106
104,1983,104.54
104,1984,102.29
104,1985,94.7
104,1986,87.58
104,1987,93.72
104,1988,99.03
104,1989,78.24
104,1990,86.9
104,1991,88.47
104,1992,96.81
104,1993,87.74
104,1994,88.93
104,1995,118.91
104,1996,168.58
104,1997,167.13
104,1998,167.12
104,1999,155.35
104,2000,146.78
104,2001,123.87
104,2002,84.32
104,2003,82.79
104,2004,84.2
104,2005,116.4
104,2006,102.41
104,2007,94.53
104,2008,109.16
104,2009,109.97
104,2010,108.52
104,2011,99.68
104,2012,94.01
104,2013,95.19
104,2014,104.19
104,2015,97.06
104,2016,98.76
104,2017,79.87
104,2018,78
104,2019,70.99
105,1961,47.52
105,1962,50.05
105,1963,43.22
105,1964,41.08
105,1965,52.29
105,1966,54.21
105,1967,47.02
105,1968,55.52
105,1969,56.3
105,1970,68.91
105,1971,50.76
105,1972,58.57
105,1973,62.58
105,1974,37.59
105,1975,48.94
105,1976,45.42
105,1977,51.77
105,1978,85.67
105,1979,89.72
105,1980,89.87
105,1981,96.47
105,1982,116.83
105,1983,149.66
105,1984,160.11
105,1985,167.32
105,1986,170.51
105,1987,158.96
105,1988,169.86
105,1989,175.76
105,1990,184.58
105,1991,160.14
105,1992,156.51
105,1993,190.48
105,1994,184.08
105,1995,180.49
105,1996,150.53
105,1997,188.56
105,1998,200.02
105,1999,181.56
105,2000,179.84
105,2001,184.49
105,2002,187.6
105,2003,178.55
105,2004,173.44
105,2005,160.71
105,2006,152.04
105,2007,151.33
105,2008,108.4
105,2009,142.84
105,2010,110.45
105,2011,121.68
105,2012,122.23
105,2013,114.23
105,2014,100.34
105,2015,104.39
105,2016,95.27
105,2017,89.17
105,2018,72.73
105,2019,74.58
106,1961,106.55
106,1962,114.84
106,1963,125.13
106,1964,128.42
106,1965,127.28
106,1966,128.47
106,1967,123.45
106,1968,116.75
106,1969,126.64
106,1970,126.78
106,1971,123.39
106,1972,126.88
106,1973,126.39
106,1974,128.89
106,1975,130.06
106,1976,130.33
106,1977,122.98
106,1978,126.08
106,1979,128.63
106,1980,127.27
106,1981,128.42
106,1982,126.25
106,1983,124.64
106,1984,125.09
106,1985,120.12
106,1986,127.89
106,1987,131.82
106,1988,137.04
106,1989,139.1
106,1990,139.95
106,1991,140.95
106,1992,138.54
106,1993,144.32
106,1994,145.73
106,1995,138.97
106,1996,127.54
106,1997,141.56
106,1998,150.71
106,1999,145.1
106,2000,149.83
106,2001,142.62
106,2002,140.48
106,2003,140.39
106,2004,150.68
106,2005,152.01
106,2006,146.45
106,2007,141.69
106,2008,136.33
106,2009,125.34
106,2010,124.64
106,2011,120.53
106,2012,100.84
106,2013,106.4
106,2014,102.95
106,2015,90.68
106,2016,106.37
106,2017,106.34
106,2018,77.9
106,2019,109.9
109,1961,15.49
109,1962,11.45
109,1963,12.53
109,1964,29.01
109,1965,40.82
109,1966,40.27
109,1967,35.51
109,1968,30.54
109,1969,14.61
109,1970,26.94
109,1971,56.55
109,1972,47.63
109,1973,42.15
109,1974,27.57
109,1975,32.17
109,1976,43.77
109,1977,11.95
109,1978,12.91
109,1979,15.02
109,1980,12.17
109,1981,13.72
109,1982,15.63
109,1983,21.64
109,1984,21.23
109,1985,24.68
109,1986,20.96
109,1987,23.95
109,1988,22.14
109,1989,30.07
109,1990,22.9
109,1991,32.59
109,1992,37.02
109,1993,36.27
109,1994,47.41
109,1995,56.31
109,1996,77.56
109,1997,54.69
109,1998,41.8
109,1999,47.67
109,2000,28.86
109,2001,37.79
109,2002,31.22
109,2003,41.57
109,2004,42.23
109,2005,41.02
109,2006,54.71
109,2007,53.54
109,2008,50.83
109,2009,61.64
109,2010,60.3
109,2011,93.12
109,2012,85.86
109,2013,93.55
109,2014,92.46
109,2015,93.19
109,2016,114.35
109,2017,107.23
109,2018,125.29
109,2019,118.27
11,1961,20.91
11,1962,18.6
11,1963,14.52
11,1964,24.97
11,1965,12.74
11,1966,26.3
11,1967,22.53
11,1968,25.3
11,1969,35.98
11,1970,35.33
11,1971,39.17
11,1972,50.19
11,1973,49.78
11,1974,55.25
11,1975,71.26
11,1976,38.46
11,1977,50.33
11,1978,69.98
11,1979,71.98
11,1980,81.86
11,1981,93.11
11,1982,76.68
11,1983,46.2
11,1984,62.75
11,1985,66.23
11,1986,67.39
11,1987,59.42
11,1988,72.34
11,1989,71.81
11,1990,68.17
11,1991,65.34
11,1992,40.89
11,1993,39.78
11,1994,40.7
11,1995,106.5
11,1996,124.32
11,1997,129.39
11,1998,105.71
11,1999,129.85
11,2000,145.45
11,2001,144.84
11,2002,144.77
11,2003,121.4
11,2004,127.46
11,2005,133.02
11,2006,138.31
11,2007,145.81
11,2008,133.63
11,2009,127.8
11,2010,109.74
11,2011,108.68
11,2012,123.25
11,2013,111.9
11,2014,101.13
11,2015,90.83
11,2016,108.04
11,2017,103.96
11,2018,76.8
11,2019,89.45
110,1961,5.38
110,1962,6.26
110,1963,7.06
110,1964,8.04
110,1965,11.31
110,1966,14.8
110,1967,19.58
110,1968,24.99
110,1969,29.82
110,1970,35.5
110,1971,41.5
110,1972,45.52
110,1973,46.34
110,1974,49.15
110,1975,50.97
110,1976,54.96
110,1977,62.33
110,1978,64.58
110,1979,65.95
110,1980,71.68
110,1981,76.9
110,1982,80.73
110,1983,79.94
110,1984,87.36
110,1985,83.5
110,1986,90.58
110,1987,89.5
110,1988,88.88
110,1989,93.1
110,1990,92.18
110,1991,92.32
110,1992,94.79
110,1993,86.99
110,1994,92.84
110,1995,94.28
110,1996,96.01
110,1997,93.08
110,1998,88.31
110,1999,94.12
110,2000,93.4
110,2001,96.21
110,2002,97.36
110,2003,94.99
110,2004,88.08
110,2005,95.31
110,2006,94.16
110,2007,93.82
110,2008,93.89
110,2009,94.83
110,2010,92.78
110,2011,93.59
110,2012,97.74
110,2013,100.05
110,2014,99.96
110,2015,98.4
110,2016,101.64
110,2017,101.42
110,2018,102.07
110,2019,101.79
112,1961,58.26
112,1962,44.12
112,1963,35.25
112,1964,56.9
112,1965,46.14
112,1966,39.22
112,1967,31.12
112,1968,16.41
112,1969,9.6
112,1970,10.8
112,1971,4.57
112,1972,5.28
112,1973,4.34
112,1974,8.32
112,1975,4.13
112,1976,7.31
112,1977,9.36
112,1978,14.48
112,1979,19.38
112,1980,24.92
112,1981,68.39
112,1982,56.91
112,1983,46.51
112,1984,66.35
112,1985,99.21
112,1986,37.53
112,1987,62.68
112,1988,67.55
112,1989,42.58
112,1990,32.43
112,1991,12.27
112,1992,21.37
112,1993,13.65
112,1994,19.62
112,1995,17.12
112,1996,18.83
112,1997,35.65
112,1998,70.94
112,1999,40.68
112,2000,35.24
112,2001,32.51
112,2002,57.64
112,2003,93.32
112,2004,146.4
112,2005,75.86
112,2006,96.37
112,2007,87.22
112,2008,98.51
112,2009,89.56
112,2010,103.09
112,2011,81.83
112,2012,75.89
112,2013,115.87
112,2014,88.52
112,2015,96.79
112,2016,114.69
112,2017,92.1
112,2018,65.26
112,2019,63.76
113,1999,37.82
113,2000,37.36
113,2001,37.05
113,2002,36.83
113,2003,36.67
113,2004,36.49
113,2005,36.22
113,2006,35.88
113,2007,42.55
113,2008,48.98
113,2009,48.25
113,2010,81.37
113,2011,106.62
113,2012,111.19
113,2013,192.47
113,2014,88.08
113,2015,98.73
113,2016,113.2
113,2017,124.63
113,2018,125.58
113,2019,128.55
114,1991,4.58
114,1992,10.85
114,1993,6.45
114,1994,47.32
114,1995,6.96
114,1996,9.59
114,1997,10.26
114,1998,1.36
114,1999,33.16
114,2000,27.12
114,2001,32.73
114,2002,24.97
114,2003,8.42
114,2004,7.09
114,2005,13.8
114,2006,18.08
114,2007,21.83
114,2008,29.18
114,2009,31.38
114,2010,21.28
114,2011,23.73
114,2012,26.77
114,2013,50.76
114,2014,33.63
114,2015,142.49
114,2016,123.88
114,2017,32.32
114,2018,29.5
114,2019,27.69
117,1974,24.7
117,1975,22.16
117,1976,27.88
117,1977,37.82
117,1978,38.98
117,1979,70.9
117,1980,72.4
117,1981,59.52
117,1982,53.47
117,1983,57.64
117,1984,76.63
117,1985,62.76
117,1986,69.78
117,1987,85.71
117,1988,90.28
117,1989,109.7
117,1990,106.03
117,1991,134.72
117,1992,133.49
117,1993,173.36
117,1994,173.82
117,1995,193.7
117,1996,157.59
117,1997,170.75
117,1998,168.04
117,1999,189.75
117,2000,220.66
117,2001,196.53
117,2002,191.57
117,2003,202.57
117,2004,216.94
117,2005,176.17
117,2006,168.45
117,2007,162.18
117,2008,144.25
117,2009,152.05
117,2010,146.47
117,2011,120.53
117,2012,114.88
117,2013,98.64
117,2014,110.37
117,2015,102.84
117,2016,86.78
117,2017,90.21
117,2018,93.91
117,2019,91.91
118,1986,26.1
118,1987,24.62
118,1988,25.12
118,1989,31.34
118,1990,30.84
118,1991,19.78
118,1992,1.47
118,1993,13.74
118,1994,28.07
118,1995,62.26
118,1996,44.61
118,1997,39.83
118,1998,95.09
118,1999,98.07
118,2000,154.95
118,2001,124.82
118,2002,120.46
118,2003,117.73
118,2004,170.84
118,2005,179.7
118,2006,174.88
118,2007,238.11
118,2008,174.17
118,2009,164.21
118,2010,175.48
118,2011,113.74
118,2012,111.56
118,2013,72.6
118,2014,93.65
118,2015,116.72
118,2016,89.62
118,2017,130.65
118,2018,175.52
118,2019,170.91
119,1999,16.3
119,2000,29.03
119,2001,41.16
119,2002,54.47
119,2003,81.97
119,2004,113.76
119,2005,52.52
119,2006,22.05
119,2007,140.97
119,2008,26.4
119,2009,49.84
119,2010,57.28
119,2011,85.84
119,2012,42.93
119,2013,51.27
119,2014,62.6
119,2015,76.52
119,2016,160.88
119,2017,66.7
119,2019,195.01
12,2010,76.83
12,2011,80.73
12,2012,85.49
12,2013,90.24
12,2014,95.73
12,2015,101.08
12,2016,103.19
12,2017,107.53
12,2018,111.01
12,2019,115.19
121,1961,108.85
121,1962,110.97
121,1963,107.63
121,1964,125.6
121,1965,107.22
121,1966,105
121,1967,131.06
121,1968,110.71
121,1969,155.04
121,1970,171.42
121,1971,206.94
121,1972,204.51
121,1973,161.92
121,1974,162.66
121,1975,174.19
121,1976,181.04
121,1977,180.66
121,1978,172.75
121,1979,164.93
121,1980,173.31
121,1981,181.18
121,1982,179.54
121,1983,179.26
121,1984,161.98
121,1985,161.13
121,1986,168.62
121,1987,164.17
121,1988,168.72
121,1989,168.48
121,1990,167.69
121,1991,167.37
121,1992,170.69
121,1993,118.47
121,1994,75.33
121,1995,60.55
121,1996,47.25
121,1997,172.87
121,1998,209.98
121,1999,184.14
121,2000,264.1
121,2001,187.91
121,2002,88.38
121,2003,107.6
121,2004,150.09
121,2005,131.41
121,2006,93.37
121,2007,99.49
121,2008,125.55
121,2009,166.02
121,2010,304.93
121,2011,354.22
121,2012,160.83
121,2013,157.43
121,2014,129.37
121,2015,105.06
121,2016,65.57
121,2017,78.04
121,2018,98.58
121,2019,102.24
129,1961,763.68
129,1962,894.34
129,1963,1017.95
129,1964,1134.65
129,1965,1382.9
129,1966,1617.6
129,1967,1839.06
129,1968,1791.58
129,1969,1993.97
129,1970,1698.46
129,1971,1534.77
129,1972,2480.78
129,1973,2077.61
129,1974,2628.36
129,1975,3642.79
129,1976,2422.18
129,1977,3421.46
129,1978,3664.28
129,1979,1375.29
129,1980,1711.61
129,1981,380.62
129,1982,397.44
129,1983,411.32
129,1984,424.16
129,1985,475.68
129,1986,462.41
129,1987,449.57
129,1988,437.07
129,1989,438.96
129,1990,440.23
129,1991,414.18
129,1992,415.08
129,1993,405.35
129,1994,394.44
129,1995,383.66
129,1996,374.16
129,1997,367
129,1998,344.8
129,1999,344.55
129,2000,313.73
129,2001,297.33
129,2002,280.77
129,2003,264.11
129,2004,248.27
129,2005,225.38
129,2006,224.81
129,2007,212.66
129,2008,201.09
129,2009,189.28
129,2010,178.79
129,2011,168.05
129,2012,157.09
129,2013,149.41
129,2014,122.43
129,2015,97.45
129,2016,80.12
129,2017,48.05
129,2018,26.13
129,2019,53.25
13,1974,189.53
13,1975,223.91
13,1976,256.6
13,1977,244.1
13,1978,258.3
13,1979,248.71
13,1980,236.9
13,1981,215.59
13,1982,200.58
13,1983,225.38
13,1984,211.04
13,1985,244.34
13,1986,225.4
13,1987,225.6
13,1988,214.8
13,1989,270.44
13,1990,230.71
13,1991,194.35
13,1992,212.87
13,1993,174.9
13,1994,286.07
13,1995,234.13
13,1996,223.95
13,1997,149.04
13,1998,153.65
13,1999,165.02
13,2000,170.1
13,2001,163.78
13,2002,188.58
13,2003,223.57
13,2004,219.66
13,2005,127.72
13,2006,134.86
13,2007,132.67
13,2008,114.28
13,2009,97.56
13,2010,98.39
13,2011,104.33
13,2012,102.05
13,2013,101.4
13,2014,101.97
13,2015,100.56
13,2016,97.47
13,2017,95.87
13,2018,94.52
13,2019,91.43
131,1995,13.39
131,1996,13.05
131,1997,12.72
131,1998,12.4
131,1999,12.11
131,2000,11.83
131,2001,11.57
131,2002,11.33
131,2003,11.11
131,2004,10.89
131,2005,10.68
131,2006,10.47
131,2007,17.94
131,2008,13.34
131,2009,32.41
131,2010,64.88
131,2011,56.18
131,2012,62.63
131,2013,100.84
131,2014,103.06
131,2015,99.69
131,2016,97.25
131,2017,59.32
131,2018,66.87
131,2019,69.74
133,1991,198.2
133,1992,193.67
133,1993,188.89
133,1994,184.14
133,1995,179.58
133,1996,175.23
133,1997,171.02
133,1998,166.85
133,1999,162.66
133,2000,158.37
133,2001,154.02
133,2002,149.65
133,2003,145.29
133,2004,140.95
133,2005,136.66
133,2006,132.41
133,2007,128.25
133,2008,123.9
133,2009,143.25
133,2010,160.99
133,2011,86.11
133,2012,101.3
133,2013,86.99
133,2014,96.04
133,2015,102.35
133,2016,101.6
133,2017,120.07
133,2018,102.6
133,2019,140.07
134,1998,74.84
134,1999,75.58
134,2000,73.63
134,2001,73.68
134,2002,69.36
134,2003,70.16
134,2004,72.28
134,2005,75
134,2006,90.12
134,2007,93.52
134,2008,95.61
134,2009,98.7
134,2010,103.87
134,2011,107.91
134,2012,104.6
134,2013,116.16
134,2014,105.56
134,2015,101.32
134,2016,93.12
134,2017,80.28
134,2018,70.63
134,2019,61.19
137,1961,36.35
137,1962,43.5
137,1963,41.28
137,1964,33.15
137,1965,47.76
137,1966,45.77
137,1967,20.81
137,1968,34.33
137,1969,31.53
137,1970,37.45
137,1971,32.11
137,1972,31.52
137,1973,41.59
137,1974,46.47
137,1975,38.3
137,1976,41.87
137,1977,30.88
137,1978,22.37
137,1979,20.43
137,1980,25.84
137,1981,29.12
137,1982,18.24
137,1983,25.19
137,1984,24.03
137,1985,26.17
137,1986,23.19
137,1987,16.13
137,1988,38.9
137,1989,49.48
137,1990,54.84
137,1991,49.76
137,1992,47.34
137,1993,57.38
137,1994,66.37
137,1995,118.76
137,1996,138.83
137,1997,182.85
137,1998,152.99
137,1999,98.76
137,2000,137.45
137,2001,190.75
137,2002,174.88
137,2003,156.1
137,2004,147.04
137,2005,128.88
137,2006,120.66
137,2007,87.17
137,2008,67.33
137,2009,70.21
137,2010,70.97
137,2011,68.75
137,2012,70.51
137,2013,76.82
137,2014,105.55
137,2015,69.27
137,2016,125.18
137,2017,128.9
137,2018,80.68
137,2019,93.83
138,1961,5.96
138,1962,5.84
138,1963,5.73
138,1964,5.56
138,1965,5.42
138,1966,5.32
138,1967,5.21
138,1968,5.17
138,1969,5.13
138,1970,5.53
138,1971,5.71
138,1972,7.81
138,1973,10.11
138,1974,12.28
138,1975,14.44
138,1976,15.33
138,1977,15.18
138,1978,12.7
138,1979,21.28
138,1980,21.73
138,1981,23.48
138,1982,29.54
138,1983,27.51
138,1984,37.58
138,1985,25.41
138,1986,37.27
138,1987,38.64
138,1988,47.08
138,1989,49.97
138,1990,40.09
138,1991,54.28
138,1992,53.65
138,1993,47.97
138,1994,44.04
138,1995,41.68
138,1996,44.38
138,1997,53.82
138,1998,50.05
138,1999,63.11
138,2000,55.15
138,2001,60.39
138,2002,63.92
138,2003,67.24
138,2004,67.4
138,2005,73.75
138,2006,72.54
138,2007,74.67
138,2008,73.16
138,2009,80.46
138,2010,85.1
138,2011,91.08
138,2012,81.42
138,2013,91.33
138,2014,96.21
138,2015,102.24
138,2016,101.54
138,2017,109.72
138,2018,109.76
138,2019,115.09
14,1993,106.59
14,1994,193.85
14,1995,517.4
14,1996,459.11
14,1997,119.4
14,1998,92.38
14,1999,66.67
14,2000,73.05
14,2001,79.4
14,2002,41.15
14,2003,73.35
14,2004,83.05
14,2005,74.39
14,2006,114.1
14,2007,108.17
14,2008,37.1
14,2009,146.75
14,2010,86.66
14,2011,127.17
14,2012,43.47
14,2013,54.03
14,2014,79.25
14,2015,116.27
14,2016,104.47
14,2017,147.9
14,2018,210.34
14,2019,178.15
143,1961,15.69
143,1962,15.23
143,1963,9.86
143,1964,9.59
143,1965,9.34
143,1966,6.83
143,1967,8.89
143,1968,8.69
143,1969,8.49
143,1970,6.23
143,1971,6.1
143,1972,5.97
143,1973,5.85
143,1974,5.73
143,1975,5.6
143,1976,5.48
143,1977,5.36
143,1978,5.23
143,1979,5.11
143,1980,4.99
143,1981,5.84
143,1982,5.7
143,1983,4.64
143,1984,30.21
143,1985,29.55
143,1986,57.86
143,1987,56.71
143,1988,83.44
143,1989,81.89
143,1990,107.19
143,1991,105.96
143,1992,104.8
143,1993,103.7
143,1994,102.73
143,1995,101.86
143,1996,101.14
143,1997,100.51
143,1998,99.97
143,1999,99.53
143,2000,99.14
143,2001,98.83
143,2002,98.56
143,2003,98.21
143,2004,98.21
143,2005,98.12
143,2006,98.11
143,2007,98.13
143,2008,98.44
143,2009,98.78
143,2010,99.13
143,2011,99.47
143,2012,99.99
143,2013,100.05
143,2014,100.17
143,2015,99.86
143,2016,99.97
143,2017,100.07
143,2018,100.19
143,2019,100.34
149,2003,4.62
149,2004,4.56
149,2005,5.63
149,2006,6.23
149,2007,6.59
149,2008,8.69
149,2009,10.78
149,2010,21.46
149,2011,32.15
149,2012,34.36
149,2013,55.99
149,2014,86.17
149,2015,115.1
149,2016,98.73
149,2017,88.1
149,2018,95
149,2019,101.52
150,1961,111.13
150,1962,101.53
150,1963,120.61
150,1964,127.91
150,1965,140.52
150,1966,122.04
150,1967,152.24
150,1968,150.26
150,1969,170.96
150,1970,162
150,1971,167.66
150,1972,162.8
150,1973,155.21
150,1974,143.96
150,1975,142.68
150,1976,136.13
150,1977,134.37
150,1978,139.06
150,1979,142.65
150,1980,149.54
150,1981,132.34
150,1982,136.58
150,1983,130.28
150,1984,126.5
150,1985,143.31
150,1986,146.45
150,1987,133.29
150,1988,134.04
150,1989,126.5
150,1990,107.9
150,1991,109.77
150,1992,93.35
150,1993,93.74
150,1994,85.33
150,1995,126.72
150,1996,109.95
150,1997,104.34
150,1998,83.98
150,1999,86.45
150,2000,75.21
150,2001,90.32
150,2002,63.73
150,2003,65.3
150,2004,69.73
150,2005,70.34
150,2006,67.66
150,2007,80.58
150,2008,84.98
150,2009,80.47
150,2010,77.68
150,2011,77.61
150,2012,85.7
150,2013,83.12
150,2014,81.96
150,2015,109.75
150,2016,108.28
150,2017,98.07
150,2018,269.87
150,2019,264.46
154,1999,58.92
154,2000,57.44
154,2001,57.22
154,2002,56.47
154,2003,87.13
154,2004,90.45
154,2005,115.78
154,2006,86.72
154,2007,80.85
154,2008,85.96
154,2009,85.89
154,2010,92.16
154,2011,93.81
154,2012,94.88
154,2013,96.52
154,2014,98.16
154,2015,101.53
154,2016,100.31
154,2017,101.4
154,2018,102.5
154,2019,104.19
156,1961,57.28
156,1962,55.55
156,1963,72.5
156,1964,78.74
156,1965,69.88
156,1966,56.74
156,1967,58.88
156,1968,57.19
156,1969,65.86
156,1970,56.59
156,1971,51.52
156,1972,56.32
156,1973,59.47
156,1974,60.96
156,1975,57.73
156,1976,62.32
156,1977,59.75
156,1978,65.43
156,1979,60.47
156,1980,64.2
156,1981,68.13
156,1982,74.28
156,1983,73.72
156,1984,66.13
156,1985,58.72
156,1986,51.46
156,1987,54.55
156,1988,56.9
156,1989,57.1
156,1990,86.37
156,1991,85.16
156,1992,61.55
156,1993,74.74
156,1994,83.81
156,1995,118.57
156,1996,108.71
156,1997,108.3
156,1998,107.39
156,1999,107.91
156,2000,106.77
156,2001,96.74
156,2002,86.83
156,2003,86.42
156,2004,85.76
156,2005,87.23
156,2006,85.51
156,2007,90.67
156,2008,87.07
156,2009,83.55
156,2010,81.22
156,2011,70.76
156,2012,82.82
156,2013,90.9
156,2014,104.6
156,2015,98.39
156,2016,97.01
156,2017,97.81
156,2018,94.21
156,2019,94.63
158,1990,8.8
158,1991,17.04
158,1992,24.73
158,1993,31.88
158,1994,38.51
158,1995,44.64
158,1996,50.3
158,1997,55.5
158,1998,67.34
158,1999,33.14
158,2000,52.39
158,2001,48.07
158,2002,48.53
158,2003,50.24
158,2004,49.33
158,2005,43.75
158,2006,49.92
158,2007,57.7
158,2008,71.6
158,2009,59.25
158,2010,57.01
158,2011,56.84
158,2012,51.26
158,2013,58.64
158,2014,66.23
158,2015,115.28
158,2016,118.5
158,2017,112.22
158,2018,106.98
158,2019,131.22
16,1961,384.57
16,1962,397.42
16,1963,409.11
16,1964,419.47
16,1965,428.45
16,1966,435.92
16,1967,435.46
16,1968,441.47
16,1969,454.83
16,1970,397.72
16,1971,384.08
16,1972,246.23
16,1973,200.27
16,1974,198.63
16,1975,213.98
16,1976,230.81
16,1977,201.15
16,1978,226.99
16,1979,227.64
16,1980,218.82
16,1981,211.25
16,1982,214.2
16,1983,212.29
16,1984,211.27
16,1985,207.39
16,1986,198.43
16,1987,178.42
16,1988,192.54
16,1989,187.69
16,1990,192.7
16,1991,196.31
16,1992,194.11
16,1993,189.95
16,1994,182.42
16,1995,175.13
16,1996,168.08
16,1997,167.86
16,1998,164.41
16,1999,164.28
16,2000,164.2
16,2001,106.41
16,2002,89.56
16,2003,90.96
16,2004,92.39
16,2005,87.24
16,2006,87.81
16,2007,91.75
16,2008,92.93
16,2009,89.87
16,2010,94.31
16,2011,92.94
16,2012,89.05
16,2013,88.02
16,2014,99.82
16,2015,99.8
16,2016,100.38
16,2017,109.99
16,2018,100.49
16,2019,93.36
162,1982,10.97
162,1983,11.26
162,1984,11.33
162,1985,17.02
162,1986,19.57
162,1987,18.47
162,1988,17.36
162,1989,14.26
162,1990,14.46
162,1991,14.12
162,1992,14.24
162,1993,14.19
162,1994,13.7
162,1995,13.97
162,1996,30.81
162,1997,40.5
162,1998,44.07
162,1999,51.82
162,2000,75.4
162,2001,71.46
162,2002,89.26
162,2003,77.23
162,2004,96.34
162,2005,99.29
162,2006,97.74
162,2007,97.51
162,2008,130.53
162,2009,129.33
162,2010,79.32
162,2011,93.95
162,2012,98.95
162,2013,82.95
162,2014,82.7
162,2015,95.24
162,2016,122.05
162,2017,182.57
162,2018,174.61
162,2019,167.39
165,1982,36.02
165,1983,34.83
165,1984,66.83
165,1985,57.95
165,1986,57.11
165,1987,57.27
165,1988,51.28
165,1989,49.29
165,1990,46.53
165,1991,67.17
165,1992,70.35
165,1993,69.66
165,1994,66.18
165,1995,65.51
165,1996,67.42
165,1997,73.52
165,1998,72.87
165,1999,69.16
165,2000,56.3
165,2001,38.88
165,2002,31.9
165,2003,27.73
165,2004,32.88
165,2005,28.27
165,2006,29.08
165,2007,42.07
165,2008,37.24
165,2009,32.07
165,2010,35.89
165,2011,72.33
165,2012,100.61
165,2013,103.25
165,2014,96.72
165,2015,99.98
165,2016,103.3
165,2017,99.11
165,2018,94.4
165,2019,92.51
166,1961,118.15
166,1962,129.02
166,1963,139.14
166,1964,148.56
166,1965,150.78
166,1966,178.25
166,1967,216.42
166,1968,258.32
166,1969,280.19
166,1970,90.77
166,1971,165.42
166,1972,45.94
166,1973,69.75
166,1974,97.09
166,1975,36.69
166,1976,40.37
166,1977,40.43
166,1978,53.92
166,1979,63.82
166,1980,38.42
166,1981,40.92
166,1982,43.6
166,1983,46.47
166,1984,49.52
166,1985,52.82
166,1986,56.38
166,1987,55.25
166,1988,93.44
166,1989,82.36
166,1990,80.4
166,1991,83.48
166,1992,86.72
166,1993,90.07
166,1994,93.57
166,1995,91.17
166,1996,94.72
166,1997,102.17
166,1998,110.21
166,1999,118.93
166,2000,75.74
166,2001,105.42
166,2002,104.93
166,2003,104.48
166,2004,104.05
166,2005,103.62
166,2006,104.75
166,2007,104.36
166,2008,104
166,2009,103.66
166,2010,103.35
166,2011,103.06
166,2012,102.26
166,2013,101.5
166,2014,100.76
166,2015,99.99
166,2016,99.25
166,2017,98.51
166,2018,99.89
166,2019,101.58
167,1993,372.65
167,1994,370.84
167,1995,299.52
167,1996,278.39
167,1997,253.03
167,1998,196.25
167,1999,284.69
167,2000,152.76
167,2001,102.03
167,2002,191.31
167,2003,278.88
167,2004,153.51
167,2005,184.97
167,2006,203.5
167,2007,143.06
167,2008,135.63
167,2009,130.89
167,2010,139.3
167,2011,49.32
167,2012,45.98
167,2013,60.74
167,2014,72.92
167,2015,165.93
167,2016,61.15
167,2017,725.12
167,2018,365.49
167,2019,503.89
170,1961,57.28
170,1962,57.73
170,1963,60.1
170,1964,54.51
170,1965,55.64
170,1966,54.28
170,1967,71.16
170,1968,53.77
170,1969,60.23
170,1970,76.16
170,1971,67.54
170,1972,57.64
170,1973,56.59
170,1974,74.04
170,1975,66.72
170,1976,69.6
170,1977,37.63
170,1978,39.68
170,1979,38.61
170,1980,55.45
170,1981,69.55
170,1982,70.75
170,1983,66.23
170,1984,65.41
170,1985,59.21
170,1986,63.02
170,1987,65.05
170,1988,65.84
170,1989,59.21
170,1990,42.95
170,1991,44.65
170,1992,42.75
170,1993,40.42
170,1994,40.69
170,1995,42.99
170,1996,47.19
170,1997,67.03
170,1998,51.24
170,1999,63.21
170,2000,78.28
170,2001,77.26
170,2002,62.76
170,2003,63.01
170,2004,53.11
170,2005,49.24
170,2006,52.84
170,2007,53.45
170,2008,69.58
170,2009,75.31
170,2010,77.03
170,2011,74.24
170,2012,79.81
170,2013,89.21
170,2014,94.75
170,2015,99.82
170,2016,105.43
170,2017,104.45
170,2018,107.53
170,2019,108.41
171,1990,64.04
171,1991,68.99
171,1992,65.07
171,1993,69.16
171,1994,68.39
171,1995,66.56
171,1996,66.77
171,1997,64.32
171,1998,55.99
171,1999,49.36
171,2000,47.7
171,2001,48.47
171,2002,48.11
171,2003,49.78
171,2004,53.19
171,2005,102.69
171,2006,99.74
171,2007,97.66
171,2008,102.71
171,2009,101.34
171,2010,101.25
171,2011,96.4
171,2012,98.22
171,2013,107.01
171,2014,105.78
171,2015,97.69
171,2016,96.53
171,2017,100.4
171,2018,100.23
171,2019,104.18
173,1982,5.78
173,1983,5.73
173,1984,5.68
173,1985,5.64
173,1986,5.6
173,1987,5.58
173,1988,5.55
173,1989,5.53
173,1990,33.09
173,1991,35.73
173,1992,28.77
173,1993,36.89
173,1994,31.35
173,1995,35.38
173,1996,32.61
173,1997,29.87
173,1998,27.14
173,1999,32.56
173,2000,35.29
173,2001,32.6
173,2002,29.91
173,2003,31.42
173,2004,41.22
173,2005,54.32
173,2006,46.25
173,2007,56.05
173,2008,39.3
173,2009,40.41
173,2010,79.48
173,2011,88.03
173,2012,88.08
173,2013,84.43
173,2014,95.58
173,2015,91.92
173,2016,112.51
173,2017,119.22
173,2018,164.25
173,2019,170.17
174,1961,40.76
174,1962,42.71
174,1963,40.64
174,1964,40.68
174,1965,40.8
174,1966,43.07
174,1967,43.38
174,1968,43.7
174,1969,45.98
174,1970,45.97
174,1971,45.71
174,1972,45.25
174,1973,46.68
174,1974,47.99
174,1975,47.89
174,1976,47.81
174,1977,46.58
174,1978,45.42
174,1979,46.78
174,1980,46.35
174,1981,46.57
174,1982,49.45
174,1983,54.76
174,1984,54.66
174,1985,54.62
174,1986,54.63
174,1987,54.7
174,1988,54.79
174,1989,58.49
174,1990,58.46
174,1991,58.34
174,1992,63.58
174,1993,72.33
174,1994,86.38
174,1995,107.13
174,1996,109.35
174,1997,119.4
174,1998,120.35
174,1999,165.22
174,2000,166.78
174,2001,169.25
174,2002,165.98
174,2003,166.82
174,2004,169.63
174,2005,169.82
174,2006,171.47
174,2007,169.37
174,2008,172.75
174,2009,174.4
174,2010,148.45
174,2011,120.55
174,2012,94.41
174,2013,99.53
174,2014,109.76
174,2015,99.22
174,2016,91.02
174,2017,99
174,2018,81.49
174,2019,81.72
177,2003,5.24
177,2004,5.26
177,2005,8.06
177,2006,7.77
177,2007,8.59
177,2008,12.91
177,2009,15.07
177,2010,17.76
177,2011,18.37
177,2012,10.21
177,2013,51.24
177,2014,92.25
177,2015,101.69
177,2016,106.06
177,2017,106.3
177,2018,116.22
177,2019,126.71
179,1977,1209.06
179,1978,1312.44
179,1979,1169.55
179,1980,2436.09
179,1981,2783.5
179,1982,861.03
179,1983,1402.95
179,1984,974.42
179,1985,1181.88
179,1986,1008.67
179,1987,1087.61
179,1988,1050.62
179,1989,1321.86
179,1990,1364.68
179,1991,1102.34
179,1992,1976.92
179,1993,1942.89
179,1994,948.99
179,1995,1149.37
179,1996,896.75
179,1997,1152.98
179,1998,810.73
179,1999,601.67
179,2000,548.52
179,2001,362.52
179,2002,329.22
179,2003,202.3
179,2004,192.29
179,2005,203.77
179,2006,639.84
179,2007,770.18
179,2008,657.58
179,2009,133.58
179,2010,177.44
179,2011,123.43
179,2012,114.14
179,2013,106.74
179,2014,145.21
179,2015,66.52
179,2016,88.27
179,2017,85.76
179,2018,67.92
179,2019,86.51
181,1990,132.14
181,1991,123.9
181,1992,122.04
181,1993,119.93
181,1994,118.74
181,1995,117.19
181,1996,116.46
181,1997,124.21
181,1998,102.68
181,1999,107.86
181,2000,98.62
181,2001,104.05
181,2002,110.13
181,2003,110.45
181,2004,114.69
181,2005,111.3
181,2006,111.71
181,2007,120.92
181,2008,110.8
181,2009,109.5
181,2010,107.48
181,2011,105.84
181,2012,105.11
181,2013,103.26
181,2014,101.46
181,2015,99.79
181,2016,98.75
181,2017,97.32
181,2018,95.95
181,2019,95.07
183,1991,374.99
183,1992,376.28
183,1993,378.21
183,1994,507.35
183,1995,510.69
183,1996,514.25
183,1997,569.88
183,1998,574.22
183,1999,631.15
183,2000,529.78
183,2001,693.35
183,2002,134.17
183,2003,107.99
183,2004,98.84
183,2005,48.22
183,2006,120.46
183,2007,188.4
183,2008,47.46
183,2009,54.38
183,2010,77.54
183,2011,77.07
183,2012,69.81
183,2013,90.64
183,2014,97.52
183,2015,101.71
183,2016,100.77
183,2017,107.68
183,2018,89.59
183,2019,78.43
189,2004,62.36
189,2005,43.34
189,2006,56.91
189,2007,75.24
189,2008,88.46
189,2009,101.41
189,2010,98.09
189,2011,98.38
189,2012,98.32
189,2013,91.83
189,2014,95.23
189,2015,100.21
189,2016,104.56
189,2017,108.31
189,2018,107.22
189,2019,112.53
19,1961,120.81
19,1962,122.9
19,1963,130.65
19,1964,113.83
19,1965,108.75
19,1966,116.11
19,1967,113.73
19,1968,117.93
19,1969,115.47
19,1970,113.03
19,1971,117.99
19,1972,119.06
19,1973,143.55
19,1974,121.09
19,1975,124.98
19,1976,128.85
19,1977,129.25
19,1978,325.24
19,1979,249.12
19,1980,236.56
19,1981,92.86
19,1982,126.29
19,1983,113.38
19,1984,122.01
19,1985,96.38
19,1986,116.21
19,1987,122.8
19,1988,129.31
19,1989,114.95
19,1990,106.48
19,1991,112.68
19,1992,104.25
19,1993,108.63
19,1994,106.34
19,1995,107.86
19,1996,106.41
19,1997,106.42
19,1998,105.02
19,1999,103.66
19,2000,103.02
19,2001,101.08
19,2002,99.22
19,2003,39.99
19,2004,40.18
19,2005,40.39
19,2006,41.16
19,2007,41.43
19,2008,41.7
19,2009,63.13
19,2010,63.29
19,2011,64.34
19,2012,64.7
19,2013,66.24
19,2014,107.77
19,2015,98.37
19,2016,93.86
19,2017,89.35
19,2018,90.73
19,2019,90.02
193,2016,100
193,2017,93.46
193,2018,94.01
193,2019,92.25
198,1992,21.94
198,1993,25.79
198,1994,24.88
198,1995,38.59
198,1996,44.5
198,1997,47.64
198,1998,44.19
198,1999,62.52
198,2000,59.63
198,2001,47.64
198,2002,56.07
198,2003,46.78
198,2004,72.32
198,2005,72.8
198,2006,76.05
198,2007,63.86
198,2008,75.77
198,2009,77.03
198,2010,49.83
198,2011,75.39
198,2012,70.89
198,2013,76.15
198,2014,92.22
198,2015,105.95
198,2016,101.84
198,2017,89.07
198,2018,80.98
198,2019,95.32
199,1993,1718.12
199,1994,1582.9
199,1995,1422.53
199,1996,1410.4
199,1997,1566.07
199,1998,1022.26
199,1999,1279.65
199,2000,1369.48
199,2001,236.77
199,2002,516.62
199,2003,613.63
199,2004,577.1
199,2005,685.76
199,2006,705.37
199,2007,738.55
199,2008,822.4
199,2009,815.33
199,2010,778.3
199,2011,444.44
199,2012,62.49
199,2013,68.06
199,2014,62.9
199,2015,164.79
199,2016,72.31
199,2017,72.51
199,2018,50.54
199,2019,19.64
200,1961,181.97
200,1962,203.97
200,1963,165.31
200,1964,128.87
200,1965,125.9
200,2003,86.3
200,2004,89.77
200,2005,89.82
200,2006,91.79
200,2007,81.14
200,2008,84.37
200,2009,94.26
200,2010,83.07
200,2011,92.26
200,2012,108.88
200,2013,109.97
200,2014,96.11
200,2015,91.42
200,2016,112.47
200,2017,133.02
200,2018,146.04
200,2019,132.42
202,1961,43.1
202,1962,62.39
202,1963,75.5
202,1964,76.68
202,1965,74.74
202,1966,72.85
202,1967,71
202,1968,83.02
202,1969,101.1
202,1970,118.17
202,1971,140.64
202,1972,143.14
202,1973,139.36
202,1974,212.44
202,1975,230.03
202,1976,235.53
202,1977,232.99
202,1978,261.45
202,1979,280.82
202,1980,253.69
202,1981,246.97
202,1982,318.36
202,1983,172.47
202,1984,179.77
202,1985,170.57
202,1986,173.02
202,1987,168.98
202,1988,142.43
202,1989,153.81
202,1990,146.62
202,1991,138.74
202,1992,132.13
202,1993,128.24
202,1994,119.94
202,1995,119.56
202,1996,124.17
202,1997,123.97
202,1998,118.09
202,1999,112.03
202,2000,98.85
202,2001,95.66
202,2002,102.31
202,2003,111.44
202,2004,123.75
202,2005,123.75
202,2006,121.38
202,2007,109.59
202,2008,125.86
202,2009,110.84
202,2010,110.28
202,2011,104.49
202,2012,101.91
202,2013,100.38
202,2014,99.94
202,2015,100.73
202,2016,99.33
202,2017,91.96
202,2018,82.87
202,2019,79.19
203,1961,69.53
203,1962,59.61
203,1963,61.68
203,1964,58.42
203,1965,56.36
203,1966,55.35
203,1967,56.68
203,1968,51.79
203,1969,50.5
203,1970,51.9
203,1971,52.71
203,1972,60.65
203,1973,63.64
203,1974,62.89
203,1975,63.07
203,1976,60.46
203,1977,64.68
203,1978,69.31
203,1979,72.08
203,1980,72.37
203,1981,72.73
203,1982,69.88
203,1983,69.82
203,1984,75.51
203,1985,77.96
203,1986,76.98
203,1987,81.35
203,1988,117.76
203,1989,123.93
203,1990,127.51
203,1991,130.05
203,1992,124.03
203,1993,122.4
203,1994,118.27
203,1995,114.6
203,1996,117.45
203,1997,131.11
203,1998,128.57
203,1999,131.12
203,2000,126.12
203,2001,122.11
203,2002,125.55
203,2003,124.47
203,2004,122.84
203,2005,114.53
203,2006,112.02
203,2007,105.86
203,2008,110.47
203,2009,92.93
203,2010,87.52
203,2011,93.6
203,2012,94.56
203,2013,97.79
203,2014,97.96
203,2015,100.84
203,2016,101.2
203,2017,106.19
203,2018,102.01
203,2019,109.65
210,1961,34.62
210,1962,34.39
210,1963,34.16
210,1964,33.91
210,1965,33.65
210,1966,35.19
210,1967,35.61
210,1968,36.39
210,1969,37.88
210,1970,38.69
210,1971,29.4
210,1972,24.4
210,1973,23.98
210,1974,27.04
210,1975,30.54
210,1976,31.73
210,1977,38.15
210,1978,25.12
210,1979,25.33
210,1980,19.08
210,1981,20.09
210,1982,18.89
210,1983,15.52
210,1984,15.78
210,1985,25.86
210,1986,22.64
210,1987,23.31
210,1988,34.27
210,1989,36.9
210,1990,32.51
210,1991,35.67
210,1992,33.06
210,1993,33.11
210,1994,33.01
210,1995,33.03
210,1996,40.94
210,1997,46
210,1998,45.99
210,1999,67.06
210,2000,59.65
210,2001,72.6
210,2002,82.57
210,2003,70.09
210,2004,73.43
210,2005,85.26
210,2006,81.61
210,2007,82.25
210,2008,87.42
210,2009,86.7
210,2010,72.72
210,2011,77.31
210,2012,99.17
210,2013,77.18
210,2014,110.5
210,2015,95.25
210,2016,94.25
210,2017,87.99
210,2018,80.72
210,2019,90.73
211,1961,94
211,1962,89.99
211,1963,93.39
211,1964,95.9
211,1965,35.6
211,1966,37.07
211,1967,36.8
211,1968,36.54
211,1969,36.25
211,1970,35.93
211,1971,37.53
211,1972,35.36
211,1973,36.99
211,1974,38.49
211,1975,42.3
211,1976,42.49
211,1977,37.56
211,1978,38.24
211,1979,41.14
211,1980,44.9
211,1981,74.5
211,1982,58.95
211,1983,59.55
211,1984,60.7
211,1985,58.12
211,1986,51
211,1987,44.57
211,1988,49.79
211,1989,52.26
211,1990,50.6
211,1991,45.43
211,1992,43.83
211,1993,40.84
211,1994,39.98
211,1995,43.66
211,1996,51.15
211,1997,47.81
211,1998,45.7
211,1999,35.21
211,2000,38.79
211,2001,34.33
211,2002,38.99
211,2003,98.76
211,2004,105.24
211,2005,103.41
211,2006,89.99
211,2007,98.33
211,2008,96.71
211,2009,106.46
211,2010,102.9
211,2011,112.48
211,2012,100.97
211,2013,102.22
211,2014,106.69
211,2015,100.79
211,2016,92.52
211,2017,96.67
211,2018,86.92
211,2019,80.83
212,1961,113.49
212,1962,117.24
212,1963,123.61
212,1964,116.79
212,1965,113.23
212,1966,109.39
212,1967,109.97
212,1968,96.88
212,1969,86.77
212,1970,73.48
212,1971,84.03
212,1972,88.28
212,1973,91.41
212,1974,130.04
212,1975,150
212,1976,146.22
212,1977,172.9
212,1978,205.32
212,1979,173.37
212,1980,194.76
212,1981,231.89
212,1982,197.84
212,1983,166.3
212,1984,181.88
212,1985,128.24
212,1986,151.84
212,1987,213.5
212,1988,189.84
212,1989,150.23
212,1990,111.26
212,1991,101.2
212,1992,82.25
212,1993,113.51
212,1994,145.2
212,1995,168.6
212,1996,156.39
212,1997,99.26
212,1998,135.42
212,1999,110.88
212,2000,100.76
212,2001,92.69
212,2002,112.29
212,2003,117.75
212,2004,114.03
212,2005,100.6
212,2006,103.47
212,2007,111.79
212,2008,90.55
212,2009,87.99
212,2010,104.4
212,2011,104.67
212,2012,83.33
212,2013,81.56
212,2014,96.46
212,2015,100.25
212,2016,103.3
212,2017,88.24
212,2018,81.58
212,2019,98.06
216,1961,0.8
216,1962,0.85
216,1963,0.9
216,1964,0.95
216,1965,0.99
216,1966,1.03
216,1967,1.06
216,1968,1.1
216,1969,1.13
216,1970,1.16
216,1971,1.18
216,1972,1.21
216,1973,1.23
216,1974,1.25
216,1975,1.27
216,1976,1.29
216,1977,1.32
216,1978,1.34
216,1979,1.36
216,1980,1.37
216,1981,1.39
216,1982,1.46
216,1983,1.52
216,1984,1.58
216,1985,2.16
216,1986,5.09
216,1987,10.41
216,1988,20.46
216,1989,30.2
216,1990,43.68
216,1991,47.09
216,1992,58.27
216,1993,65.45
216,1994,72.48
216,1995,75.53
216,1996,82.17
216,1997,81.2
216,1998,91.17
216,1999,97.34
216,2000,96.86
216,2001,120.36
216,2002,123.7
216,2003,85.2
216,2004,104.84
216,2005,101.51
216,2006,92.73
216,2007,99
216,2008,103.72
216,2009,104.77
216,2010,104.7
216,2011,97.03
216,2012,98.07
216,2013,98.25
216,2014,99.17
216,2015,100.08
216,2016,100.74
216,2017,100.99
216,2018,100.01
216,2019,100
220,1961,3.06
220,1962,3.35
220,1963,3.43
220,1964,3
220,1965,2.58
220,1966,3.91
220,1967,4.2
220,1968,4.24
220,1969,3.27
220,1970,3.24
220,1971,9.24
220,1972,18.25
220,1973,37.54
220,1974,40.19
220,1975,36.47
220,1976,36.77
220,1977,35.13
220,1978,32.76
220,1979,34.17
220,1980,32.57
220,1981,26.72
220,1982,21.03
220,1983,15.52
220,1984,5.4
220,1985,4.03
220,1986,5.08
220,1987,7.25
220,1988,6.75
220,1989,10.54
220,1990,9.5
220,1991,6.8
220,1992,6.48
220,1993,9
220,1994,7.78
220,1995,12.58
220,1996,12.64
220,1997,16.22
220,1998,18.2
220,1999,15.38
220,2000,38.99
220,2001,32.42
220,2002,64.14
220,2003,62.86
220,2004,63.91
220,2005,65.86
220,2006,51.36
220,2007,26.69
220,2008,32.21
220,2009,33.26
220,2010,63.49
220,2011,84.93
220,2012,98.18
220,2013,109.54
220,2014,91.51
220,2015,122.01
220,2016,86.48
220,2017,73.57
220,2018,49.15
220,2019,45.8
222,1990,11.95
222,1991,14.19
222,1992,19.6
222,1993,16
222,1994,18.67
222,1995,18.5
222,1996,16.7
222,1997,17.97
222,1998,17.76
222,1999,19.76
222,2000,20.29
222,2001,25.57
222,2002,22.38
222,2003,41.17
222,2004,24.57
222,2005,25.48
222,2006,24.83
222,2007,25.26
222,2008,23.51
222,2009,23.53
222,2010,71.44
222,2011,74.67
222,2012,83.41
222,2013,86.46
222,2014,95.52
222,2015,99.73
222,2016,104.75
222,2017,113.64
222,2018,119.76
222,2019,125.77
223,1961,30.99
223,1962,31.44
223,1963,31.86
223,1964,31.67
223,1965,32.03
223,1966,32.36
223,1967,31.6
223,1968,33.73
223,1969,26.7
223,1970,32.37
223,1971,31.13
223,1972,30.39
223,1973,21.73
223,1974,22.29
223,1975,24.82
223,1976,24.69
223,1977,24.97
223,1978,24.41
223,1979,24.67
223,1980,27.23
223,1981,27.76
223,1982,27.87
223,1983,26.16
223,1984,28.44
223,1985,31.16
223,1986,30.71
223,1987,37.49
223,1988,44.36
223,1989,53.26
223,1990,59.01
223,1991,60.82
223,1992,59.83
223,1993,62.2
223,1994,62.4
223,1995,72.83
223,1996,71.97
223,1997,74.23
223,1998,83.67
223,1999,84.31
223,2000,90.07
223,2001,93.27
223,2002,90.59
223,2003,88
223,2004,96.24
223,2005,106.81
223,2006,109.78
223,2007,105.23
223,2008,106.8
223,2009,105.06
223,2010,99.17
223,2011,98.81
223,2012,96.03
223,2013,98.41
223,2014,100
223,2015,97.48
223,2016,102.52
223,2017,103.42
223,2018,101.29
223,2019,102.47
225,1967,95.97
225,1968,89.22
225,1969,40.11
225,1970,138.95
225,1971,211.4
225,1972,275.68
225,1973,1160.2
225,1974,2638.58
225,1975,2971.61
225,1976,3831.2
225,1977,4597.68
225,1978,1033.56
225,1979,1614.04
225,1980,751.13
225,1981,925.65
225,1982,1954.13
225,1983,3220.32
225,1984,2820.55
225,1985,3537.36
225,1986,3379.48
225,1987,3227.79
225,1988,4172.82
225,1989,5688.63
225,1990,7582.47
225,1991,8448.84
225,1992,11170.24
225,1993,3981.99
225,1994,3759.49
225,1995,1133.41
225,1996,638.48
225,1997,588.58
225,1998,845.59
225,1999,661.94
225,2000,887.44
225,2001,697.08
225,2002,808.4
225,2003,353.35
225,2004,360.42
225,2005,337.36
225,2006,353.52
225,2007,330.15
225,2008,233.04
225,2009,196.53
225,2010,134.35
225,2011,133.31
225,2012,136.35
225,2013,135.51
225,2014,95.31
225,2015,99.56
225,2016,105.13
225,2017,102.87
225,2018,102.86
225,2019,100.39
229,1961,124.04
229,1962,126.15
229,1963,116.28
229,1964,122.36
229,1965,131.36
229,1966,140.12
229,1967,130.06
229,1968,130.39
229,1969,132.62
229,1970,163.71
229,1971,159.38
229,1972,165.44
229,1973,186.84
229,1974,182.4
229,1975,146.41
229,1976,129.93
229,1977,169.46
229,1978,159.03
229,1979,150.28
229,1980,159.02
229,1981,161.13
229,1982,191.96
229,1983,189.05
229,1984,186.63
229,1985,198.97
229,1986,191.93
229,1987,207.17
229,1988,249.17
229,1989,234.33
229,1990,274.17
229,1991,273.21
229,1992,262.83
229,1993,217.57
229,1994,230.48
229,1995,232.16
229,1996,193.07
229,1997,163.98
229,1998,154.2
229,1999,155.8
229,2000,137.22
229,2001,128.17
229,2002,111.06
229,2003,124.94
229,2004,133.47
229,2005,122.48
229,2006,114.09
229,2007,98.86
229,2008,104.56
229,2009,111.86
229,2010,110.42
229,2011,108.22
229,2012,99.68
229,2013,101.31
229,2014,108.23
229,2015,107.67
229,2016,84.11
229,2017,88.13
229,2018,83.73
229,2019,86.04
230,1994,21.7
230,1995,36.34
230,1996,40.23
230,1997,51.6
230,1998,101.14
230,1999,45.04
230,2000,41.66
230,2001,43.57
230,2002,45.49
230,2003,54.43
230,2004,78.35
230,2005,94.68
230,2006,134.94
230,2007,115.7
230,2008,129.04
230,2009,128.77
230,2010,130.08
230,2011,158.14
230,2012,179.07
230,2013,176.46
230,2014,76.27
230,2015,214.13
230,2016,9.6
230,2017,14.89
230,2018,14.72
230,2019,8.75
231,1961,71.47
231,1962,69.53
231,1963,71.7
231,1964,70.59
231,1965,72.88
231,1966,73.24
231,1967,75.02
231,1968,76.59
231,1969,76.94
231,1970,79.09
231,1971,79.78
231,1972,81.33
231,1973,83.62
231,1974,84.34
231,1975,87.2
231,1976,90.07
231,1977,95.59
231,1978,95.28
231,1979,96.02
231,1980,98.21
231,1981,96.3
231,1982,95.85
231,1983,87.12
231,1984,95.6
231,1985,90.8
231,1986,85.49
231,1987,98.62
231,1988,101.48
231,1989,107.26
231,1990,103.36
231,1991,98.99
231,1992,118.09
231,1993,114.63
231,1994,119.12
231,1995,108.43
231,1996,106.73
231,1997,125.66
231,1998,109.92
231,1999,121.5
231,2000,122.21
231,2001,119.32
231,2002,124.08
231,2003,127.42
231,2004,129.02
231,2005,118.55
231,2006,122.34
231,2007,113.85
231,2008,103.83
231,2009,98.08
231,2010,104.29
231,2011,102.55
231,2012,104.37
231,2013,95
231,2014,93.38
231,2015,92.85
231,2016,113.77
231,2017,108.84
231,2018,87.65
231,2019,87.98
235,1992,36.6
235,1993,29.82
235,1994,27.44
235,1995,25.74
235,1996,23.58
235,1997,22.06
235,1998,24.49
235,1999,24.04
235,2000,23.69
235,2001,25.96
235,2002,23.07
235,2003,32.91
235,2004,27.5
235,2005,34.54
235,2006,48.65
235,2007,47.93
235,2008,51.92
235,2009,55.75
235,2010,91.45
235,2011,112.49
235,2012,78.81
235,2013,130.68
235,2014,94.28
235,2015,101.18
235,2016,104.55
235,2017,110.58
235,2018,114.24
235,2019,116.68
236,1961,34.71
236,1962,35.01
236,1963,35.74
236,1964,35.47
236,1965,35.19
236,1966,33.51
236,1967,32.84
236,1968,32.21
236,1969,31.61
236,1970,31.05
236,1971,30.52
236,1972,30.03
236,1973,29.55
236,1974,29.09
236,1975,25.94
236,1976,26.75
236,1977,26.73
236,1978,28.94
236,1979,27.04
236,1980,27.13
236,1981,28.16
236,1982,30.44
236,1983,32.59
236,1984,37.81
236,1985,25.6
236,1986,31
236,1987,31.56
236,1988,29.59
236,1989,29.56
236,1990,27.35
236,1991,25.84
236,1992,31.18
236,1993,29.48
236,1994,32.32
236,1995,28.23
236,1996,25.95
236,1997,24.21
236,1998,37.54
236,1999,43.73
236,2000,50.12
236,2001,53.08
236,2002,48.52
236,2003,49.18
236,2004,53.7
236,2005,58.11
236,2006,66.35
236,2007,68.72
236,2008,62.8
236,2009,62.4
236,2010,67.15
236,2011,77.57
236,2012,63.16
236,2013,77.79
236,2014,91.39
236,2015,103.21
236,2016,105.41
236,2017,102.75
236,2018,95.71
236,2019,91.74
238,1993,8811.32
238,1994,11564.02
238,1995,6173.82
238,1996,5571.97
238,1997,5157.87
238,1998,2253.82
238,1999,2521.62
238,2000,2206.5
238,2001,1607.62
238,2002,1227.43
238,2003,1074.72
238,2004,1897.66
238,2005,1983.69
238,2006,1929.53
238,2007,295.9
238,2008,202.95
238,2009,31.22
238,2010,67.87
238,2011,118.96
238,2012,139.27
238,2013,410.27
238,2014,183.51
238,2015,62.1
238,2016,54.39
238,2017,112.55
238,2018,154.78
238,2019,267.46
249,1979,16.94
249,1980,17.49
249,1981,14.25
249,1982,14.36
249,1983,14.85
249,1984,15.08
249,1985,15.64
249,1986,17.42
249,1987,91.24
249,1988,108.61
249,1989,110.45
249,1990,123.56
249,1991,121.28
249,1992,119.91
249,1993,113.93
249,1994,108.52
249,1995,104.04
249,1996,100.3
249,1997,98.02
249,1998,98.48
249,1999,98.94
249,2000,99.38
249,2001,99.68
249,2002,99.87
249,2003,99.97
249,2004,102.21
249,2005,102.38
249,2006,102.56
249,2007,102.57
249,2008,102.52
249,2009,102.32
249,2010,102.07
249,2011,101.7
249,2012,103.21
249,2013,99.01
249,2014,98.16
249,2015,100.97
249,2016,100.87
249,2017,100.79
249,2018,100.66
249,2019,100.53
250,1961,468.2
250,1962,353.3
250,1963,342.19
250,1964,523.89
250,1965,84.43
250,1966,87.63
250,1967,90.54
250,1968,35.19
250,1969,84.11
250,1970,109.05
250,1971,106.12
250,1972,129.15
250,1973,150.92
250,1974,171.39
250,1975,190.56
250,1976,208.41
250,1977,224.99
250,1978,153.03
250,1979,233.85
250,1980,248.37
250,1981,242.12
250,1982,236.2
250,1983,249.7
250,1984,243.56
250,1985,237.36
250,1986,248.93
250,1987,242.26
250,1988,252.24
250,1989,252.7
250,1990,252.2
250,1991,250.69
250,1992,248.43
250,1993,253
250,1994,257.52
250,1995,262.45
250,1996,229.68
250,1997,199.17
250,1998,182.47
250,1999,154.45
250,2000,157.92
250,2001,157.72
250,2002,156.27
250,2003,152.85
250,2004,149.67
250,2005,145.28
250,2006,141.48
250,2007,137.14
250,2008,133.67
250,2009,130.25
250,2010,126.75
250,2011,126.1
250,2012,126.47
250,2013,123.86
250,2014,120.96
250,2015,95.66
250,2016,83.38
250,2017,74.56
250,2018,70.56
250,2019,68.37
255,2000,191.98
255,2001,193.95
255,2002,174.11
255,2003,172.6
255,2004,173.88
255,2005,153.06
255,2006,155.2
255,2007,151.1
255,2008,149.37
255,2009,135.2
255,2010,129.78
255,2011,116.79
255,2012,105.92
255,2013,101.86
255,2014,99.36
255,2015,102.69
255,2016,97.95
255,2017,98.87
255,2018,928.76
255,2019,966.67
256,2000,118.77
256,2001,84.05
256,2002,70.41
256,2003,42.27
256,2004,52.77
256,2005,51.36
256,2006,35.67
256,2007,61.98
256,2008,55.56
256,2009,41.07
256,2010,43.38
256,2011,63.33
256,2012,53.28
256,2013,72.43
256,2014,126.62
256,2015,75.73
256,2016,97.65
256,2017,62.23
256,2018,122.46
256,2019,202.96
26,1990,35.63
26,1991,34.62
26,1992,33.65
26,1993,49.08
26,1994,47.77
26,1995,62.05
26,1996,75.65
26,1997,73.87
26,1998,57.76
26,1999,70.64
26,2000,69.17
26,2001,67.77
26,2002,66.45
26,2003,65.23
26,2004,76.93
26,2005,50.49
26,2006,87.13
26,2007,86.04
26,2008,72.88
26,2009,84.03
26,2010,106.73
26,2011,105.36
26,2012,80.86
26,2013,91.17
26,2014,101.22
26,2015,99.97
26,2016,98.81
26,2017,97.72
26,2018,96.69
26,2019,106.37
27,1961,520.83
27,1962,516.37
27,1963,544.99
27,1964,435.67
27,1965,228.34
27,1966,259.86
27,1967,212.84
27,1968,171.81
27,1969,211.17
27,1970,184.39
27,1971,169.66
27,1972,159.34
27,1973,150.49
27,1974,167.33
27,1975,107.06
27,1976,105.68
27,1977,136.95
27,1978,160.1
27,1979,114.33
27,1980,48.12
27,1981,57.31
27,1982,138.5
27,1983,115.78
27,1984,118.14
27,1985,109.13
27,1986,150.44
27,1987,104.5
27,1988,163.76
27,1989,154.75
27,1990,125.09
27,1991,99.55
27,1992,95.49
27,1993,72.45
27,1994,109.98
27,1995,123.59
27,1996,137.38
27,1997,176.55
27,1998,185.8
27,1999,189.99
27,2000,155.38
27,2001,259.38
27,2002,235.31
27,2003,501.4
27,2004,809.37
27,2005,106.7
27,2006,29.07
27,2007,38.95
27,2008,58.14
27,2009,145.69
27,2010,83.07
27,2011,137.15
27,2012,248.21
27,2013,217.29
27,2014,156.9
27,2015,72.87
27,2016,70.23
27,2017,151.03
27,2018,156.85
27,2019,120.42
299,1994,93.03
299,1995,79.9
299,1996,128.88
299,1997,201.98
299,1998,233.13
299,1999,239
299,2000,239.96
299,2001,116.64
299,2002,174.45
299,2003,148.51
299,2004,123.08
299,2005,111.47
299,2006,140.37
299,2007,168.46
299,2008,108.44
299,2009,79.64
299,2010,32.84
299,2011,66.02
299,2012,77.26
299,2013,96.05
299,2014,102.35
299,2015,100.03
299,2016,97.62
299,2017,88.92
299,2018,72.18
299,2019,65.34
3,2006,44.84
3,2007,13.23
3,2008,40.1
3,2009,58.56
3,2010,61.24
3,2011,62.36
3,2012,64.74
3,2013,71.53
3,2014,81.83
3,2015,97.48
3,2016,120.68
3,2017,119.88
3,2018,135.67
3,2019,149.79
33,1961,56
33,1962,66.78
33,1963,54.2
33,1964,56.2
33,1965,55.65
33,1966,45.84
33,1967,52.84
33,1968,58.15
33,1969,47.46
33,1970,53.43
33,1971,64.42
33,1972,47.27
33,1973,60.66
33,1974,62.45
33,1975,60.08
33,1976,58.76
33,1977,63.13
33,1978,73.18
33,1979,76.04
33,1980,78.05
33,1981,68.24
33,1982,66.35
33,1983,73.23
33,1984,79.8
33,1985,86.77
33,1986,71.12
33,1987,77.34
33,1988,84.46
33,1989,88.6
33,1990,91.71
33,1991,97.4
33,1992,103.73
33,1993,94.52
33,1994,113.51
33,1995,101.36
33,1996,101.55
33,1997,148
33,1998,125.23
33,1999,112.61
33,2000,86.03
33,2001,115.29
33,2002,104.73
33,2003,98.26
33,2004,101.27
33,2005,100.65
33,2006,92.18
33,2007,99.51
33,2008,88.43
33,2009,134.27
33,2010,85.17
33,2011,77.42
33,2012,94.8
33,2013,92.4
33,2014,96.33
33,2015,98.41
33,2016,105.26
33,2017,98.71
33,2018,96.84
33,2019,95.01
35,1987,42.63
35,1988,52.54
35,1989,57.88
35,1990,39.2
35,1991,3.16
35,1992,3.08
35,1993,4.49
35,1994,26.19
35,1995,22.68
35,1996,47.08
35,1997,40.64
35,1998,38.25
35,1999,40.7
35,2000,35.97
35,2001,47.06
35,2002,45.9
35,2003,48.84
35,2004,45.43
35,2005,47.31
35,2006,43.77
35,2007,50.44
35,2008,53.39
35,2009,50.64
35,2010,48.08
35,2011,48.65
35,2012,82.31
35,2013,87.08
35,2014,122.58
35,2015,92.04
35,2016,85.39
35,2017,53.56
35,2018,49.79
35,2019,40.95
351,1961,31.84
351,1962,23.57
351,1963,20.66
351,1964,18.09
351,1965,18.62
351,1966,17.48
351,1967,17.18
351,1968,16.55
351,1969,17.45
351,1970,12.68
351,1971,13.77
351,1972,12.79
351,1973,14.31
351,1974,14.07
351,1975,13.81
351,1976,13.53
351,1977,13.34
351,1978,13.31
351,1979,13.44
351,1980,12.81
351,1981,14.49
351,1982,15.1
351,1983,15.8
351,1984,16.92
351,1985,17.53
351,1986,17.66
351,1987,18.17
351,1988,18.53
351,1989,19.05
351,1990,20.53
351,1991,22.29
351,1992,22.32
351,1993,27.6
351,1994,32.81
351,1995,34.82
351,1996,41.41
351,1997,41.83
351,1998,42.64
351,1999,44.95
351,2000,53.92
351,2001,56.15
351,2002,66.06
351,2003,72.96
351,2004,76.15
351,2005,79.32
351,2006,83.16
351,2007,85.55
351,2008,88.61
351,2009,90.58
351,2010,91.13
351,2011,93.62
351,2012,97.05
351,2013,93.07
351,2014,95.18
351,2015,101.47
351,2016,103.34
351,2017,105.27
351,2018,107.21
351,2019,109.17
40,1961,33.5
40,1962,34.04
40,1963,34.54
40,1964,35.04
40,1965,36.41
40,1966,36.03
40,1967,36.52
40,1968,37
40,1969,37.47
40,1970,37.92
40,1971,38.35
40,1972,37.12
40,1973,36.13
40,1974,33.46
40,1975,35.32
40,1976,37.19
40,1977,39.16
40,1978,46.46
40,1979,83.31
40,1980,79.77
40,1981,83.27
40,1982,82.13
40,1983,83.07
40,1984,97.72
40,1985,80.55
40,1986,57.96
40,1987,47.68
40,1988,57.71
40,1989,82.54
40,1990,95.5
40,1991,75.82
40,1992,57.4
40,1993,55.47
40,1994,90.25
40,1995,88.85
40,1996,77.7
40,1997,86.41
40,1998,113.37
40,1999,112.13
40,2000,112.83
40,2001,112.9
40,2002,113
40,2003,113.12
40,2004,114.53
40,2005,114.61
40,2006,117.19
40,2007,118.44
40,2008,118.41
40,2009,122.9
40,2010,113.9
40,2011,121.5
40,2012,117.25
40,2013,86.77
40,2014,105.85
40,2015,98.08
40,2016,96.08
40,2017,98.96
40,2018,106.79
40,2019,95.73
41,1961,31.75
41,1962,23.49
41,1963,20.59
41,1964,18.02
41,1965,18.55
41,1966,17.32
41,1967,16.99
41,1968,16.4
41,1969,17.26
41,1970,12.52
41,1971,13.57
41,1972,12.58
41,1973,14.08
41,1974,13.89
41,1975,13.57
41,1976,13.34
41,1977,13.12
41,1978,13.13
41,1979,13.23
41,1980,12.62
41,1981,14.29
41,1982,14.94
41,1983,15.65
41,1984,16.78
41,1985,17.4
41,1986,17.53
41,1987,18.06
41,1988,18.39
41,1989,18.89
41,1990,20.45
41,1991,22.2
41,1992,22.27
41,1993,27.56
41,1994,32.77
41,1995,34.8
41,1996,41.4
41,1997,41.82
41,1998,42.63
41,1999,44.93
41,2000,53.91
41,2001,56.14
41,2002,66.06
41,2003,72.96
41,2004,76.16
41,2005,79.32
41,2006,83.17
41,2007,85.55
41,2008,88.62
41,2009,90.59
41,2010,91.14
41,2011,93.63
41,2012,97.06
41,2013,93.07
41,2014,95.19
41,2015,101.47
41,2016,103.34
41,2017,105.27
41,2018,107.21
41,2019,109.16
44,1961,34.38
44,1962,33.32
44,1963,35.53
44,1964,34.47
44,1965,36.5
44,1966,35.45
44,1967,37.32
44,1968,36.3
44,1969,38.07
44,1970,37.12
44,1971,38.82
44,1972,37.94
44,1973,39.58
44,1974,38.71
44,1975,40.23
44,1976,40.5
44,1977,46.74
44,1978,51.12
44,1979,53.03
44,1980,53.28
44,1981,51.78
44,1982,46.61
44,1983,43.04
44,1984,44.67
44,1985,46.87
44,1986,31.15
44,1987,17.79
44,1988,11.37
44,1989,12.84
44,1990,14.35
44,1991,14.79
44,1992,14.73
44,1993,14.61
44,1994,15.49
44,1995,16.33
44,1996,18.43
44,1997,22.65
44,1998,16.33
44,1999,27.36
44,2000,26.98
44,2001,22.59
44,2002,20.73
44,2003,19.77
44,2004,21.49
44,2005,20.49
44,2006,16.65
44,2007,22.61
44,2008,80.48
44,2009,74.28
44,2010,67.41
44,2011,70.28
44,2012,96.6
44,2013,103.22
44,2014,94.32
44,2015,93.59
44,2016,112.09
44,2017,192.59
44,2018,328.45
44,2019,271.32
46,1996,165.12
46,1997,120.42
46,1998,140.38
46,1999,122.93
46,2000,111.94
46,2001,111.97
46,2002,146.39
46,2003,141.01
46,2004,126.58
46,2005,122.99
46,2006,119.61
46,2007,116.19
46,2008,119.76
46,2009,112.56
46,2010,110.58
46,2011,107.4
46,2012,104.65
46,2013,103.92
46,2014,102.3
46,2015,100.29
46,2016,97.41
46,2017,95.41
46,2018,93.55
46,2019,91.74
48,1994,25.59
48,1995,24.96
48,1996,48.73
48,1997,23.8
48,1998,116.32
48,1999,45.55
48,2000,44.67
48,2001,87.75
48,2002,43.16
48,2003,148.77
48,2004,41.89
48,2005,41.3
48,2006,142.56
48,2007,180.82
48,2008,118.97
48,2009,176.18
48,2010,38.67
48,2011,38.2
48,2012,83.25
48,2013,100.96
48,2014,102.42
48,2015,100.4
48,2016,97.18
48,2017,97.97
48,2018,98.77
48,2019,99.58
50,1961,26.14
50,1962,26.08
50,1963,26.07
50,1964,26.03
50,1965,25.93
50,1966,25.74
50,1967,25.48
50,1968,25.17
50,1969,24.85
50,1970,24.55
50,1971,24.26
50,1972,23.99
50,1973,23.72
50,1974,23.45
50,1975,23.18
50,1976,25.46
50,1977,25.15
50,1978,24.86
50,1979,24.61
50,1980,24.42
50,1981,24.29
50,1982,24.2
50,1983,24.12
50,1984,23.99
50,1985,23.79
50,1986,23.5
50,1987,26.84
50,1988,35.27
50,1989,41.68
50,1990,40.09
50,1991,36.29
50,1992,24.08
50,1993,25.15
50,1994,23.99
50,1995,42.66
50,1996,41.39
50,1997,37.38
50,1998,56.62
50,1999,58.67
50,2000,60.47
50,2001,55.08
50,2002,54.14
50,2003,52.22
50,2004,52.35
50,2005,49.38
50,2006,47.87
50,2007,45.7
50,2008,53.45
50,2009,43.78
50,2010,43.66
50,2011,43.03
50,2012,37.57
50,2013,52.85
50,2014,57.38
50,2015,109.08
50,2016,133.54
50,2017,88.2
50,2018,85.01
50,2019,74.57
5000,1961,59.76
5000,1962,53.95
5000,1963,53.31
5000,1964,51.7
5000,1965,51.84
5000,1966,51.08
5000,1967,51.54
5000,1968,50.66
5000,1969,52.25
5000,1970,49.53
5000,1971,50.27
5000,1972,49.93
5000,1973,51.22
5000,1974,51.15
5000,1975,51.12
5000,1976,50.89
5000,1977,52.45
5000,1978,52.58
5000,1979,53.08
5000,1980,52.93
5000,1981,53.9
5000,1982,54.42
5000,1983,52.14
5000,1984,54.75
5000,1985,54.09
5000,1986,53.4
5000,1987,56.37
5000,1988,58.62
5000,1989,60.02
5000,1990,60.67
5000,1991,61.59
5000,1992,64.5
5000,1993,66.31
5000,1994,70.33
5000,1995,69.67
5000,1996,73.53
5000,1997,77.58
5000,1998,75.36
5000,1999,79.17
5000,2000,83.64
5000,2001,84.54
5000,2002,89.88
5000,2003,93.95
5000,2004,97.4
5000,2005,96.42
5000,2006,99.58
5000,2007,98.89
5000,2008,98.01
5000,2009,98.23
5000,2010,98.98
5000,2011,99.57
5000,2012,100.87
5000,2013,95.39
5000,2014,96.43
5000,2015,99.81
5000,2016,103.76
5000,2017,104.17
5000,2018,104.6
5000,2019,105.49
5100,1961,47.84
5100,1962,47.24
5100,1963,51.19
5100,1964,56.25
5100,1965,48.39
5100,1966,51.14
5100,1967,51.14
5100,1968,57.38
5100,1969,59.63
5100,1970,68.45
5100,1971,69.52
5100,1972,61.69
5100,1973,60.05
5100,1974,76.08
5100,1975,76.95
5100,1976,88
5100,1977,91.4
5100,1978,97.94
5100,1979,112.97
5100,1980,97.07
5100,1981,106.57
5100,1982,99.68
5100,1983,82.32
5100,1984,73.74
5100,1985,83.16
5100,1986,84.43
5100,1987,89.22
5100,1988,82.51
5100,1989,75.94
5100,1990,84.62
5100,1991,104.1
5100,1992,107.8
5100,1993,107.6
5100,1994,110.36
5100,1995,106.9
5100,1996,109.57
5100,1997,109.52
5100,1998,119.32
5100,1999,106.27
5100,2000,113.34
5100,2001,112.44
5100,2002,99.12
5100,2003,101.89
5100,2004,96.63
5100,2005,94.9
5100,2006,90.28
5100,2007,85.74
5100,2008,88.79
5100,2009,76.76
5100,2010,91.33
5100,2011,81.38
5100,2012,82.18
5100,2013,83.05
5100,2014,91.85
5100,2015,107.37
5100,2016,100.78
5100,2017,102.98
5100,2018,97.5
5100,2019,110.87
5101,1961,23.24
5101,1962,27.52
5101,1963,28.61
5101,1964,27.64
5101,1965,35.97
5101,1966,38.65
5101,1967,33.75
5101,1968,37.21
5101,1969,39.13
5101,1970,36.47
5101,1971,32.27
5101,1972,45.78
5101,1973,42.73
5101,1974,52.01
5101,1975,64.24
5101,1976,47.28
5101,1977,58.54
5101,1978,59.55
5101,1979,25.6
5101,1980,31.85
5101,1981,19.9
5101,1982,18.05
5101,1983,27.02
5101,1984,28.71
5101,1985,36.22
5101,1986,56.68
5101,1987,74.88
5101,1988,114.44
5101,1989,89.6
5101,1990,133.08
5101,1991,133.49
5101,1992,136.66
5101,1993,198.5
5101,1994,276.49
5101,1995,181.75
5101,1996,178.84
5101,1997,178.05
5101,1998,121.47
5101,1999,156.01
5101,2000,151.91
5101,2001,129.5
5101,2002,108.07
5101,2003,85.76
5101,2004,127.32
5101,2005,127.26
5101,2006,119.58
5101,2007,42.48
5101,2008,43.71
5101,2009,43.35
5101,2010,34.77
5101,2011,36.69
5101,2012,38.21
5101,2013,61.88
5101,2014,47.86
5101,2015,130.71
5101,2016,121.42
5101,2017,46.23
5101,2018,37.85
5101,2019,39.34
5102,1961,424.6
5102,1962,321.67
5102,1963,312.85
5102,1964,481.26
5102,1965,77.98
5102,1966,81.45
5102,1967,84.74
5102,1968,33.15
5102,1969,79.67
5102,1970,103.69
5102,1971,101.09
5102,1972,123.07
5102,1973,143.73
5102,1974,163.11
5102,1975,181.3
5102,1976,198.34
5102,1977,214.26
5102,1978,145.81
5102,1979,222.76
5102,1980,236.29
5102,1981,229.77
5102,1982,223.45
5102,1983,235.38
5102,1984,228.81
5102,1985,222.32
5102,1986,232.58
5102,1987,225.86
5102,1988,234.86
5102,1989,235.27
5102,1990,235.15
5102,1991,234.46
5102,1992,233.33
5102,1993,238.64
5102,1994,243.66
5102,1995,248.6
5102,1996,226.61
5102,1997,194.77
5102,1998,179.55
5102,1999,151.76
5102,2000,154.04
5102,2001,153.64
5102,2002,154.12
5102,2003,150.59
5102,2004,146.81
5102,2005,142.53
5102,2006,138.83
5102,2007,134.64
5102,2008,131.68
5102,2009,128.17
5102,2010,124.9
5102,2011,124.24
5102,2012,124.58
5102,2013,122.23
5102,2014,119.58
5102,2015,95.76
5102,2016,84.67
5102,2017,76.28
5102,2018,72.48
5102,2019,70.38
5103,1961,58.98
5103,1962,59.21
5103,1963,64.42
5103,1964,64.42
5103,1965,71.99
5103,1966,77.33
5103,1967,77.64
5103,1968,89.77
5103,1969,87.46
5103,1970,99.58
5103,1971,97.12
5103,1972,79.68
5103,1973,76.42
5103,1974,90.2
5103,1975,86.68
5103,1976,107.06
5103,1977,113.23
5103,1978,123.91
5103,1979,146.52
5103,1980,120.42
5103,1981,141.54
5103,1982,112.82
5103,1983,109.61
5103,1984,91.52
5103,1985,112.28
5103,1986,113.09
5103,1987,123.03
5103,1988,113.69
5103,1989,99.58
5103,1990,112.82
5103,1991,108.8
5103,1992,115.13
5103,1993,110.25
5103,1994,111.65
5103,1995,106.74
5103,1996,110.84
5103,1997,111.45
5103,1998,131.56
5103,1999,126.05
5103,2000,134.62
5103,2001,138.3
5103,2002,110.83
5103,2003,116.41
5103,2004,102.7
5103,2005,103.99
5103,2006,92.59
5103,2007,85.39
5103,2008,80.97
5103,2009,60.9
5103,2010,91.3
5103,2011,89.36
5103,2012,95.75
5103,2013,95.46
5103,2014,109.21
5103,2015,103.97
5103,2016,86.83
5103,2017,98.26
5103,2018,96.28
5103,2019,98.4
5104,1961,43.2
5104,1962,62.57
5104,1963,75.75
5104,1964,76.96
5104,1965,75.04
5104,1966,73.17
5104,1967,71.33
5104,1968,83.42
5104,1969,101.6
5104,1970,118.76
5104,1971,141.33
5104,1972,143.82
5104,1973,139.99
5104,1974,213.34
5104,1975,230.9
5104,1976,236.31
5104,1977,233.62
5104,1978,261.99
5104,1979,281.25
5104,1980,253.97
5104,1981,247.19
5104,1982,318.6
5104,1983,172.58
5104,1984,179.83
5104,1985,170.53
5104,1986,172.85
5104,1987,168.64
5104,1988,142
5104,1989,153.2
5104,1990,145.95
5104,1991,138.05
5104,1992,131.47
5104,1993,127.61
5104,1994,119.36
5104,1995,118.97
5104,1996,123.53
5104,1997,123.29
5104,1998,117.41
5104,1999,111.37
5104,2000,98.27
5104,2001,95.13
5104,2002,101.78
5104,2003,110.93
5104,2004,123.26
5104,2005,123.32
5104,2006,121
5104,2007,109.26
5104,2008,125.5
5104,2009,110.54
5104,2010,110.02
5104,2011,104.3
5104,2012,101.78
5104,2013,100.31
5104,2014,99.91
5104,2015,100.74
5104,2016,99.35
5104,2017,91.97
5104,2018,82.85
5104,2019,79.15
5105,1987,0.44
5105,1988,0.53
5105,1989,0.58
5105,1990,5.41
5105,1991,58.32
5105,1992,61.66
5105,1993,64.8
5105,1994,67.94
5105,1995,70.63
5105,1996,73.39
5105,1997,75.67
5105,1998,82.11
5105,1999,60.5
5105,2000,71.6
5105,2001,68.38
5105,2002,68.04
5105,2003,68.58
5105,2004,67.4
5105,2005,63.23
5105,2006,66.7
5105,2007,71.43
5105,2008,80.3
5105,2009,77.5
5105,2010,81.1
5105,2011,62.23
5105,2012,63.02
5105,2013,65.08
5105,2014,73.72
5105,2015,111.55
5105,2016,114.73
5105,2017,115.73
5105,2018,108.21
5105,2019,137.58
5200,1961,81.9
5200,1962,79.91
5200,1963,81.65
5200,1964,79.49
5200,1965,81.22
5200,1966,80.97
5200,1967,82.24
5200,1968,83.13
5200,1969,82.48
5200,1970,84.29
5200,1971,84.54
5200,1972,84.93
5200,1973,86.91
5200,1974,87.21
5200,1975,89.39
5200,1976,91.7
5200,1977,95.82
5200,1978,95.65
5200,1979,96.75
5200,1980,98.28
5200,1981,95.61
5200,1982,95.04
5200,1983,86.59
5200,1984,94.97
5200,1985,88.73
5200,1986,83.65
5200,1987,94.61
5200,1988,97.39
5200,1989,102.55
5200,1990,97.88
5200,1991,94.53
5200,1992,110.25
5200,1993,106.2
5200,1994,110.36
5200,1995,100.8
5200,1996,99.25
5200,1997,117.06
5200,1998,103.53
5200,1999,114.28
5200,2000,113.77
5200,2001,111.93
5200,2002,115.42
5200,2003,117.67
5200,2004,118.55
5200,2005,110.37
5200,2006,113.83
5200,2007,107.21
5200,2008,99.61
5200,2009,96.56
5200,2010,100.88
5200,2011,100.13
5200,2012,101.22
5200,2013,94.26
5200,2014,94.13
5200,2015,94.29
5200,2016,111.58
5200,2017,109.38
5200,2018,94.61
5200,2019,93.96
5203,1961,72.03
5203,1962,70.26
5203,1963,72.16
5203,1964,71.07
5203,1965,73.3
5203,1966,73.44
5203,1967,75.29
5203,1968,76.9
5203,1969,76.99
5203,1970,79.18
5203,1971,80.03
5203,1972,81.19
5203,1973,83.65
5203,1974,84.36
5203,1975,87.11
5203,1976,89.88
5203,1977,95.38
5203,1978,95.27
5203,1979,96.03
5203,1980,98.22
5203,1981,96.14
5203,1982,95.66
5203,1983,87.19
5203,1984,95.66
5203,1985,91.06
5203,1986,85.5
5203,1987,98.5
5203,1988,101.41
5203,1989,107.14
5203,1990,103.35
5203,1991,99.14
5203,1992,118
5203,1993,114.4
5203,1994,119.19
5203,1995,108.46
5203,1996,106.81
5203,1997,126.36
5203,1998,110.47
5203,1999,121.62
5203,2000,121.81
5203,2001,119.56
5203,2002,124.02
5203,2003,127.16
5203,2004,128.78
5203,2005,118.47
5203,2006,121.99
5203,2007,113.78
5203,2008,103.7
5203,2009,98.96
5203,2010,104.03
5203,2011,102.14
5203,2012,104.25
5203,2013,94.99
5203,2014,93.47
5203,2015,92.96
5203,2016,113.57
5203,2017,108.58
5203,2018,87.77
5203,2019,88.04
5204,1961,9.25
5204,1962,9.21
5204,1963,9.17
5204,1964,9.06
5204,1965,8.96
5204,1966,9.03
5204,1967,8.43
5204,1968,9.04
5204,1969,9.45
5204,1970,8.21
5204,1971,8.96
5204,1972,9.67
5204,1973,11.76
5204,1974,13.77
5204,1975,15.05
5204,1976,15.77
5204,1977,15.59
5204,1978,13.53
5204,1979,20.87
5204,1980,20.99
5204,1981,22.44
5204,1982,27.64
5204,1983,26.15
5204,1984,35.01
5204,1985,24.93
5204,1986,35.29
5204,1987,36.98
5204,1988,44.37
5204,1989,46.63
5204,1990,38.62
5204,1991,49.5
5204,1992,49.85
5204,1993,45.07
5204,1994,41.84
5204,1995,39.72
5204,1996,42.07
5204,1997,51.39
5204,1998,51.83
5204,1999,62.55
5204,2000,55.28
5204,2001,59.33
5204,2002,61.55
5204,2003,61.71
5204,2004,60.83
5204,2005,66.53
5204,2006,71.27
5204,2007,74.86
5204,2008,73.31
5204,2009,81.12
5204,2010,84.33
5204,2011,89.52
5204,2012,81.48
5204,2013,89.78
5204,2014,96.26
5204,2015,101.88
5204,2016,101.86
5204,2017,109.08
5204,2018,108.6
5204,2019,112.57
5206,1961,51.5
5206,1962,49.89
5206,1963,51.08
5206,1964,60.03
5206,1965,66.63
5206,1966,65.99
5206,1967,62.94
5206,1968,60.77
5206,1969,52.11
5206,1970,78.69
5206,1971,94.66
5206,1972,90.44
5206,1973,85.97
5206,1974,78.29
5206,1975,79.61
5206,1976,75.43
5206,1977,84.76
5206,1978,89.8
5206,1979,89.22
5206,1980,82.5
5206,1981,71.38
5206,1982,70.08
5206,1983,82.48
5206,1984,78.55
5206,1985,80.13
5206,1986,78.88
5206,1987,77.48
5206,1988,72.12
5206,1989,80.13
5206,1990,67.06
5206,1991,69.26
5206,1992,76.16
5206,1993,74.83
5206,1994,83.1
5206,1995,101.03
5206,1996,113.92
5206,1997,95.92
5206,1998,85.09
5206,1999,88.87
5206,2000,70.56
5206,2001,65.81
5206,2002,67.98
5206,2003,81.5
5206,2004,62.79
5206,2005,72.07
5206,2006,78.65
5206,2007,45.86
5206,2008,39.07
5206,2009,50.31
5206,2010,58.37
5206,2011,78.45
5206,2012,82.88
5206,2013,95.15
5206,2014,89.34
5206,2015,98.07
5206,2016,112.59
5206,2017,103.73
5206,2018,118.08
5206,2019,111.53
5207,1961,49.93
5207,1962,57.21
5207,1963,60.76
5207,1964,52.09
5207,1965,50.38
5207,1966,53.4
5207,1967,53.71
5207,1968,50.92
5207,1969,49.35
5207,1970,52.09
5207,1971,50.12
5207,1972,47.12
5207,1973,47.48
5207,1974,49.16
5207,1975,49.36
5207,1976,53.02
5207,1977,44.16
5207,1978,56.16
5207,1979,62.33
5207,1980,64.71
5207,1981,62.06
5207,1982,62.47
5207,1983,61.83
5207,1984,68.29
5207,1985,58.46
5207,1986,50.21
5207,1987,44.79
5207,1988,45.03
5207,1989,49.84
5207,1990,48.99
5207,1991,44.93
5207,1992,39.76
5207,1993,39.14
5207,1994,49.23
5207,1995,50.63
5207,1996,47.93
5207,1997,55.65
5207,1998,58.93
5207,1999,64.74
5207,2000,69.62
5207,2001,68.55
5207,2002,64.65
5207,2003,61.37
5207,2004,60.55
5207,2005,61.41
5207,2006,63.62
5207,2007,66.11
5207,2008,82.23
5207,2009,84.27
5207,2010,81.74
5207,2011,86.13
5207,2012,89.68
5207,2013,88.6
5207,2014,97.62
5207,2015,98.56
5207,2016,103.82
5207,2017,123.39
5207,2018,158.5
5207,2019,141.3
5300,1961,38.5
5300,1962,30.35
5300,1963,27.52
5300,1964,24.87
5300,1965,25.82
5300,1966,25.02
5300,1967,25.08
5300,1968,24.87
5300,1969,26.26
5300,1970,21.59
5300,1971,23.11
5300,1972,22.18
5300,1973,23.36
5300,1974,23.57
5300,1975,23.53
5300,1976,23.88
5300,1977,24.47
5300,1978,24.45
5300,1979,24.76
5300,1980,24.53
5300,1981,26.46
5300,1982,27.57
5300,1983,27.79
5300,1984,29.54
5300,1985,29.8
5300,1986,30.03
5300,1987,30.86
5300,1988,31.49
5300,1989,32.15
5300,1990,33.78
5300,1991,35.58
5300,1992,35.54
5300,1993,39.73
5300,1994,44.49
5300,1995,46.57
5300,1996,53.41
5300,1997,53.42
5300,1998,53.78
5300,1999,56.16
5300,2000,63.47
5300,2001,66.17
5300,2002,73.75
5300,2003,79.26
5300,2004,83.24
5300,2005,84.87
5300,2006,88.83
5300,2007,89.91
5300,2008,91.67
5300,2009,94.63
5300,2010,95.85
5300,2011,97.45
5300,2012,99.67
5300,2013,93.77
5300,2014,96.31
5300,2015,101.21
5300,2016,102.48
5300,2017,103.54
5300,2018,104.73
5300,2019,106.1
5301,1992,25.05
5301,1993,20.64
5301,1994,19.2
5301,1995,18.21
5301,1996,16.85
5301,1997,15.92
5301,1998,17.84
5301,1999,27.44
5301,2000,27.21
5301,2001,28.89
5301,2002,26.69
5301,2003,33.94
5301,2004,29.82
5301,2005,34.97
5301,2006,45.42
5301,2007,46.6
5301,2008,51.24
5301,2009,53.95
5301,2010,89.07
5301,2011,111.19
5301,2012,87.11
5301,2013,146.45
5301,2014,92.73
5301,2015,100.54
5301,2016,106.73
5301,2017,114.14
5301,2018,117.12
5301,2019,119.7
5302,1961,29.45
5302,1962,21.94
5302,1963,19.33
5302,1964,17.04
5302,1965,17.71
5302,1966,16.88
5302,1967,16.87
5302,1968,16.58
5302,1969,17.67
5302,1970,13.55
5302,1971,14.86
5302,1972,14.15
5302,1973,15.59
5302,1974,15.67
5302,1975,15.49
5302,1976,15.46
5302,1977,15.69
5302,1978,15.78
5302,1979,16.16
5302,1980,15.85
5302,1981,17.57
5302,1982,18.27
5302,1983,18.89
5302,1984,20.39
5302,1985,20.68
5302,1986,21.15
5302,1987,21.66
5302,1988,21.97
5302,1989,22.74
5302,1990,24.06
5302,1991,25.89
5302,1992,26
5302,1993,30.91
5302,1994,36.08
5302,1995,38.17
5302,1996,44.24
5302,1997,44.61
5302,1998,45.16
5302,1999,47.73
5302,2000,56.42
5302,2001,58.5
5302,2002,67.93
5302,2003,74.46
5302,2004,77.33
5302,2005,80.38
5302,2006,83.96
5302,2007,86.19
5302,2008,89.02
5302,2009,91.01
5302,2010,91.44
5302,2011,93.7
5302,2012,97.12
5302,2013,93.33
5302,2014,95.44
5302,2015,101.36
5302,2016,103.2
5302,2017,105.1
5302,2018,107.03
5302,2019,108.92
5303,1961,53.73
5303,1962,55.77
5303,1963,56.13
5303,1964,56.94
5303,1965,58.66
5303,1966,59.47
5303,1967,59.56
5303,1968,60.08
5303,1969,63.72
5303,1970,61.91
5303,1971,61.1
5303,1972,60.11
5303,1973,58.44
5303,1974,59.15
5303,1975,59.54
5303,1976,64.43
5303,1977,65.36
5303,1978,65.88
5303,1979,69.84
5303,1980,69.27
5303,1981,69.83
5303,1982,71.69
5303,1983,71.35
5303,1984,70.39
5303,1985,72.07
5303,1986,71.31
5303,1987,71.08
5303,1988,71.25
5303,1989,71.06
5303,1990,73.39
5303,1991,77.17
5303,1992,84.69
5303,1993,77.09
5303,1994,74.77
5303,1995,73.62
5303,1996,88.48
5303,1997,85.61
5303,1998,80.28
5303,1999,84.84
5303,2000,74.85
5303,2001,86.03
5303,2002,75.82
5303,2003,73.5
5303,2004,86.92
5303,2005,78.02
5303,2006,88.54
5303,2007,82.92
5303,2008,80.4
5303,2009,98.33
5303,2010,110.42
5303,2011,111.21
5303,2012,110.09
5303,2013,82.43
5303,2014,94.05
5303,2015,102.32
5303,2016,103.63
5303,2017,103.8
5303,2018,104.82
5303,2019,105.87
5304,1961,1.04
5304,1962,1.15
5304,1963,1.01
5304,1964,0.87
5304,1965,0.87
5304,1966,0.37
5304,1967,0.39
5304,1968,0.4
5304,1969,0.41
5304,1970,0.42
5304,1971,0.43
5304,1972,0.44
5304,1973,0.45
5304,1974,0.46
5304,1975,0.47
5304,1976,0.48
5304,1977,0.49
5304,1978,0.49
5304,1979,0.5
5304,1980,0.51
5304,1981,0.51
5304,1982,0.54
5304,1983,0.56
5304,1984,0.58
5304,1985,0.78
5304,1986,1.84
5304,1987,3.75
5304,1988,7.34
5304,1989,10.78
5304,1990,17.65
5304,1991,18.92
5304,1992,22.58
5304,1993,25.05
5304,1994,27.28
5304,1995,35.85
5304,1996,37.86
5304,1997,37.23
5304,1998,40.1
5304,1999,41.73
5304,2000,41.28
5304,2001,48.89
5304,2002,49.69
5304,2003,37.1
5304,2004,43.43
5304,2005,43.88
5304,2006,40.67
5304,2007,47.19
5304,2008,45.83
5304,2009,58.29
5304,2010,79.13
5304,2011,70.85
5304,2012,75.38
5304,2013,100.54
5304,2014,102.03
5304,2015,99.69
5304,2016,98.28
5304,2017,73.63
5304,2018,78.28
5304,2019,80.2
5305,1961,57.03
5305,1962,62.57
5305,1963,66.77
5305,1964,60.36
5305,1965,63.9
5305,1966,66.89
5305,1967,69.06
5305,1968,71.29
5305,1969,66.41
5305,1970,67.3
5305,1971,73.05
5305,1972,70.46
5305,1973,59.87
5305,1974,63.31
5305,1975,69.27
5305,1976,70.39
5305,1977,81.78
5305,1978,77.27
5305,1979,62.77
5305,1980,70.84
5305,1981,74.21
5305,1982,84.72
5305,1983,71.94
5305,1984,83.71
5305,1985,79.6
5305,1986,74.09
5305,1987,86.56
5305,1988,97.35
5305,1989,94.07
5305,1990,97.52
5305,1991,86.38
5305,1992,77.44
5305,1993,79.93
5305,1994,80.68
5305,1995,89.1
5305,1996,84.65
5305,1997,88.02
5305,1998,102.8
5305,1999,95.35
5305,2000,102.08
5305,2001,102.18
5305,2002,102.1
5305,2003,104.89
5305,2004,118.56
5305,2005,119.42
5305,2006,123.95
5305,2007,121.9
5305,2008,118.23
5305,2009,114.58
5305,2010,114.33
5305,2011,113.06
5305,2012,105.06
5305,2013,109.97
5305,2014,110.11
5305,2015,95.24
5305,2016,94.65
5305,2017,93.57
5305,2018,89.58
5305,2019,91.62
54,1961,21.39
54,1962,21.23
54,1963,21.06
54,1964,20.9
54,1965,24.45
54,1966,23.91
54,1967,20.81
54,1968,23.64
54,1969,33.43
54,1970,31.71
54,1971,29.54
54,1972,28.73
54,1973,27.32
54,1974,25.26
54,1975,42.29
54,1976,32.33
54,1977,42.03
54,1978,44.77
54,1979,46.64
54,1980,49.35
54,1981,52.14
54,1982,57.87
54,1983,67.18
54,1984,37.12
54,1985,62.8
54,1986,48.4
54,1987,94.9
54,1988,77.08
54,1989,76.96
54,1990,77.76
54,1991,73.16
54,1992,79.21
54,1993,63.58
54,1994,63.46
54,1995,66.03
54,1996,62.82
54,1997,65.46
54,1998,65.18
54,1999,64.92
54,2000,90.23
54,2001,90.27
54,2002,90.03
54,2003,177.75
54,2004,89.76
54,2005,92.84
54,2006,92.45
54,2007,90.23
54,2008,95.15
54,2009,87.3
54,2010,98.9
54,2011,101.7
54,2012,131.42
54,2013,91.82
54,2014,91.19
54,2015,79.82
54,2016,128.99
54,2017,213.29
54,2018,220.78
54,2019,201.13
5400,1961,80.92
5400,1962,79.66
5400,1963,83.03
5400,1964,85.43
5400,1965,82.83
5400,1966,82.63
5400,1967,84.23
5400,1968,80.57
5400,1969,85.08
5400,1970,85.06
5400,1971,84.66
5400,1972,86.92
5400,1973,88.7
5400,1974,87.65
5400,1975,86.14
5400,1976,81.39
5400,1977,84.09
5400,1978,85.28
5400,1979,85.69
5400,1980,85.77
5400,1981,87.57
5400,1982,88.15
5400,1983,85.92
5400,1984,86.18
5400,1985,88.85
5400,1986,90.63
5400,1987,92.98
5400,1988,102.3
5400,1989,103.82
5400,1990,106.89
5400,1991,108.96
5400,1992,116.29
5400,1993,115.73
5400,1994,116.31
5400,1995,116.41
5400,1996,113.39
5400,1997,118.84
5400,1998,119.93
5400,1999,123.24
5400,2000,119.93
5400,2001,117.09
5400,2002,116.65
5400,2003,117.28
5400,2004,123.77
5400,2005,121.47
5400,2006,120.92
5400,2007,118.4
5400,2008,118.43
5400,2009,112
5400,2010,104.42
5400,2011,105.31
5400,2012,104.47
5400,2013,103.43
5400,2014,99.74
5400,2015,99.49
5400,2016,100.77
5400,2017,103.77
5400,2018,129.79
5400,2019,131.72
5401,1961,118.11
5401,1962,115.57
5401,1963,115.3
5401,1964,101.67
5401,1965,93.56
5401,1966,93.59
5401,1967,86.68
5401,1968,91.03
5401,1969,77.24
5401,1970,74.79
5401,1971,69.16
5401,1972,71.58
5401,1973,68.49
5401,1974,72.55
5401,1975,68.28
5401,1976,57.92
5401,1977,61.36
5401,1978,61.77
5401,1979,47.91
5401,1980,50.14
5401,1981,44.54
5401,1982,51.45
5401,1983,45.62
5401,1984,45.01
5401,1985,42.63
5401,1986,43.7
5401,1987,43.19
5401,1988,47.93
5401,1989,47.79
5401,1990,53.84
5401,1991,71.48
5401,1992,82.08
5401,1993,84.96
5401,1994,94.99
5401,1995,96.62
5401,1996,95.71
5401,1997,102.69
5401,1998,106.04
5401,1999,107.31
5401,2000,91.02
5401,2001,95.66
5401,2002,69.28
5401,2003,86.24
5401,2004,105.24
5401,2005,75.79
5401,2006,79.93
5401,2007,81.31
5401,2008,68.9
5401,2009,75.25
5401,2010,93.03
5401,2011,99.09
5401,2012,106.65
5401,2013,112.53
5401,2014,96.68
5401,2015,118.24
5401,2016,85.08
5401,2017,121.27
5401,2018,127.4
5401,2019,132.93
5402,1961,87.92
5402,1962,89.26
5402,1963,82.81
5402,1964,86.72
5402,1965,92.74
5402,1966,98.67
5402,1967,92
5402,1968,92.51
5402,1969,94.77
5402,1970,114.97
5402,1971,110.38
5402,1972,113.33
5402,1973,126.92
5402,1974,124.35
5402,1975,102.72
5402,1976,91.7
5402,1977,119.6
5402,1978,110.95
5402,1979,105.67
5402,1980,110.52
5402,1981,112.71
5402,1982,133.84
5402,1983,131.87
5402,1984,128.4
5402,1985,139.71
5402,1986,133.69
5402,1987,146.46
5402,1988,174.13
5402,1989,164.16
5402,1990,190.75
5402,1991,190.14
5402,1992,168.08
5402,1993,140.86
5402,1994,148.75
5402,1995,150.96
5402,1996,132.48
5402,1997,117.31
5402,1998,112.12
5402,1999,116.85
5402,2000,107.72
5402,2001,103.69
5402,2002,95.47
5402,2003,105.99
5402,2004,107.89
5402,2005,104.72
5402,2006,99.17
5402,2007,90.21
5402,2008,97.19
5402,2009,104.67
5402,2010,98.72
5402,2011,99.86
5402,2012,99.81
5402,2013,95.14
5402,2014,105.25
5402,2015,102.18
5402,2016,92.57
5402,2017,101.73
5402,2018,99.04
5402,2019,100.18
5403,1961,77.14
5403,1962,75.9
5403,1963,81.39
5403,1964,81.18
5403,1965,79.83
5403,1966,80.35
5403,1967,78.81
5403,1968,74.6
5403,1969,79.18
5403,1970,78.87
5403,1971,78.1
5403,1972,83.47
5403,1973,84.5
5403,1974,85.54
5403,1975,85.79
5403,1976,84.74
5403,1977,83.54
5403,1978,86.62
5403,1979,88.93
5403,1980,88.5
5403,1981,88.84
5403,1982,86.68
5403,1983,86.19
5403,1984,89.46
5403,1985,88.28
5403,1986,90.75
5403,1987,94.36
5403,1988,112.67
5403,1989,116.66
5403,1990,118.48
5403,1991,120.21
5403,1992,117.99
5403,1993,120.11
5403,1994,119.35
5403,1995,115.97
5403,1996,112.74
5403,1997,124.82
5403,1998,127.76
5403,1999,129.51
5403,2000,128.93
5403,2001,124.28
5403,2002,125.7
5403,2003,125.03
5403,2004,129.74
5403,2005,127.24
5403,2006,124.12
5403,2007,119.06
5403,2008,120.33
5403,2009,107.88
5403,2010,103.78
5403,2011,105.08
5403,2012,97.01
5403,2013,101.43
5403,2014,99.28
5403,2015,97.57
5403,2016,103.15
5403,2017,105.57
5403,2018,92.26
5403,2019,108.31
5404,1961,112.43
5404,1962,110.79
5404,1963,114.19
5404,1964,124.55
5404,1965,117.46
5404,1966,114.65
5404,1967,126.32
5404,1968,120.78
5404,1969,129.64
5404,1970,126.14
5404,1971,127.97
5404,1972,124.76
5404,1973,126.78
5404,1974,120.92
5404,1975,120.05
5404,1976,107.77
5404,1977,114.28
5404,1978,114.44
5404,1979,114.17
5404,1980,114.42
5404,1981,121.33
5404,1982,123.34
5404,1983,117.3
5404,1984,112.68
5404,1985,124.27
5404,1986,127.93
5404,1987,127.42
5404,1988,118.85
5404,1989,119.23
5404,1990,121.44
5404,1991,124.27
5404,1992,120.72
5404,1993,120.09
5404,1994,120.59
5404,1995,126.98
5404,1996,127
5404,1997,123.49
5404,1998,121.53
5404,1999,127.49
5404,2000,119.43
5404,2001,118.13
5404,2002,116.04
5404,2003,113.63
5404,2004,122.26
5404,2005,121.15
5404,2006,125.5
5404,2007,128.52
5404,2008,124.47
5404,2009,125.9
5404,2010,107.94
5404,2011,107.26
5404,2012,120.97
5404,2013,108.66
5404,2014,99.44
5404,2015,101.3
5404,2016,99.26
5404,2017,99.35
5404,2018,215.87
5404,2019,188.32
55,1979,91.76
55,1980,100.38
55,1981,105.32
55,1982,109.88
55,1983,112.31
55,1984,116.07
55,1985,110.61
55,1986,47.84
55,1987,36.8
55,1988,37.13
55,1989,37.97
55,1990,44
55,1991,45.2
55,1992,45.09
55,1993,46.07
55,1994,43.61
55,1995,41.83
55,1996,42.51
55,1997,44.47
55,1998,47.09
55,1999,50.28
55,2000,52.19
55,2001,52.48
55,2002,52.35
55,2003,51.56
55,2004,51.36
55,2005,50.91
55,2006,52.57
55,2007,55.43
55,2008,60.37
55,2009,66.18
55,2010,72.86
55,2011,80.1
55,2012,87.32
55,2013,94.53
55,2014,101.7
55,2015,96.34
55,2016,101.96
55,2017,106.37
55,2018,110.45
55,2019,114.77
5500,1961,46.7
5500,1962,46.29
5500,1963,51.61
5500,1964,53.37
5500,1965,51.18
5500,1966,47.74
5500,1967,47.86
5500,1968,46.75
5500,1969,56.43
5500,1970,56.94
5500,1971,56.9
5500,1972,56.16
5500,1973,56.15
5500,1974,52.59
5500,1975,58.43
5500,1976,67.35
5500,1977,61.31
5500,1978,68.7
5500,1979,68.2
5500,1980,71.45
5500,1981,68.45
5500,1982,75.84
5500,1983,79.39
5500,1984,81.9
5500,1985,84.77
5500,1986,88.83
5500,1987,89.35
5500,1988,91.49
5500,1989,90.46
5500,1990,104.01
5500,1991,104.55
5500,1992,95.94
5500,1993,98.95
5500,1994,103.76
5500,1995,101.99
5500,1996,109.8
5500,1997,111.17
5500,1998,123.28
5500,1999,123.69
5500,2000,137.2
5500,2001,133.81
5500,2002,117.42
5500,2003,106.66
5500,2004,109.23
5500,2005,111.71
5500,2006,129.68
5500,2007,199.6
5500,2008,129.52
5500,2009,123.88
5500,2010,116.69
5500,2011,104.9
5500,2012,88.35
5500,2013,118.12
5500,2014,95.76
5500,2015,102.81
5500,2016,101.42
5500,2017,103.91
5500,2018,103
5500,2019,93.9
5501,1961,42.55
5501,1962,42.21
5501,1963,47.11
5501,1964,48.75
5501,1965,46.78
5501,1966,43.65
5501,1967,43.76
5501,1968,42.74
5501,1969,51.6
5501,1970,52.11
5501,1971,52.13
5501,1972,51.52
5501,1973,51.21
5501,1974,48.04
5501,1975,53.54
5501,1976,61.88
5501,1977,56.54
5501,1978,63.62
5501,1979,63.29
5501,1980,66.63
5501,1981,63.88
5501,1982,71.01
5501,1983,74.7
5501,1984,77.3
5501,1985,80.15
5501,1986,84.19
5501,1987,85.2
5501,1988,87.25
5501,1989,86.4
5501,1990,99.61
5501,1991,100.38
5501,1992,92.23
5501,1993,95.34
5501,1994,100.22
5501,1995,98.75
5501,1996,106.61
5501,1997,108.29
5501,1998,120.53
5501,1999,121.08
5501,2000,134.65
5501,2001,131.62
5501,2002,115.65
5501,2003,105.16
5501,2004,107.82
5501,2005,110.39
5501,2006,128.54
5501,2007,198.18
5501,2008,128.6
5501,2009,123.07
5501,2010,116.04
5501,2011,104.38
5501,2012,87.96
5501,2013,117.82
5501,2014,95.61
5501,2015,102.81
5501,2016,101.58
5501,2017,104.26
5501,2018,103.52
5501,2019,94.54
5504,1973,285.26
5504,1974,283.18
5504,1975,293.95
5504,1976,347.52
5504,1977,294.72
5504,1978,290.47
5504,1979,347.89
5504,1980,288.19
5504,1981,389.25
5504,1982,432.3
5504,1983,353.76
5504,1984,354.76
5504,1985,404.54
5504,1986,414.2
5504,1987,171.86
5504,1988,266.89
5504,1989,282.13
5504,1990,270.99
5504,1991,236.62
5504,1992,267.65
5504,1993,282.29
5504,1994,291.96
5504,1995,300.89
5504,1996,324.77
5504,1997,311.7
5504,1998,275.69
5504,1999,408.6
5504,2000,435.21
5504,2001,410.98
5504,2002,396.76
5504,2003,388.64
5504,2004,403.42
5504,2005,414.43
5504,2006,297
5504,2007,315.98
5504,2008,257.64
5504,2009,248.84
5504,2010,204.66
5504,2011,191.46
5504,2012,171.06
5504,2013,149.85
5504,2014,125.58
5504,2015,98.75
5504,2016,75.66
5504,2017,54.94
5504,2018,50.26
5504,2019,45.6
56,1961,224.79
56,1962,224.05
56,1963,223.42
56,1964,217.07
56,1965,212.89
56,1966,206.21
56,1967,203.67
56,1968,202.81
56,1969,203.83
56,1970,203.3
56,1971,204.06
56,1972,204.38
56,1973,204.54
56,1974,203.87
56,1975,203.55
56,1976,203.22
56,1977,207.49
56,1978,207.04
56,1979,202.22
56,1980,210.5
56,1981,210.02
56,1982,209.57
56,1983,209.13
56,1984,190.71
56,1985,180.82
56,1986,172.76
56,1987,170.42
56,1988,167.11
56,1989,163.9
56,1990,160.78
56,1991,147.46
56,1992,134.62
56,1993,109.03
56,1994,97.35
56,1995,89.28
56,1996,84.65
56,1997,80.19
56,1998,75.88
56,1999,66.37
56,2000,47.03
56,2001,55.04
56,2002,58.95
56,2003,78.85
56,2004,58.93
56,2005,56.68
56,2006,59.07
56,2007,58.31
56,2008,38.78
56,2009,59.13
56,2010,85.56
56,2011,85.17
56,2012,104.64
56,2013,125.9
56,2014,88.82
56,2015,102.82
56,2016,108.36
56,2017,122.66
56,2018,145.04
56,2019,145.46
5706,1961,92.96
5706,1962,91.72
5706,1963,95.82
5706,1964,99
5706,1965,97.45
5706,1966,97.29
5706,1967,99.3
5706,1968,94.99
5706,1969,101.03
5706,1970,101.14
5706,1971,100.81
5706,1972,103.62
5706,1973,105.96
5706,1974,104.81
5706,1975,102.94
5706,1976,97.47
5706,1977,101.01
5706,1978,102.67
5706,1979,103.43
5706,1980,103.56
5706,1981,105.4
5706,1982,106.62
5706,1983,104.16
5706,1984,104.76
5706,1985,108.44
5706,1986,111.06
5706,1987,114.37
5706,1988,126.28
5706,1989,128.35
5706,1990,132.47
5706,1991,135.2
5706,1992,127.74
5706,1993,123.54
5706,1994,123.92
5706,1995,123.72
5706,1996,120.04
5706,1997,125.67
5706,1998,126.44
5706,1999,130.22
5706,2000,126.25
5706,2001,123.03
5706,2002,122.04
5706,2003,121.01
5706,2004,127.16
5706,2005,124.38
5706,2006,123.44
5706,2007,120.36
5706,2008,119.86
5706,2009,112.65
5706,2010,104.94
5706,2011,105.33
5706,2012,104.52
5706,2013,103.46
5706,2014,99.87
5706,2015,99
5706,2016,101.13
5706,2017,103.69
5706,2018,130.78
5706,2019,132.92
58,1961,247.53
58,1962,435
58,1963,485.36
58,1964,310.49
58,1965,244.18
58,1966,335.51
58,1967,250.86
58,1968,261.59
58,1969,180.21
58,1970,179.89
58,1971,152.82
58,1972,138.58
58,1973,120.55
58,1974,131.73
58,1975,156.76
58,1976,209.69
58,1977,94.14
58,1978,56.6
58,1979,52.04
58,1980,69.5
58,1981,93.36
58,1982,88.14
58,1983,117.5
58,1984,143.03
58,1985,116.45
58,1986,84.66
58,1987,75.61
58,1988,49.69
58,1989,48.52
58,1990,36.86
58,1991,46.84
58,1992,33.84
58,1993,43.61
58,1994,51.39
58,1995,91.1
58,1996,76.84
58,1997,94.08
58,1998,65.08
58,1999,63.15
58,2000,74.53
58,2001,68.29
58,2002,78.92
58,2003,75.63
58,2004,65.84
58,2005,87.44
58,2006,89.45
58,2007,91.35
58,2008,90.51
58,2009,92.98
58,2010,94.01
58,2011,96.58
58,2012,95.19
58,2013,96.33
58,2014,98.55
58,2015,101.62
58,2016,99.82
58,2017,100.42
58,2018,100.97
58,2019,101.55
5801,1961,93.53
5801,1962,91.42
5801,1963,93.61
5801,1964,104.01
5801,1965,87.18
5801,1966,89.38
5801,1967,90.12
5801,1968,89.36
5801,1969,94.55
5801,1970,84.3
5801,1971,81.12
5801,1972,55.3
5801,1973,46.83
5801,1974,47.51
5801,1975,51.72
5801,1976,55.12
5801,1977,50.85
5801,1978,52.82
5801,1979,55.65
5801,1980,54.91
5801,1981,52.51
5801,1982,52.86
5801,1983,53.17
5801,1984,52.7
5801,1985,51.7
5801,1986,50.51
5801,1987,46.68
5801,1988,49.89
5801,1989,48.98
5801,1990,53.6
5801,1991,93.02
5801,1992,94.78
5801,1993,100.42
5801,1994,102.51
5801,1995,100.76
5801,1996,99.3
5801,1997,99.22
5801,1998,101.05
5801,1999,83.93
5801,2000,91.99
5801,2001,78.61
5801,2002,75.01
5801,2003,75.47
5801,2004,75.19
5801,2005,71.15
5801,2006,73.69
5801,2007,76.99
5801,2008,83.47
5801,2009,80.84
5801,2010,84.5
5801,2011,70.32
5801,2012,70.2
5801,2013,72.01
5801,2014,80.57
5801,2015,108.85
5801,2016,110.58
5801,2017,112.45
5801,2018,105.24
5801,2019,127.22
5802,1961,23.52
5802,1962,23.88
5802,1963,25.34
5802,1964,22.02
5802,1965,20.99
5802,1966,22.34
5802,1967,21.81
5802,1968,22.55
5802,1969,22
5802,1970,21.47
5802,1971,22.35
5802,1972,22.49
5802,1973,27.04
5802,1974,22.76
5802,1975,23.43
5802,1976,24.11
5802,1977,24.13
5802,1978,60.6
5802,1979,46.33
5802,1980,43.93
5802,1981,17.22
5802,1982,23.39
5802,1983,20.97
5802,1984,22.51
5802,1985,17.71
5802,1986,21.25
5802,1987,22.32
5802,1988,23.34
5802,1989,20.61
5802,1990,26.56
5802,1991,104.91
5802,1992,75.72
5802,1993,68.9
5802,1994,72.59
5802,1995,72.3
5802,1996,74.09
5802,1997,76.04
5802,1998,80.03
5802,1999,62.7
5802,2000,71.96
5802,2001,68.9
5802,2002,68.33
5802,2003,63.55
5802,2004,63.11
5802,2005,60.02
5802,2006,63.59
5802,2007,67.01
5802,2008,75.1
5802,2009,74.99
5802,2010,79.75
5802,2011,64.44
5802,2012,62.91
5802,2013,67.23
5802,2014,77.14
5802,2015,110.21
5802,2016,112.65
5802,2017,113.56
5802,2018,107.56
5802,2019,133.83
5803,1961,54.44
5803,1962,53.51
5803,1963,54.11
5803,1964,61.95
5803,1965,69.16
5803,1966,66.92
5803,1967,62.47
5803,1968,61.06
5803,1969,52.43
5803,1970,78.53
5803,1971,93.67
5803,1972,89.49
5803,1973,88.2
5803,1974,82.64
5803,1975,83.9
5803,1976,80.89
5803,1977,88.8
5803,1978,93.38
5803,1979,93.15
5803,1980,86.28
5803,1981,76.29
5803,1982,74.52
5803,1983,86.27
5803,1984,82.11
5803,1985,84.45
5803,1986,82.86
5803,1987,80.94
5803,1988,78.12
5803,1989,87.3
5803,1990,73.59
5803,1991,72.46
5803,1992,79.11
5803,1993,77.8
5803,1994,88.39
5803,1995,106.59
5803,1996,120.45
5803,1997,104.29
5803,1998,92.21
5803,1999,94.1
5803,2000,79.26
5803,2001,77.76
5803,2002,79.1
5803,2003,92.23
5803,2004,74.78
5803,2005,80.52
5803,2006,84.79
5803,2007,54.13
5803,2008,46.38
5803,2009,55.76
5803,2010,61.98
5803,2011,79.27
5803,2012,84.67
5803,2013,95.3
5803,2014,92.76
5803,2015,96.38
5803,2016,110.86
5803,2017,101.6
5803,2018,111.11
5803,2019,104.98
5815,1961,73.59
5815,1962,75.52
5815,1963,76.09
5815,1964,78.08
5815,1965,77.26
5815,1966,78.15
5815,1967,78.3
5815,1968,78.13
5815,1969,82.64
5815,1970,80.08
5815,1971,79.36
5815,1972,78.48
5815,1973,76.62
5815,1974,78.99
5815,1975,80.39
5815,1976,86.37
5815,1977,88.69
5815,1978,90.07
5815,1979,94.29
5815,1980,94.55
5815,1981,96.53
5815,1982,97.62
5815,1983,96.21
5815,1984,95.62
5815,1985,95.67
5815,1986,95.74
5815,1987,97.86
5815,1988,97.25
5815,1989,95.46
5815,1990,93.96
5815,1991,99.45
5815,1992,95.53
5815,1993,96.22
5815,1994,98.43
5815,1995,97.83
5815,1996,96.2
5815,1997,92.64
5815,1998,93.24
5815,1999,89.31
5815,2000,89.25
5815,2001,85.97
5815,2002,86.08
5815,2003,86.36
5815,2004,86.27
5815,2005,85.33
5815,2006,89.9
5815,2007,91.69
5815,2008,92.82
5815,2009,93.13
5815,2010,95.23
5815,2011,93.43
5815,2012,93.04
5815,2013,92.69
5815,2014,94.12
5815,2015,102.46
5815,2016,103.42
5815,2017,103.36
5815,2018,102.49
5815,2019,107.54
5817,1961,68.54
5817,1962,67.39
5817,1963,69.99
5817,1964,74.49
5817,1965,70.91
5817,1966,72.78
5817,1967,74.82
5817,1968,75.18
5817,1969,76.33
5817,1970,78.95
5817,1971,76.59
5817,1972,60.13
5817,1973,55.77
5817,1974,62.37
5817,1975,61.35
5817,1976,69.98
5817,1977,64.98
5817,1978,69.84
5817,1979,77.96
5817,1980,72.23
5817,1981,82.4
5817,1982,73.47
5817,1983,71.88
5817,1984,67.48
5817,1985,73.22
5817,1986,70.44
5817,1987,73.98
5817,1988,72.29
5817,1989,65.34
5817,1990,68.22
5817,1991,80.17
5817,1992,83.71
5817,1993,82.91
5817,1994,85.5
5817,1995,82.99
5817,1996,84.43
5817,1997,87.13
5817,1998,95.09
5817,1999,87.32
5817,2000,94.37
5817,2001,90.68
5817,2002,80.19
5817,2003,84.44
5817,2004,82.93
5817,2005,76.86
5817,2006,77.48
5817,2007,76.12
5817,2008,79.07
5817,2009,72.72
5817,2010,84.78
5817,2011,78.91
5817,2012,78.25
5817,2013,85.54
5817,2014,91.65
5817,2015,104.9
5817,2016,103.45
5817,2017,102.96
5817,2018,96.84
5817,2019,104.78
59,1961,112.53
59,1962,112.97
59,1963,123.33
59,1964,123.36
59,1965,138
59,1966,148.53
59,1967,149.09
59,1968,172.67
59,1969,168.46
59,1970,192.39
59,1971,188.04
59,1972,154.6
59,1973,148.67
59,1974,176.09
59,1975,169.75
59,1976,210.48
59,1977,223.38
59,1978,245.33
59,1979,291.13
59,1980,239.98
59,1981,282.96
59,1982,226.16
59,1983,220.36
59,1984,182.56
59,1985,224.67
59,1986,224.41
59,1987,244.32
59,1988,223.47
59,1989,194.97
59,1990,207.87
59,1991,197.69
59,1992,205.2
59,1993,199.28
59,1994,199.65
59,1995,190.07
59,1996,200.16
59,1997,200.1
59,1998,240.63
59,1999,227.51
59,2000,244.09
59,2001,246.37
59,2002,194.51
59,2003,188.19
59,2004,176.46
59,2005,178.39
59,2006,156.48
59,2007,141.97
59,2008,134.94
59,2009,95.03
59,2010,113.65
59,2011,107.41
59,2012,104.29
59,2013,101.64
59,2014,120.46
59,2015,107.65
59,2016,71.9
59,2017,86.73
59,2018,78.74
59,2019,78.6
67,1990,19.98
67,1991,17.59
67,1992,17.5
67,1993,19.89
67,1994,23.73
67,1995,24.09
67,1996,29.06
67,1997,30.49
67,1998,33.01
67,1999,33.96
67,2000,34.37
67,2001,35.02
67,2002,36.84
67,2003,39.83
67,2004,36.65
67,2005,35.23
67,2006,41.85
67,2007,41
67,2008,38.11
67,2009,85.3
67,2010,84.66
67,2011,93.36
67,2012,88.93
67,2013,103.13
67,2014,105.28
67,2015,99.6
67,2016,95.12
67,2017,88.9
67,2018,90.3
67,2019,85.56
68,1961,274.16
68,1962,261.57
68,1963,253.31
68,1964,278.2
68,1965,275.5
68,1966,266.59
68,1967,262.45
68,1968,243.22
68,1969,257.73
68,1970,240.82
68,1971,221.35
68,1972,219.32
68,1973,233.38
68,1974,223.76
68,1975,228.66
68,1976,204.44
68,1977,221.22
68,1978,216.7
68,1979,218.42
68,1980,213.88
68,1981,234.89
68,1982,242.48
68,1983,228.45
68,1984,204.93
68,1985,236.58
68,1986,249.31
68,1987,255.44
68,1988,234.14
68,1989,229.16
68,1990,237.46
68,1991,234.91
68,1992,238.95
68,1993,245.01
68,1994,251.89
68,1995,241.39
68,1996,235.58
68,1997,227.26
68,1998,229.83
68,1999,230.98
68,2000,238.82
68,2001,230.37
68,2002,225.99
68,2003,211.3
68,2004,207.96
68,2005,212.97
68,2006,209.54
68,2007,206.92
68,2008,189.98
68,2009,186.55
68,2010,144.38
68,2011,138.1
68,2012,142.37
68,2013,133.18
68,2014,102.7
68,2015,99.42
68,2016,97.89
68,2017,94.2
68,2018,312.63
68,2019,199.58
70,1973,408.88
70,1974,397.97
70,1975,405.36
70,1976,470.76
70,1977,392.48
70,1978,380.55
70,1979,448.69
70,1980,366.11
70,1981,487.41
70,1982,533.98
70,1983,431.35
70,1984,427.12
70,1985,481.07
70,1986,486.52
70,1987,199.44
70,1988,306.19
70,1989,320.41
70,1990,305.17
70,1991,264.71
70,1992,297.89
70,1993,312.78
70,1994,321.83
70,1995,329.54
70,1996,352.88
70,1997,335.59
70,1998,294
70,1999,431.8
70,2000,456.23
70,2001,427.9
70,2002,410.66
70,2003,400.26
70,2004,413.7
70,2005,423.39
70,2006,302.44
70,2007,320.91
70,2008,261.06
70,2009,251.6
70,2010,206.51
70,2011,192.79
70,2012,171.9
70,2013,150.3
70,2014,125.73
70,2015,98.72
70,2016,75.54
70,2017,54.8
70,2018,50.09
70,2019,45.43
72,1990,92.56
72,1991,90.05
72,1992,88.85
72,1993,88.35
72,1994,87.8
72,1995,86.69
72,1996,84.9
72,1997,82.69
72,1998,80.31
72,1999,78.07
72,2000,76.15
72,2001,596.39
72,2002,585.27
72,2003,575.49
72,2004,283.28
72,2005,418.6
72,2006,481.42
72,2007,135.69
72,2008,133.88
72,2009,132.02
72,2010,130.08
72,2011,128.02
72,2012,125.89
72,2013,123.73
72,2014,121.61
72,2015,119.57
72,2016,58.81
72,2017,57.88
72,2018,56.99
72,2019,56.13
79,1961,25.48
79,1962,21.17
79,1963,22.68
79,1964,21.03
79,1965,22.11
79,1966,24.34
79,1967,25.23
79,1968,25.54
79,1969,24.99
79,1970,26.93
79,1971,30.93
79,1972,29.48
79,1973,29.39
79,1974,26.15
79,1975,25.76
79,1976,25.28
79,1977,27
79,1978,28.29
79,1979,28.87
79,1980,27.96
79,1981,28.56
79,1982,27.9
79,1983,28.69
79,1984,28.84
79,1985,27.21
79,1986,22.4
79,1987,28.59
79,1988,26.47
79,1989,28.15
79,1990,30.78
79,1991,39.44
79,1992,39.55
79,1993,36.58
79,1994,37.77
79,1995,37.45
79,1996,46.44
79,1997,42.83
79,1998,47.29
79,1999,54.57
79,2000,59.19
79,2001,57.09
79,2002,64.69
79,2003,59.73
79,2004,78.82
79,2005,75
79,2006,89.8
79,2007,92.54
79,2008,94.23
79,2009,102.23
79,2010,90.72
79,2011,93.36
79,2012,124.05
79,2013,102.17
79,2014,101.12
79,2015,101.17
79,2016,97.72
79,2017,103.25
79,2018,66
79,2019,69.43
80,2007,111.66
80,2008,113.35
80,2009,115.34
80,2010,117.02
80,2011,122.7
80,2012,120.16
80,2013,109
80,2014,94.39
80,2015,103.92
80,2016,101.69
80,2017,91.37
80,2018,127.4
80,2019,84.23
84,1961,38.97
84,1962,29.26
84,1963,39.3
84,1964,35.2
84,1965,34.83
84,1966,43.53
84,1967,40.23
84,1968,56.66
84,1969,81.75
84,1970,56.58
84,1971,63.7
84,1972,74.31
84,1973,71.53
84,1974,81.67
84,1975,76.03
84,1976,79.57
84,1977,79.25
84,1978,76.35
84,1979,78.88
84,1980,81.5
84,1981,77.25
84,1982,77.67
84,1983,80.14
84,1984,94.17
84,1985,88.14
84,1986,87.72
84,1987,92.1
84,1988,83.24
84,1989,90.44
84,1990,87.38
84,1991,90.6
84,1992,99.7
84,1993,103.31
84,1994,103.68
84,1995,102.82
84,1996,94.19
84,1997,88.96
84,1998,90.32
84,1999,102.95
84,2000,116.99
84,2001,110.46
84,2002,114.72
84,2003,104.53
84,2004,120.49
84,2005,137.07
84,2006,120.06
84,2007,104.75
84,2008,111.53
84,2009,115.2
84,2010,111.18
84,2011,113.19
84,2012,108.78
84,2013,115.74
84,2014,82.9
84,2015,115.94
84,2016,101.16
84,2017,94.38
84,2018,100.1
84,2019,88.49
86,1982,0.76
86,1983,0.71
86,1984,0.46
86,1985,0.85
86,1986,1.25
86,1987,1.4
86,1988,1.45
86,1989,1.64
86,1990,1.57
86,1991,1.74
86,1992,1.93
86,1993,1.85
86,1994,1.89
86,1995,1.96
86,1996,1.97
86,1997,1.79
86,1998,1.45
86,1999,1.44
86,2000,1.66
86,2001,1.74
86,2002,1.84
86,2003,1.86
86,2004,1.45
86,2005,1.66
86,2006,2.03
86,2007,2.14
86,2008,2.29
86,2009,2.83
86,2010,15.7
86,2011,24.76
86,2012,58.84
86,2013,73.39
86,2014,75.25
86,2015,91
86,2016,133.75
86,2017,85.16
86,2018,102.59
86,2019,83.66
89,1961,23.53
89,1962,23.3
89,1963,23.06
89,1964,22.82
89,1965,22.85
89,1966,22.37
89,1967,16.29
89,1968,18.47
89,1969,20.48
89,1970,20.47
89,1971,20.3
89,1972,19.69
89,1973,19.19
89,1974,18.72
89,1975,18.24
89,1976,17.81
89,1977,17.37
89,1978,16.98
89,1979,16.57
89,1980,16.17
89,1981,15.77
89,1982,15.89
89,1983,17.51
89,1984,19.52
89,1985,21.43
89,1986,23.26
89,1987,27.26
89,1988,26.63
89,1989,26.02
89,1990,25.76
89,1991,17.31
89,1992,23.84
89,1993,24.68
89,1994,25.1
89,1995,24.51
89,1996,24.88
89,1997,34.82
89,1998,59.59
89,1999,57.69
89,2000,56.23
89,2001,51.88
89,2002,47.25
89,2003,28.77
89,2004,22.96
89,2005,25.9
89,2006,63.39
89,2007,74.85
89,2008,73.21
89,2009,83.94
89,2010,80.43
89,2011,81.7
89,2012,80.85
89,2013,81.22
89,2014,96.42
89,2015,100.14
89,2016,103.44
89,2017,106.17
89,2018,102.74
89,2019,99.9
93,1961,95.25
93,1962,97.15
93,1963,98.96
93,1964,100.66
93,1965,105.8
93,1966,93.4
93,1967,91.63
93,1968,93.25
93,1969,91.54
93,1970,96.35
93,1971,94.71
93,1972,95
93,1973,95.27
93,1974,105.05
93,1975,117.92
93,1976,130.18
93,1977,141.83
93,1978,166.75
93,1979,163.24
93,1980,165
93,1981,161.28
93,1982,165.17
93,1983,173.72
93,1984,169.71
93,1985,165.89
93,1986,162.27
93,1987,158.84
93,1988,144.45
93,1989,141.52
93,1990,128.04
93,1991,113.81
93,1992,102.59
93,1993,110.11
93,1994,109.44
93,1995,108.99
93,1996,108.54
93,1997,112.02
93,1998,109.86
93,1999,107.96
93,2000,106.47
93,2001,87.23
93,2002,80.29
93,2003,79.31
93,2004,99.6
93,2005,130.66
93,2006,128.57
93,2007,158.17
93,2008,77.84
93,2009,98.56
93,2010,104.91
93,2011,104.38
93,2012,103.58
93,2013,102.81
93,2014,101.65
93,2015,100.12
93,2016,98.23
93,2017,97.37
93,2018,96.54
93,2019,95.74
95,1990,154
95,1991,152.49
95,1992,153.91
95,1993,125.48
95,1994,125.02
95,1995,125.51
95,1996,120.79
95,1997,115.49
95,1998,103.56
95,1999,116.19
95,2000,111.55
95,2001,106.42
95,2002,104.41
95,2003,103.76
95,2004,101.72
95,2005,102.37
95,2006,103.85
95,2007,107.88
95,2008,106.17
95,2009,105.6
95,2010,104.79
95,2011,103.89
95,2012,106.09
95,2013,101.37
95,2014,100.32
95,2015,100.11
95,2016,99.58
95,2017,98.8
95,2018,98.05
95,2019,97.31
96,1961,289.22
96,1962,277.99
96,1963,269.87
96,1964,291.86
96,1965,293.7
96,1966,633.46
96,1967,752.42
96,1968,606.55
96,1969,721.91
96,1970,625.27
96,1971,778.92
96,1972,807.41
96,1973,874.16
96,1974,701.98
96,1975,906.09
96,1976,735.02
96,1977,800.51
96,1978,687.45
96,1979,745.43
96,1980,691.69
96,1981,750.94
96,1982,628.37
96,1983,562.54
96,1984,539.13
96,1985,506.78
96,1986,520.13
96,1987,458.3
96,1988,553.15
96,1989,584.79
96,1990,329.4
96,1991,332.5
96,1992,219.4
96,1993,193.5
96,1994,185.99
96,1995,124.31
96,1996,77.81
96,1997,101.87
96,1998,125.01
96,1999,129.44
96,2000,133.09
96,2001,136.71
96,2002,122.29
96,2003,118.67
96,2004,122.58
96,2005,122.25
96,2006,123.83
96,2007,129.01
96,2008,116.57
96,2009,110.52
96,2010,106.66
96,2011,103.04
96,2012,113.84
96,2013,108.64
96,2014,100.9
96,2015,99.98
96,2016,99.12
96,2017,97.15
96,2018,95.2
96,2019,93.29
97,1961,251.41
97,1962,234.6
97,1963,218.2
97,1964,208.21
97,1965,238.83
97,1966,229.28
97,1967,193.53
97,1968,237.27
97,1969,228.13
97,1970,226.8
97,1971,212.94
97,1972,212.47
97,1973,212.01
97,1974,236.92
97,1975,212.65
97,1976,176.9
97,1977,183.71
97,1978,187.51
97,1979,132.34
97,1980,151.89
97,1981,122.32
97,1982,120.07
97,1983,98.94
97,1984,104.67
97,1985,105.31
97,1986,96.77
97,1987,100.99
97,1988,130.58
97,1989,130.81
97,1990,126.18
97,1991,133.03
97,1992,116.13
97,1993,117.45
97,1994,120.51
97,1995,118.51
97,1996,117.17
97,1997,126.51
97,1998,125.9
97,1999,131.16
97,2000,101.22
97,2001,96.84
97,2002,95.76
97,2003,83.38
97,2004,79.82
97,2005,70.33
97,2006,73.9
97,2007,62.93
97,2008,62.65
97,2009,70.33
97,2010,65.99
97,2011,64.13
97,2012,69.85
97,2013,119.9
97,2014,109.14
97,2015,105.27
97,2016,85.59
97,2017,79.26
97,2018,74.83
97,2019,74.32
98,1992,210.97
98,1993,217.64
98,1994,218.68
98,1995,220.64
98,1996,217.05
98,1997,234.44
98,1998,336.38
98,1999,422.54
98,2000,67.08
98,2001,76.54
98,2002,84.38
98,2003,72.64
98,2004,93.88
98,2005,60.87
98,2006,88.18
98,2007,149.6
98,2008,74.23
98,2009,78.02
98,2010,86.44
98,2011,113.02
98,2012,74.38
98,2013,92.76
98,2014,41.6
98,2015,125.49
98,2016,132.91
98,2017,141.1
98,2018,117.47
98,2019,103.23
