geo,year,papayas_export_value_tce
10,1961,0
10,1962,0
10,1963,0
10,1964,0
10,1965,0
10,1966,0
10,1967,0
10,1968,0
10,1969,0
10,1970,0
10,1971,0
10,1972,0
10,1973,0
10,1974,0
10,1975,0
10,1976,0
10,1977,0
10,1978,0
10,1979,0
10,1980,0
10,1981,0
10,1982,0
10,1983,0
10,1984,0
10,1985,0
10,1986,0
10,1987,0
10,1988,933
10,1989,642
10,1990,155
10,1991,63
10,1992,140
10,1993,165
10,1994,45
10,1995,20
10,1996,35
10,1997,121
10,1998,41
10,1999,1
10,2000,0
10,2001,8
10,2002,0
10,2003,1
10,2004,4
10,2005,2
10,2006,12
10,2007,16
10,2008,4
10,2009,18
10,2010,4
10,2011,1
10,2012,0
10,2013,14
10,2014,38
10,2015,84
10,2016,201
10,2017,35
10,2018,103
10,2019,23
10,2020,18
100,1961,0
100,1962,0
100,1963,0
100,1964,0
100,1965,0
100,1966,0
100,1967,0
100,1968,0
100,1969,0
100,1970,0
100,1971,0
100,1972,0
100,1973,0
100,1974,0
100,1975,0
100,1976,0
100,1977,0
100,1978,0
100,1979,0
100,1980,0
100,1981,0
100,1982,0
100,1983,0
100,1984,0
100,1985,0
100,1986,0
100,1987,19
100,1988,104
100,1989,102
100,1990,159
100,1991,151
100,1992,144
100,1993,273
100,1994,144
100,1995,92
100,1996,231
100,1997,281
100,1998,822
100,1999,4822
100,2000,3607
100,2001,639
100,2002,979
100,2003,989
100,2004,1119
100,2005,1509
100,2006,2562
100,2007,2721
100,2008,4186
100,2009,3615
100,2010,3774
100,2011,4954
100,2012,5980
100,2013,6441
100,2014,5963
100,2015,8126
100,2016,8048
100,2017,6925
100,2018,4965
100,2019,4516
100,2020,2822
101,1961,0
101,1962,0
101,1963,0
101,1964,0
101,1965,0
101,1966,0
101,1967,0
101,1968,0
101,1969,0
101,1970,0
101,1971,0
101,1972,0
101,1973,0
101,1974,0
101,1975,0
101,1976,0
101,1977,0
101,1978,0
101,1979,0
101,1980,0
101,1981,0
101,1982,0
101,1983,3
101,1984,17
101,1985,21
101,1986,6
101,1987,14
101,1988,35
101,1989,30
101,1990,90
101,1991,60
101,1992,8
101,1993,2
101,1994,0
101,1995,1
101,1996,14
101,1997,14
101,1998,0
101,1999,6
101,2000,15
101,2001,6
101,2002,7
101,2003,231
101,2004,1301
101,2005,113
101,2006,63
101,2007,15
101,2008,1
101,2009,126
101,2010,103
101,2011,515
101,2012,29
101,2013,34
101,2014,34
101,2015,32
101,2016,40
101,2017,21
101,2018,47
101,2019,43
101,2020,18
102,2003,0
102,2004,0
102,2005,0
102,2006,0
102,2007,0
102,2008,0
102,2009,0
102,2010,12
102,2011,2
102,2012,1
102,2013,1
102,2015,11
104,1961,0
104,1962,0
104,1963,0
104,1964,0
104,1965,0
104,1966,0
104,1967,0
104,1968,0
104,1969,0
104,1970,0
104,1971,0
104,1972,0
104,1973,0
104,1974,0
104,1975,0
104,1976,0
104,1977,0
104,1978,0
104,1979,0
104,1980,0
104,1981,0
104,1982,0
104,1983,0
104,1984,0
104,1985,0
104,1986,0
104,1987,5
104,1988,0
104,1989,0
104,1990,0
104,1991,4
104,1992,0
104,1993,0
104,1994,0
104,1995,5
104,1996,1
104,1997,0
104,1998,0
104,1999,78
104,2000,32
104,2001,0
104,2002,2
104,2003,0
104,2004,1
104,2005,62
104,2006,1
104,2007,0
104,2008,0
104,2009,0
104,2010,0
104,2011,0
104,2012,0
104,2013,0
104,2014,3
104,2018,0
104,2019,1
104,2020,0
105,1961,0
105,1962,0
105,1963,0
105,1964,0
105,1965,0
105,1966,0
105,1967,0
105,1968,0
105,1969,0
105,1970,0
105,1971,0
105,1972,0
105,1973,0
105,1974,0
105,1975,0
105,1976,0
105,1977,0
105,1978,0
105,1979,0
105,1980,0
105,1981,0
105,1982,0
105,1983,0
105,1984,0
105,1985,0
105,1986,0
105,1987,0
105,1988,33
105,1989,32
105,1990,55
105,1991,49
105,1992,23
105,1993,19
105,1994,13
105,1995,0
105,1996,25
105,1997,22
105,1998,15
105,1999,14
105,2000,0
105,2001,0
105,2002,0
105,2003,0
105,2004,0
105,2005,0
105,2006,2
105,2007,8
105,2008,0
105,2009,0
105,2010,0
105,2011,6
105,2012,1
105,2013,10
105,2014,145
105,2015,50
105,2016,115
105,2017,101
105,2018,103
105,2019,46
105,2020,56
106,1961,0
106,1962,0
106,1963,0
106,1964,0
106,1965,0
106,1966,0
106,1967,0
106,1968,0
106,1969,0
106,1970,0
106,1971,0
106,1972,0
106,1973,0
106,1974,0
106,1975,0
106,1976,0
106,1977,0
106,1978,0
106,1979,0
106,1980,0
106,1981,0
106,1982,0
106,1983,0
106,1984,0
106,1985,0
106,1986,19
106,1987,18
106,1988,19
106,1989,21
106,1990,92
106,1991,33
106,1992,20
106,1993,9
106,1994,16
106,1995,0
106,1996,3
106,1997,3
106,1998,4
106,1999,2
106,2000,7
106,2001,80
106,2002,47
106,2003,51
106,2004,70
106,2005,185
106,2006,262
106,2007,221
106,2008,227
106,2009,146
106,2010,667
106,2011,435
106,2012,125
106,2013,153
106,2014,309
106,2015,387
106,2016,180
106,2017,347
106,2018,259
106,2019,192
106,2020,175
107,1990,486
107,1991,924
107,1992,665
107,1993,820
107,1994,1008
107,1995,613
107,1996,506
107,1997,117
107,1998,134
107,1999,473
107,2000,378
107,2001,230
107,2002,307
107,2003,212
107,2004,671
107,2005,898
107,2006,1485
107,2007,3203
107,2008,4141
107,2009,1118
107,2010,108
107,2011,48
107,2012,46
107,2013,34
107,2014,37
107,2015,28
107,2016,46
107,2017,62
107,2018,56
107,2019,49
107,2020,4
108,2008,36
108,2009,0
108,2010,0
108,2011,0
108,2012,0
108,2013,0
108,2017,0
108,2018,0
108,2020,3
109,1961,0
109,1962,0
109,1963,0
109,1964,0
109,1965,0
109,1966,0
109,1967,0
109,1968,0
109,1969,0
109,1970,0
109,1971,0
109,1972,0
109,1973,0
109,1974,0
109,1975,0
109,1976,0
109,1977,0
109,1978,0
109,1979,0
109,1980,0
109,1981,0
109,1982,0
109,1983,0
109,1984,0
109,1985,0
109,1986,0
109,1987,0
109,1988,0
109,1989,0
109,1990,0
109,1991,1115
109,1992,2151
109,1993,3385
109,1994,4811
109,1995,6685
109,1996,6337
109,1997,5848
109,1998,5900
109,1999,4944
109,2000,3300
109,2001,3840
109,2002,3300
109,2003,3122
109,2004,2124
109,2005,2019
109,2006,2420
109,2007,2748
109,2008,2341
109,2009,2867
109,2010,2780
109,2011,2324
109,2012,4480
109,2013,3365
109,2014,3897
109,2015,3843
109,2016,4439
109,2017,4388
109,2018,3934
109,2019,1991
109,2020,682
11,1961,0
11,1962,0
11,1963,0
11,1964,0
11,1965,0
11,1966,0
11,1967,0
11,1968,0
11,1969,0
11,1970,0
11,1971,0
11,1972,0
11,1973,0
11,1974,0
11,1975,0
11,1976,0
11,1977,0
11,1978,0
11,1979,0
11,1980,0
11,1981,0
11,1982,0
11,1983,0
11,1984,0
11,1985,0
11,1986,0
11,1987,0
11,1988,0
11,1989,0
11,1990,7
11,1991,0
11,1992,1
11,1993,2
11,1994,2
11,1995,0
11,1996,6
11,1997,9
11,1998,9
11,1999,9
11,2000,4
11,2001,6
11,2002,8
11,2003,14
11,2004,11
11,2005,32
11,2006,33
11,2007,32
11,2008,103
11,2009,44
11,2010,55
11,2011,49
11,2012,22
11,2013,48
11,2014,112
11,2015,90
11,2016,173
11,2017,120
11,2018,148
11,2019,103
11,2020,80
110,2009,3
110,2010,0
110,2011,0
110,2012,0
110,2013,0
112,2006,5
112,2007,0
112,2008,0
112,2009,0
112,2010,0
112,2011,0
112,2012,0
112,2013,0
114,2013,23
114,2014,18
114,2015,18
114,2016,8
114,2017,20
114,2018,32
114,2019,17
114,2020,3
115,2011,0
115,2012,36
115,2013,25
115,2014,20
115,2015,27
115,2016,34
115,2017,221
115,2018,226
115,2019,23
115,2020,117
117,1993,5
117,1994,0
117,1995,0
117,1996,0
117,1997,0
117,1998,0
117,1999,0
117,2000,20
117,2001,0
117,2002,0
117,2003,0
117,2004,0
117,2005,0
117,2006,0
117,2007,98
117,2008,0
117,2009,1
117,2010,0
117,2011,0
117,2012,0
117,2013,0
117,2014,2
117,2016,6
117,2017,1
117,2018,2
117,2020,0
118,2016,58
119,2011,10
119,2012,16
119,2013,57
119,2014,39
119,2015,25
119,2016,75
119,2017,70
119,2018,120
119,2019,81
119,2020,85
12,1997,8
12,1998,10
12,1999,10
12,2000,0
12,2001,0
12,2002,0
12,2003,0
12,2004,0
12,2005,0
12,2006,0
12,2007,0
12,2008,0
12,2009,0
12,2010,0
12,2011,0
12,2012,0
12,2013,0
12,2020,35
120,2014,49
120,2015,1
120,2016,68
120,2017,145
120,2018,187
120,2019,1
120,2020,273
121,1998,0
121,1999,0
121,2000,0
121,2001,0
121,2002,0
121,2003,0
121,2004,0
121,2005,0
121,2006,0
121,2007,4
121,2008,0
121,2009,1
121,2010,0
121,2011,0
121,2012,0
121,2013,0
121,2014,0
121,2015,0
121,2016,0
121,2017,0
121,2019,0
121,2020,0
124,2014,3
126,1996,0
126,1999,0
126,2000,0
126,2001,0
126,2002,1
126,2003,0
126,2004,0
126,2005,5
126,2006,65
126,2007,290
126,2008,367
126,2009,305
126,2010,637
126,2011,1437
126,2012,1734
126,2013,1500
126,2014,788
126,2015,40
126,2016,38
126,2017,40
126,2018,78
126,2019,27
126,2020,47
128,1997,0
128,1998,1
128,1999,0
128,2000,0
128,2001,0
128,2002,0
128,2003,0
128,2004,0
128,2005,0
128,2006,0
128,2007,0
128,2008,0
128,2009,0
128,2010,0
128,2011,0
128,2012,0
128,2013,0
129,1998,1
129,1999,1
129,2000,0
129,2001,0
129,2002,0
129,2003,0
129,2004,0
129,2005,0
129,2006,0
129,2007,0
129,2008,0
129,2009,0
129,2010,0
129,2011,0
129,2012,0
129,2013,7
129,2014,1
129,2015,5
129,2016,3
129,2017,3
129,2018,21
129,2019,32
129,2020,4
13,2002,0
13,2003,0
13,2004,0
13,2005,1
13,2006,0
13,2007,0
13,2008,0
13,2009,0
13,2010,0
13,2011,0
13,2012,1
13,2013,0
13,2015,5
13,2016,58
13,2017,4
13,2018,173
13,2019,67
13,2020,8
130,2018,0
131,1961,0
131,1962,0
131,1963,0
131,1964,0
131,1965,0
131,1966,0
131,1967,0
131,1968,0
131,1969,0
131,1970,0
131,1971,0
131,1972,0
131,1973,0
131,1974,0
131,1975,0
131,1976,0
131,1977,0
131,1978,385
131,1979,408
131,1980,600
131,1981,501
131,1982,478
131,1983,680
131,1984,1466
131,1985,1191
131,1986,1305
131,1987,2433
131,1988,4606
131,1989,6646
131,1990,7765
131,1991,8673
131,1992,9282
131,1993,12031
131,1994,11763
131,1995,13273
131,1996,11980
131,1997,12000
131,1998,10338
131,1999,15680
131,2000,18201
131,2001,24603
131,2002,26247
131,2003,26526
131,2004,21893
131,2005,15515
131,2006,13953
131,2007,8407
131,2008,9385
131,2009,7695
131,2010,9168
131,2011,8420
131,2012,8461
131,2013,9786
131,2014,9951
131,2015,10047
131,2016,9128
131,2017,9151
131,2018,7662
131,2019,7429
131,2020,7273
132,2018,0
132,2020,0
133,2012,34
133,2013,4
134,2003,0
134,2004,0
134,2005,0
134,2006,0
134,2007,0
134,2008,0
134,2009,0
134,2010,0
134,2011,0
134,2012,0
134,2013,0
137,1990,7
137,1991,3
137,1992,0
137,1994,0
137,1995,0
137,1996,0
137,1997,0
137,1998,0
137,1999,0
137,2000,0
137,2001,0
137,2002,0
137,2003,0
137,2004,0
137,2005,0
137,2006,0
137,2007,0
137,2008,0
137,2009,0
137,2010,0
137,2011,0
137,2012,0
137,2013,1
137,2014,1
137,2015,2
137,2016,1
137,2018,0
138,1961,0
138,1962,0
138,1963,0
138,1964,0
138,1965,0
138,1966,0
138,1967,2
138,1968,5
138,1969,0
138,1970,4
138,1971,1
138,1972,1
138,1973,11
138,1974,30
138,1975,10
138,1976,9
138,1977,4
138,1978,19
138,1979,8
138,1980,7
138,1981,26
138,1982,25
138,1983,120
138,1984,0
138,1985,140
138,1986,222
138,1987,285
138,1988,378
138,1989,472
138,1990,822
138,1991,1189
138,1992,3600
138,1993,4489
138,1994,6753
138,1995,12632
138,1996,20563
138,1997,12578
138,1998,51275
138,1999,20832
138,2000,23691
138,2001,30328
138,2002,30080
138,2003,44122
138,2004,72722
138,2005,64110
138,2006,63021
138,2007,55327
138,2008,53373
138,2009,74966
138,2010,69516
138,2011,46264
138,2012,63267
138,2013,65850
138,2014,84992
138,2015,86934
138,2016,90544
138,2017,80014
138,2018,89763
138,2019,94868
138,2020,98369
14,1994,41
14,1995,17
14,1996,13
14,1997,11
14,1998,1
14,1999,0
14,2000,0
14,2001,0
14,2002,0
14,2003,3
14,2004,0
14,2005,0
14,2006,0
14,2007,0
14,2008,3
14,2009,0
14,2010,1
14,2011,1
14,2012,0
14,2013,1
14,2014,3
14,2015,1
14,2016,3
143,1994,8
143,1995,25
143,1996,0
143,1997,23
143,1998,133
143,1999,0
143,2000,0
143,2001,0
143,2002,0
143,2003,0
143,2004,0
143,2005,2
143,2006,0
143,2007,0
143,2008,0
143,2009,0
143,2010,0
143,2011,0
143,2012,0
143,2013,0
143,2014,1
143,2015,4
143,2016,9
143,2017,1
143,2018,5
143,2019,69
143,2020,258
144,2015,0
144,2016,5
144,2017,1021
144,2018,1790
144,2019,2371
144,2020,2588
147,1997,2
147,1998,2
147,1999,0
147,2000,0
147,2001,0
147,2002,0
147,2003,18
147,2004,18
147,2005,18
147,2006,18
147,2007,18
147,2008,18
147,2009,18
147,2010,18
147,2011,18
147,2012,1
147,2013,1
147,2014,2
147,2017,0
147,2018,0
147,2020,0
148,2019,2
149,2015,0
149,2016,0
149,2017,0
149,2020,4
15,1961,0
15,1962,0
15,1963,0
15,1964,0
15,1965,0
15,1966,0
15,1967,0
15,1968,0
15,1969,0
15,1970,0
15,1971,0
15,1972,0
15,1973,0
15,1974,0
15,1975,0
15,1976,0
15,1977,0
15,1978,0
15,1979,0
15,1980,0
15,1981,0
15,1982,0
15,1983,25
15,1984,20
15,1985,13
15,1986,337
15,1987,764
15,1988,138
15,1989,85
15,1990,117
15,1991,110
15,1992,99
15,1993,247
15,1994,174
15,1995,232
15,1996,317
15,1997,185
15,1998,205
15,1999,453
150,1961,0
150,1962,0
150,1963,0
150,1964,0
150,1965,0
150,1966,0
150,1967,0
150,1968,0
150,1969,0
150,1970,0
150,1971,0
150,1972,0
150,1973,0
150,1974,0
150,1975,0
150,1976,0
150,1977,0
150,1978,0
150,1979,0
150,1980,0
150,1981,0
150,1982,0
150,1983,129
150,1984,223
150,1985,372
150,1986,859
150,1987,1184
150,1988,1758
150,1989,1851
150,1990,2449
150,1991,2732
150,1992,2740
150,1993,3135
150,1994,5007
150,1995,4918
150,1996,5123
150,1997,3826
150,1998,5287
150,1999,6597
150,2000,6679
150,2001,7043
150,2002,6855
150,2003,17161
150,2004,17242
150,2005,14583
150,2006,16089
150,2007,16907
150,2008,16532
150,2009,15612
150,2010,15502
150,2011,19568
150,2012,19511
150,2013,17810
150,2014,19834
150,2015,21802
150,2016,22234
150,2017,25605
150,2018,22841
150,2019,21652
150,2020,29453
153,2019,0
154,2014,1
154,2015,0
154,2016,1
156,1961,0
156,1962,0
156,1963,0
156,1964,0
156,1965,0
156,1966,0
156,1967,0
156,1968,0
156,1969,0
156,1970,0
156,1971,0
156,1972,0
156,1973,0
156,1974,0
156,1975,0
156,1976,0
156,1977,0
156,1978,0
156,1979,0
156,1980,0
156,1981,0
156,1982,0
156,1983,0
156,1984,0
156,1985,0
156,1986,0
156,1987,0
156,1988,0
156,1989,13
156,1990,0
156,1991,19
156,1992,4
156,1993,0
156,1994,0
156,1995,0
156,1996,0
156,1997,0
156,1998,0
156,1999,0
156,2000,1
156,2001,1
156,2002,3
156,2003,1
156,2004,3
156,2005,3
156,2006,1
156,2007,1
156,2008,2
156,2009,23
156,2010,18
156,2011,16
156,2012,4
156,2013,12
156,2014,13
156,2015,7
156,2016,7
156,2017,4
156,2018,9
156,2019,12
156,2020,5
157,1994,1
157,1995,3
157,1996,1
157,1997,2
157,1998,2
157,1999,0
157,2000,0
157,2001,0
157,2002,20
157,2003,3
157,2004,0
157,2005,2
157,2006,25
157,2007,2
157,2008,14
157,2009,10
157,2010,4
157,2011,11
157,2012,0
157,2013,0
157,2014,1
157,2015,1
158,1994,0
158,1995,1
158,1996,0
158,1997,0
158,1998,3
158,1999,66
158,2000,29
158,2001,6
158,2002,0
158,2003,13
158,2004,0
158,2005,5
158,2006,7
158,2007,0
158,2008,1
158,2009,1
158,2010,1
158,2011,0
158,2012,0
158,2013,0
158,2020,3
159,2014,1
159,2015,0
159,2016,0
159,2017,4
159,2018,0
159,2019,0
159,2020,2
16,2014,209
16,2016,407
16,2017,367
16,2018,511
16,2019,54
16,2020,250
162,2009,8
162,2010,0
162,2011,0
162,2012,0
162,2013,0
162,2015,0
165,1961,0
165,1962,0
165,1963,0
165,1964,0
165,1965,0
165,1966,0
165,1967,0
165,1968,0
165,1969,0
165,1970,0
165,1971,0
165,1972,0
165,1973,0
165,1974,0
165,1975,0
165,1976,0
165,1977,0
165,1978,0
165,1979,0
165,1980,0
165,1981,0
165,1982,8
165,1983,0
165,1984,3
165,1985,0
165,1986,0
165,1987,0
165,1988,5
165,1989,0
165,1990,0
165,1991,0
165,1992,0
165,1993,0
165,1994,0
165,1995,0
165,1996,0
165,1997,0
165,1998,0
165,1999,0
165,2000,0
165,2001,0
165,2002,0
165,2003,0
165,2004,3
165,2005,123
165,2006,112
165,2007,5
165,2008,3
165,2009,1
165,2010,0
165,2011,0
165,2012,0
165,2013,0
165,2015,0
165,2016,0
165,2019,0
165,2020,0
166,2000,2
166,2001,29
166,2002,144
166,2003,136
166,2004,70
166,2005,97
166,2006,85
166,2007,326
166,2008,998
166,2009,727
166,2010,248
166,2011,89
166,2012,0
166,2013,52
166,2014,1
166,2017,91
166,2018,213
166,2019,663
166,2020,913
167,2000,0
167,2001,1
167,2002,2
167,2003,4
167,2004,16
167,2005,29
167,2006,36
167,2007,46
167,2008,35
167,2009,38
167,2010,54
167,2011,80
167,2012,78
167,2013,68
167,2014,74
167,2015,123
167,2016,128
167,2017,16
167,2018,87
167,2019,83
167,2020,62
170,1999,0
170,2000,1
170,2001,8
170,2002,7
170,2003,3
170,2004,1
170,2005,1
170,2006,5
170,2007,10
170,2008,3
170,2009,0
170,2010,1
170,2011,5
170,2012,0
170,2013,7
170,2014,0
170,2015,2
170,2016,7
170,2017,54
170,2018,22
170,2019,1
170,2020,1
171,1961,0
171,1962,0
171,1963,0
171,1964,0
171,1965,0
171,1966,0
171,1967,0
171,1968,0
171,1969,0
171,1970,0
171,1971,0
171,1972,0
171,1973,0
171,1974,0
171,1975,0
171,1976,0
171,1977,0
171,1978,0
171,1979,1
171,1980,0
171,1981,1
171,1982,0
171,1983,1
171,1984,2
171,1985,2
171,1986,4
171,1987,21
171,1988,28
171,1989,194
171,1990,495
171,1991,945
171,1992,500
171,1993,884
171,1994,839
171,1995,718
171,1996,400
171,1997,122
171,1998,86
171,1999,1605
171,2000,3297
171,2001,4762
171,2002,5310
171,2003,1843
171,2004,4182
171,2005,3758
171,2006,4531
171,2007,5030
171,2008,4298
171,2009,2918
171,2010,1990
171,2011,3300
171,2012,3696
171,2013,6132
171,2014,4811
171,2015,1316
171,2016,1840
171,2017,2512
171,2018,3779
171,2019,5284
171,2020,5552
173,2005,4
173,2006,5
173,2007,18
173,2008,4
173,2009,2
173,2010,1
173,2011,7
173,2012,11
173,2013,47
173,2014,52
173,2015,146
173,2016,145
173,2017,65
173,2018,93
173,2019,116
173,2020,168
174,1961,0
174,1962,0
174,1963,0
174,1964,0
174,1965,0
174,1966,0
174,1967,0
174,1968,0
174,1969,0
174,1970,0
174,1971,0
174,1972,0
174,1973,0
174,1974,0
174,1975,0
174,1976,0
174,1977,0
174,1978,0
174,1979,0
174,1980,0
174,1981,0
174,1982,0
174,1983,0
174,1984,0
174,1985,0
174,1986,0
174,1987,0
174,1988,0
174,1989,0
174,1990,0
174,1991,0
174,1992,0
174,1993,5
174,1994,0
174,1995,0
174,1996,3
174,1997,0
174,1998,3
174,1999,34
174,2000,97
174,2001,10
174,2002,54
174,2003,182
174,2004,113
174,2005,183
174,2006,96
174,2007,171
174,2008,159
174,2009,205
174,2010,160
174,2011,310
174,2012,366
174,2013,818
174,2014,1865
174,2015,1729
174,2016,3808
174,2017,3514
174,2018,3339
174,2019,2944
174,2020,4559
181,1961,0
181,1962,0
181,1963,0
181,1964,0
181,1965,0
181,1966,0
181,1967,0
181,1968,0
181,1969,0
181,1970,0
181,1971,0
181,1972,0
181,1973,0
181,1974,0
181,1975,0
181,1976,0
181,1977,0
181,1978,0
181,1979,0
181,1980,0
181,1981,0
181,1982,0
181,1983,0
181,1984,0
181,1985,0
181,1986,0
181,1987,0
181,1988,0
181,1989,0
181,1990,14
181,1991,7
181,1992,2
181,1993,1
181,1994,3
181,1995,6
181,1996,0
181,1997,1
181,1998,0
181,1999,2
181,2000,0
181,2001,0
181,2002,0
181,2003,1
181,2004,0
181,2005,0
181,2006,31
181,2007,54
181,2008,12
181,2009,12
181,2010,0
181,2011,0
181,2012,0
181,2013,0
183,2004,1
183,2005,1
183,2006,0
183,2007,5
183,2008,3
183,2009,3
183,2010,2
183,2011,21
183,2012,20
183,2013,2
183,2014,28
183,2015,7
183,2016,2
183,2017,0
183,2019,3
183,2020,1
184,2018,0
184,2019,0
185,2000,2
185,2001,0
185,2002,0
185,2003,0
185,2004,0
185,2005,0
185,2006,0
185,2007,0
185,2008,0
185,2009,0
185,2010,0
185,2011,0
185,2012,0
185,2013,0
185,2014,1
185,2015,1
185,2016,0
185,2017,1
185,2018,0
185,2019,1
185,2020,1
186,2001,0
186,2004,0
186,2005,0
189,1994,1
189,1995,2
189,1996,5
189,1997,1
189,1998,0
189,1999,0
189,2000,0
189,2001,0
189,2002,0
189,2003,0
189,2004,0
189,2005,0
189,2006,0
189,2007,0
189,2008,0
189,2009,0
189,2010,0
189,2011,0
189,2012,0
189,2013,0
189,2016,0
189,2017,0
189,2018,0
189,2019,0
19,1994,81
19,1995,0
19,1996,1
19,1997,1
19,1998,6
19,1999,3
19,2000,0
19,2001,0
19,2002,0
19,2003,0
19,2004,0
19,2005,0
19,2006,0
19,2007,0
19,2008,0
19,2009,0
19,2010,12
19,2011,0
19,2012,0
19,2013,0
19,2018,3
191,2002,5
191,2003,2
191,2004,3
191,2005,1
191,2006,0
191,2007,1
191,2008,0
191,2009,1
191,2010,1
191,2011,1
191,2012,1
191,2013,1
191,2014,1
191,2015,0
191,2016,0
191,2017,0
191,2018,1
191,2019,0
191,2020,0
193,2015,0
194,1961,0
194,1962,0
194,1963,0
194,1964,0
194,1965,0
194,1966,0
194,1967,0
194,1968,0
194,1969,0
194,1970,0
194,1971,0
194,1972,0
194,1973,0
194,1974,0
194,1975,0
194,1976,0
194,1977,0
194,1978,0
194,1979,0
194,1980,0
194,1981,0
194,1982,0
194,1983,0
194,1984,0
194,1985,0
194,1986,0
194,1987,0
194,1988,0
194,1989,0
194,1990,0
194,1991,12
194,1992,4
194,1993,1
194,1994,50
194,1995,9
194,1996,2
194,1997,3
194,1998,10
194,1999,15
194,2000,2
194,2001,3
194,2002,26
194,2003,2
194,2004,10
194,2005,4
194,2006,3
194,2007,1
194,2008,4
194,2009,4
194,2010,0
194,2011,0
194,2012,0
194,2013,0
194,2018,45
194,2019,35
194,2020,49
195,2006,25
195,2007,2
195,2008,3
195,2009,0
195,2010,0
195,2011,0
195,2012,14
195,2013,0
195,2016,154
195,2017,113
195,2020,1
196,2017,0
197,2014,1
197,2017,7
197,2018,3
197,2019,0
198,2003,3
198,2004,10
198,2005,14
198,2006,39
198,2007,74
198,2008,82
198,2009,76
198,2010,44
198,2011,45
198,2012,42
198,2013,30
198,2014,16
198,2015,34
198,2016,103
198,2017,66
198,2018,10
198,2019,21
198,2020,14
199,2005,4
199,2006,0
199,2007,8
199,2008,14
199,2009,0
199,2010,0
199,2011,0
199,2012,0
199,2013,0
199,2014,0
199,2015,0
199,2016,0
199,2017,0
199,2018,4
199,2019,17
199,2020,22
2,2015,1
2,2016,2
20,1999,0
20,2000,14
20,2001,0
20,2002,0
20,2003,0
20,2004,0
20,2005,0
20,2006,0
20,2007,0
20,2008,0
20,2009,0
20,2010,0
20,2011,0
20,2012,0
20,2013,0
20,2014,0
20,2015,1
20,2016,1
20,2017,1
20,2018,2
20,2019,3
20,2020,0
200,1961,0
200,1962,0
200,1963,0
200,1964,0
200,1965,0
200,1966,0
200,1967,0
200,1968,0
200,1969,0
200,1970,0
200,1971,0
200,1972,0
200,1973,0
200,1974,0
200,1975,0
200,1976,0
200,1977,0
200,1978,0
200,1979,1
200,1980,0
200,1981,0
200,1982,1
200,1983,9
200,1984,8
200,1985,18
200,1986,3
200,1987,19
200,1988,425
200,1989,2147
200,1990,1392
200,1991,586
200,1992,394
200,1993,761
200,1994,95
200,1995,67
200,1996,14
200,1997,0
200,1998,31
200,1999,138
200,2000,17
200,2001,54
200,2002,87
200,2003,8
200,2004,12
200,2005,58
200,2006,5
200,2007,1
200,2008,0
200,2009,3
200,2010,1
200,2011,3
200,2012,2
200,2013,2
200,2014,3
200,2015,1
200,2016,1
200,2017,10
200,2018,3
200,2019,4
200,2020,8
202,1961,0
202,1962,0
202,1963,0
202,1964,0
202,1965,0
202,1966,0
202,1967,0
202,1968,0
202,1969,0
202,1970,0
202,1971,0
202,1972,0
202,1973,0
202,1974,0
202,1975,0
202,1976,0
202,1977,0
202,1978,0
202,1979,0
202,1980,0
202,1981,0
202,1982,0
202,1983,0
202,1984,0
202,1985,0
202,1986,0
202,1987,0
202,1988,55
202,1989,31
202,1990,16
202,1991,20
202,1992,4
202,1993,67
202,1994,10
202,1995,156
202,1996,200
202,1997,143
202,1998,411
202,1999,364
202,2000,123
202,2001,182
202,2002,85
202,2003,34
202,2004,45
202,2005,47
202,2006,63
202,2007,114
202,2008,170
202,2009,364
202,2010,565
202,2011,487
202,2012,680
202,2013,1063
202,2014,1185
202,2015,957
202,2016,1011
202,2017,1041
202,2018,1202
202,2019,1188
202,2020,1001
203,1961,0
203,1962,0
203,1963,0
203,1964,0
203,1965,0
203,1966,0
203,1967,0
203,1968,0
203,1969,0
203,1970,0
203,1971,0
203,1972,0
203,1973,0
203,1974,0
203,1975,0
203,1976,0
203,1977,0
203,1978,0
203,1979,0
203,1980,0
203,1981,0
203,1982,0
203,1983,0
203,1984,1
203,1985,1
203,1986,43
203,1987,24
203,1988,14
203,1989,13
203,1990,0
203,1991,1
203,1992,0
203,1993,3
203,1994,17
203,1995,72
203,1996,215
203,1997,365
203,1998,413
203,1999,724
203,2000,683
203,2001,350
203,2002,282
203,2003,521
203,2004,1269
203,2005,657
203,2006,625
203,2007,2749
203,2008,1905
203,2009,1593
203,2010,2208
203,2011,2411
203,2012,3690
203,2013,4050
203,2014,4191
203,2015,2917
203,2016,4835
203,2017,6420
203,2018,6474
203,2019,7410
203,2020,10382
206,2002,2
206,2003,2
206,2004,0
206,2005,0
206,2006,0
206,2007,0
206,2008,0
206,2009,0
206,2010,0
206,2011,0
207,1990,3
207,1991,5
207,1992,3
207,1993,2
207,1994,1
207,1995,15
207,1996,0
207,1997,2
207,1998,3
207,1999,4
207,2000,0
207,2001,2
207,2002,4
207,2003,4
207,2004,2
207,2005,1
207,2006,8
207,2007,1
207,2008,0
207,2009,1
207,2010,0
207,2011,1
207,2012,1
207,2013,1
207,2014,0
207,2015,0
207,2016,0
209,1997,0
209,1998,2
209,1999,2
209,2000,0
209,2001,0
209,2002,0
209,2003,2
209,2004,1
209,2005,1
209,2006,4
209,2007,67
209,2008,0
209,2009,0
209,2010,0
209,2011,0
209,2012,0
209,2013,129
209,2014,53
209,2015,101
209,2016,51
209,2017,11
209,2019,8
21,1961,0
21,1962,0
21,1963,0
21,1964,0
21,1965,0
21,1966,0
21,1967,0
21,1968,0
21,1969,0
21,1970,0
21,1971,0
21,1972,0
21,1973,0
21,1974,0
21,1975,0
21,1976,0
21,1977,0
21,1978,0
21,1979,0
21,1980,0
21,1981,0
21,1982,809
21,1983,1183
21,1984,1097
21,1985,1114
21,1986,1374
21,1987,1627
21,1988,2108
21,1989,2090
21,1990,2028
21,1991,2281
21,1992,2448
21,1993,3274
21,1994,3766
21,1995,4020
21,1996,4724
21,1997,7277
21,1998,9454
21,1999,13577
21,2000,17696
21,2001,18503
21,2002,21624
21,2003,29214
21,2004,26563
21,2005,30638
21,2006,30029
21,2007,34404
21,2008,38619
21,2009,34457
21,2010,33183
21,2011,38888
21,2012,36359
21,2013,41803
21,2014,47059
21,2015,43676
21,2016,43089
21,2017,41350
21,2018,50120
21,2019,47270
21,2020,42608
210,1961,0
210,1962,0
210,1963,0
210,1964,0
210,1965,0
210,1966,0
210,1967,0
210,1968,0
210,1969,0
210,1970,0
210,1971,0
210,1972,0
210,1973,0
210,1974,0
210,1975,0
210,1976,0
210,1977,0
210,1978,0
210,1979,0
210,1980,0
210,1981,0
210,1982,0
210,1983,0
210,1984,0
210,1985,0
210,1986,0
210,1987,0
210,1988,5
210,1989,16
210,1990,0
210,1991,0
210,1992,2
210,1993,3
210,1994,4
210,1995,17
210,1996,6
210,1997,1
210,1998,0
210,1999,35
210,2000,0
210,2001,0
210,2002,0
210,2003,0
210,2004,6
210,2005,9
210,2006,16
210,2007,13
210,2008,52
210,2009,49
210,2010,33
210,2011,7
210,2012,6
210,2013,6
210,2014,0
210,2015,0
210,2016,2
210,2017,13
210,2018,29
210,2019,9
210,2020,9
211,1961,0
211,1962,0
211,1963,0
211,1964,0
211,1965,0
211,1966,0
211,1967,0
211,1968,0
211,1969,0
211,1970,0
211,1971,0
211,1972,0
211,1973,0
211,1974,0
211,1975,0
211,1976,0
211,1977,0
211,1978,0
211,1979,0
211,1980,0
211,1981,0
211,1982,0
211,1983,0
211,1984,0
211,1985,0
211,1986,0
211,1987,0
211,1988,5
211,1989,0
211,1990,4
211,1991,12
211,1992,0
211,1993,0
211,1994,2
211,1995,0
211,1996,19
211,1997,0
211,1998,23
211,1999,7
211,2000,0
211,2001,0
211,2002,8
211,2003,7
211,2004,2
211,2005,4
211,2006,23
211,2007,10
211,2008,0
211,2009,7
211,2010,5
211,2011,23
211,2012,32
211,2013,1
211,2014,3
211,2015,0
211,2017,0
211,2018,28
214,1994,3
214,1995,0
214,1996,0
214,1997,0
214,1998,2
214,1999,9
214,2000,4
214,2001,2
214,2002,46
214,2003,132
214,2004,91
214,2005,144
214,2006,258
214,2007,236
214,2008,97
214,2009,164
214,2010,339
214,2011,542
214,2012,208
214,2013,311
214,2014,469
214,2015,360
214,2016,476
214,2017,360
214,2018,376
214,2019,177
214,2020,50
215,2005,15
215,2006,0
215,2007,12
215,2008,7
215,2009,0
215,2010,0
215,2011,1
215,2012,5
215,2013,8
215,2014,15
215,2015,11
215,2016,17
215,2017,20
215,2018,37
215,2019,1
215,2020,0
216,1961,0
216,1962,0
216,1963,0
216,1964,0
216,1965,0
216,1966,0
216,1967,0
216,1968,0
216,1969,0
216,1970,0
216,1971,0
216,1972,0
216,1973,0
216,1974,0
216,1975,0
216,1976,0
216,1977,0
216,1978,0
216,1979,0
216,1980,0
216,1981,0
216,1982,0
216,1983,0
216,1984,0
216,1985,0
216,1986,0
216,1987,971
216,1988,1002
216,1989,334
216,1990,86
216,1991,37
216,1992,58
216,1993,61
216,1994,89
216,1995,10
216,1996,8
216,1997,39
216,1998,31
216,1999,80
216,2000,197
216,2001,373
216,2002,932
216,2003,843
216,2004,604
216,2005,450
216,2006,511
216,2007,406
216,2008,555
216,2009,531
216,2010,884
216,2011,1664
216,2012,959
216,2013,711
216,2014,956
216,2015,972
216,2016,979
216,2017,4179
216,2018,1735
216,2019,2055
216,2020,2013
217,2017,28
217,2018,17
217,2019,20
217,2020,9
219,2015,0
219,2016,0
219,2017,17
219,2018,0
219,2019,0
219,2020,0
220,1961,0
220,1962,0
220,1963,0
220,1964,0
220,1965,0
220,1966,0
220,1967,0
220,1968,0
220,1969,0
220,1970,0
220,1971,0
220,1972,0
220,1973,0
220,1974,0
220,1975,0
220,1976,0
220,1977,0
220,1978,0
220,1979,0
220,1980,0
220,1981,0
220,1982,0
220,1983,0
220,1984,0
220,1985,0
220,1986,0
220,1987,0
220,1988,0
220,1989,0
220,1990,0
220,1991,7
220,1992,161
220,1993,8
220,1994,13
220,1995,26
220,1996,24
220,1997,26
220,1998,27
220,1999,586
220,2000,313
220,2001,47
220,2002,41
220,2003,56
220,2004,73
220,2005,107
220,2006,141
220,2007,132
220,2008,88
220,2009,96
220,2010,94
220,2011,123
220,2012,129
220,2013,103
220,2014,99
220,2015,154
220,2016,132
220,2017,109
220,2018,100
220,2019,92
220,2020,116
221,1961,0
221,1962,0
221,1963,0
221,1964,0
221,1965,0
221,1966,0
221,1967,0
221,1968,0
221,1969,0
221,1970,0
221,1971,0
221,1972,0
221,1973,0
221,1974,0
221,1975,0
221,1976,0
221,1977,0
221,1978,0
221,1979,0
221,1980,0
221,1981,0
221,1982,0
221,1983,0
221,1984,0
221,1985,0
221,1986,0
221,1987,2
221,1988,5
221,1989,9
221,1990,12
221,1991,20
221,1992,18
221,1993,22
221,1994,30
221,1995,75
221,1996,23
221,1997,16
221,1998,20
221,1999,23
221,2000,18
221,2001,14
221,2002,0
221,2003,1
221,2004,2
221,2005,4
221,2006,44
221,2007,40
221,2008,32
221,2009,2
221,2010,103
221,2011,120
221,2012,422
221,2013,99
221,2014,33
221,2015,46
221,2016,11
221,2017,12
221,2018,10
221,2019,1
221,2020,0
222,1961,0
222,1962,0
222,1963,0
222,1964,0
222,1965,0
222,1966,0
222,1967,0
222,1968,0
222,1969,0
222,1970,0
222,1971,0
222,1972,0
222,1973,0
222,1974,0
222,1975,0
222,1976,0
222,1977,0
222,1978,0
222,1979,0
222,1980,0
222,1981,0
222,1982,0
222,1983,0
222,1984,0
222,1985,0
222,1986,0
222,1987,0
222,1988,0
222,1989,0
222,1990,34
222,1991,34
222,1992,0
222,1993,0
222,1995,0
222,1996,0
222,1997,0
222,1998,0
222,1999,0
222,2000,0
222,2001,0
222,2002,0
222,2003,0
222,2004,0
222,2005,0
222,2006,0
222,2007,0
222,2008,0
222,2009,0
222,2010,0
222,2011,0
222,2012,0
222,2013,0
223,1961,0
223,1962,0
223,1963,0
223,1964,0
223,1965,0
223,1966,0
223,1967,0
223,1968,0
223,1969,0
223,1970,0
223,1971,0
223,1972,0
223,1973,0
223,1974,0
223,1975,0
223,1976,0
223,1977,0
223,1978,0
223,1979,0
223,1980,0
223,1981,0
223,1982,0
223,1983,0
223,1984,0
223,1985,0
223,1986,0
223,1987,0
223,1988,0
223,1989,0
223,1990,0
223,1991,3
223,1992,0
223,1993,0
223,1994,0
223,1995,0
223,1996,8
223,1997,0
223,1998,1
223,1999,1
223,2000,0
223,2001,0
223,2002,59
223,2003,3
223,2004,11
223,2005,2
223,2006,2
223,2007,0
223,2008,0
223,2009,0
223,2010,0
223,2011,2
223,2012,0
223,2013,0
223,2015,0
223,2017,0
223,2019,3
223,2020,9
225,2002,13
225,2003,5
225,2004,4
225,2005,55
225,2006,74
225,2007,49
225,2008,38
225,2009,71
225,2010,71
225,2011,91
225,2012,76
225,2013,38
225,2014,318
225,2015,109
225,2016,112
225,2017,98
225,2018,388
225,2019,355
225,2020,893
226,1994,0
226,1995,0
226,1996,0
226,1997,0
226,1998,1
226,1999,1
226,2000,0
226,2001,1
226,2002,2
226,2003,0
226,2004,19
226,2005,1
226,2006,0
226,2007,41
226,2008,3
226,2009,7
226,2010,18
226,2011,10
226,2012,11
226,2013,35
226,2014,35
226,2015,39
226,2016,55
226,2017,129
226,2018,78
226,2019,406
226,2020,318
229,1961,0
229,1962,0
229,1963,0
229,1964,0
229,1965,0
229,1966,0
229,1967,0
229,1968,0
229,1969,0
229,1970,0
229,1971,0
229,1972,0
229,1973,0
229,1974,0
229,1975,0
229,1976,0
229,1977,0
229,1978,0
229,1979,0
229,1980,0
229,1981,0
229,1982,0
229,1983,2
229,1984,6
229,1985,34
229,1986,28
229,1987,15
229,1988,17
229,1989,83
229,1990,103
229,1991,335
229,1992,224
229,1993,240
229,1994,70
229,1995,310
229,1996,133
229,1997,1570
229,1998,62
229,1999,296
229,2000,73
229,2001,55
229,2002,68
229,2003,113
229,2004,378
229,2005,1067
229,2006,454
229,2007,444
229,2008,413
229,2009,347
229,2010,283
229,2011,498
229,2012,268
229,2013,198
229,2014,205
229,2015,102
229,2016,109
229,2017,68
229,2018,94
229,2019,41
229,2020,47
23,1961,0
23,1962,0
23,1963,0
23,1964,0
23,1965,0
23,1966,0
23,1967,0
23,1968,0
23,1969,0
23,1970,0
23,1971,0
23,1972,0
23,1973,0
23,1974,0
23,1975,0
23,1976,0
23,1977,0
23,1978,0
23,1979,0
23,1980,0
23,1981,0
23,1982,0
23,1983,0
23,1984,0
23,1985,0
23,1986,0
23,1987,0
23,1988,0
23,1989,0
23,1990,0
23,1991,0
23,1992,441
23,1993,1225
23,1994,1058
23,1995,469
23,1996,1459
23,1997,2104
23,1998,2550
23,1999,3750
23,2000,8609
23,2001,5142
23,2002,7940
23,2003,11400
23,2004,17429
23,2005,13428
23,2006,15507
23,2007,13101
23,2008,10494
23,2009,14668
23,2010,12663
23,2011,13114
23,2012,7754
23,2013,10335
23,2014,6631
23,2015,6519
23,2016,1961
23,2017,726
23,2018,512
23,2019,158
23,2020,203
230,2007,0
230,2011,0
230,2012,0
230,2013,0
230,2016,0
230,2018,0
230,2020,0
231,1961,0
231,1962,0
231,1963,0
231,1964,0
231,1965,1705
231,1966,1885
231,1967,2225
231,1968,2041
231,1969,2004
231,1970,1810
231,1971,1839
231,1972,1538
231,1973,3583
231,1974,6597
231,1975,7137
231,1976,6710
231,1977,10700
231,1978,10365
231,1979,12080
231,1980,18228
231,1981,5726
231,1982,5064
231,1983,5096
231,1984,4296
231,1985,3094
231,1986,5801
231,1987,7402
231,1988,9807
231,1989,12631
231,1990,13680
231,1991,13131
231,1992,14131
231,1993,14299
231,1994,15410
231,1995,18628
231,1996,19984
231,1997,16730
231,1998,14374
231,1999,14196
231,2000,14422
231,2001,17243
231,2002,13604
231,2003,14243
231,2004,15917
231,2005,17302
231,2006,9470
231,2007,17715
231,2008,16775
231,2009,14456
231,2010,16372
231,2011,22077
231,2012,23476
231,2013,25917
231,2014,23274
231,2015,22518
231,2016,22513
231,2017,23519
231,2018,22145
231,2019,21175
231,2020,22829
233,2010,2
233,2011,0
233,2012,453
233,2013,0
233,2015,1
233,2016,4
233,2018,1
233,2019,0
234,2000,0
234,2001,0
234,2002,0
234,2003,0
234,2004,0
234,2005,0
234,2006,0
234,2007,0
234,2008,0
234,2009,1
234,2010,1
234,2011,1
234,2012,1
234,2013,1
234,2014,3
234,2015,2
234,2016,2
234,2017,1
234,2018,2
234,2019,1
234,2020,1
236,1961,0
236,1962,0
236,1963,0
236,1964,0
236,1965,0
236,1966,0
236,1967,0
236,1968,0
236,1969,0
236,1970,0
236,1971,0
236,1972,0
236,1973,0
236,1974,0
236,1975,0
236,1976,0
236,1977,0
236,1978,0
236,1979,0
236,1980,0
236,1981,0
236,1982,0
236,1983,0
236,1984,0
236,1985,0
236,1986,0
236,1987,0
236,1988,0
236,1989,0
236,1990,110
236,1991,233
236,1992,313
236,1993,314
236,1994,267
236,1995,311
236,1996,382
236,1997,376
236,1998,650
236,1999,417
236,2000,436
236,2001,501
236,2002,465
236,2003,204
236,2004,226
236,2005,427
236,2006,196
236,2007,173
236,2008,144
236,2009,18
236,2010,105
236,2011,47
236,2012,71
236,2013,113
236,2014,128
236,2015,96
236,2016,103
236,2017,59
236,2018,109
236,2019,8
237,2014,409
237,2015,418
237,2016,119
237,2017,82
237,2018,205
237,2019,283
237,2020,407
238,1998,13
238,1999,29
238,2000,21
238,2001,7
238,2002,33
238,2003,41
238,2004,39
238,2005,1
238,2006,10
238,2007,131
238,2008,48
238,2009,66
238,2010,81
238,2011,88
238,2012,87
238,2013,116
238,2014,159
238,2015,161
238,2016,198
238,2017,158
238,2018,215
238,2019,232
238,2020,280
244,1961,0
244,1962,0
244,1963,0
244,1964,0
244,1965,0
244,1966,10
244,1967,30
244,1968,17
244,1969,12
244,1970,9
244,1971,12
244,1972,12
244,1973,13
244,1974,22
244,1975,0
244,1976,0
244,1977,0
244,1978,0
244,1979,0
244,1980,0
244,1981,0
244,1982,0
244,1983,0
244,1984,0
244,1985,0
244,1986,0
244,1987,0
244,1988,0
244,1989,0
244,1990,0
244,1991,0
244,1992,0
244,1993,0
244,1994,0
244,1995,0
244,1996,0
244,1997,0
244,1998,0
244,1999,0
244,2000,0
244,2001,0
244,2002,0
244,2003,0
244,2004,45
244,2005,19
244,2006,0
244,2007,0
244,2008,1
244,2009,0
244,2010,0
244,2011,0
244,2012,0
244,2013,0
244,2019,0
244,2020,2
249,2004,11
249,2005,10
249,2006,4
249,2007,3
249,2008,16
249,2009,30
249,2010,0
249,2011,52
249,2012,16
249,2013,0
249,2014,14
249,2015,9
249,2020,75
255,2000,1059
255,2001,1065
255,2002,1083
255,2003,694
255,2004,3004
255,2005,2618
255,2006,2295
255,2007,800
255,2008,1402
255,2009,3388
255,2010,1056
255,2011,1311
255,2012,1262
255,2013,1444
255,2014,1471
255,2015,1352
255,2016,1187
255,2017,1710
255,2018,2215
255,2019,2394
255,2020,3241
256,2000,342
256,2001,564
256,2002,121
256,2003,43
256,2004,3
256,2005,5
256,2006,8
256,2007,14
256,2008,878
256,2009,1086
256,2010,824
256,2011,926
256,2012,884
256,2013,744
256,2014,1444
256,2015,697
256,2016,748
256,2017,1043
256,2018,1112
256,2019,989
256,2020,2230
26,2019,20
27,1995,31
27,1996,0
27,1997,0
27,1998,0
27,1999,0
27,2000,0
27,2001,0
27,2002,14
27,2003,0
27,2004,0
27,2005,0
27,2006,1
27,2007,0
27,2008,0
27,2009,0
27,2010,0
27,2011,0
27,2012,0
27,2013,23
27,2015,15
27,2016,2
27,2020,133
28,2014,16
28,2015,49
28,2016,2
28,2018,0
28,2020,0
3,2005,1
3,2006,0
3,2007,0
3,2008,0
3,2009,0
3,2010,0
3,2011,0
3,2012,2
3,2013,2
32,1996,0
32,1997,1
32,1998,0
32,1999,0
32,2000,0
32,2001,0
32,2002,1
32,2003,7
32,2004,13
32,2005,13
32,2006,7
32,2007,8
32,2008,11
32,2009,41
32,2010,24
32,2011,11
32,2012,56
32,2013,135
32,2014,69
32,2015,44
32,2016,15
32,2018,16
32,2019,100
32,2020,91
33,1994,3
33,1995,0
33,1996,0
33,1997,0
33,1998,0
33,1999,0
33,2000,0
33,2001,6
33,2002,0
33,2003,3
33,2004,1
33,2005,2
33,2006,3
33,2007,0
33,2008,1
33,2009,1
33,2010,27
33,2011,3
33,2012,1
33,2013,0
33,2014,4
33,2015,4
33,2016,3
33,2017,21
33,2018,6
33,2019,4
33,2020,5
35,2016,3
351,1961,0
351,1962,0
351,1963,0
351,1964,0
351,1965,0
351,1966,0
351,1967,0
351,1968,0
351,1969,0
351,1970,0
351,1971,0
351,1972,0
351,1973,0
351,1974,0
351,1975,0
351,1976,0
351,1977,0
351,1978,0
351,1979,0
351,1980,0
351,1981,0
351,1982,0
351,1983,0
351,1984,0
351,1985,0
351,1986,0
351,1987,0
351,1988,0
351,1989,0
351,1990,0
351,1991,5
351,1992,109
351,1993,65
351,1994,175
351,1995,165
351,1996,273
351,1997,238
351,1998,233
351,1999,229
351,2000,2422
351,2001,2600
351,2002,3170
351,2003,1425
351,2004,1609
351,2005,1203
351,2006,1168
351,2007,2280
351,2008,188
351,2009,280
351,2010,458
351,2011,1264
351,2012,2027
351,2013,2912
351,2014,6657
351,2015,12364
351,2016,14498
351,2017,14791
351,2018,18906
351,2019,19694
351,2020,15115
38,1961,0
38,1962,0
38,1963,0
38,1964,0
38,1965,0
38,1966,0
38,1967,0
38,1968,0
38,1969,0
38,1970,0
38,1971,0
38,1972,0
38,1973,0
38,1974,0
38,1975,0
38,1976,0
38,1977,0
38,1978,0
38,1979,0
38,1980,0
38,1981,0
38,1982,0
38,1983,0
38,1984,0
38,1985,0
38,1986,0
38,1987,0
38,1988,0
38,1989,0
38,1990,0
38,1991,2
38,1992,8
38,1993,11
38,1994,0
38,1995,9
38,1996,4
38,1997,3
38,1998,3
38,1999,4
38,2000,3
38,2001,91
38,2002,25
38,2003,75
38,2004,36
38,2005,114
38,2006,338
38,2007,391
38,2008,901
38,2009,466
38,2010,733
38,2011,726
38,2012,775
38,2013,1165
38,2014,1844
38,2015,1908
38,2016,2479
38,2017,3492
38,2018,6394
38,2019,7025
38,2020,5806
4,2016,2
40,1996,1
40,1997,0
40,1998,0
40,1999,0
40,2000,0
40,2001,0
40,2002,3
40,2003,0
40,2004,0
40,2005,0
40,2006,0
40,2007,0
40,2008,0
40,2009,0
40,2010,0
40,2011,0
40,2012,0
40,2013,0
40,2017,1
40,2018,0
41,1961,0
41,1962,0
41,1963,0
41,1964,0
41,1965,0
41,1966,0
41,1967,0
41,1968,0
41,1969,0
41,1970,0
41,1971,0
41,1972,0
41,1973,0
41,1974,0
41,1975,0
41,1976,0
41,1977,0
41,1978,0
41,1979,0
41,1980,0
41,1981,0
41,1982,0
41,1983,0
41,1984,0
41,1985,0
41,1986,0
41,1987,0
41,1988,0
41,1989,0
41,1990,0
41,1991,0
41,1992,96
41,1993,58
41,1994,147
41,1995,50
41,1996,31
41,1997,37
41,1998,18
41,1999,0
41,2000,19
41,2001,43
41,2002,139
41,2003,748
41,2004,726
41,2005,981
41,2006,727
41,2007,2041
41,2008,78
41,2009,103
41,2010,85
41,2011,645
41,2012,1774
41,2013,2598
41,2014,6051
41,2015,11939
41,2016,13998
41,2017,14413
41,2018,18515
41,2019,19509
41,2020,15059
44,1961,0
44,1962,0
44,1963,0
44,1964,0
44,1965,0
44,1966,0
44,1967,0
44,1968,0
44,1969,0
44,1970,0
44,1971,0
44,1972,0
44,1973,0
44,1974,0
44,1975,0
44,1976,0
44,1977,0
44,1978,0
44,1979,0
44,1980,0
44,1981,0
44,1982,0
44,1983,0
44,1984,0
44,1985,0
44,1986,1
44,1987,30
44,1988,61
44,1989,33
44,1990,88
44,1991,141
44,1992,325
44,1993,358
44,1994,19
44,1995,13
44,1996,23
44,1997,8
44,1998,142
44,1999,31
44,2000,39
44,2001,264
44,2002,470
44,2003,279
44,2004,319
44,2005,207
44,2006,309
44,2007,725
44,2008,866
44,2009,300
44,2010,318
44,2011,114
44,2012,87
44,2013,106
44,2014,15
44,2015,60
44,2016,51
44,2017,485
44,2018,730
44,2019,711
44,2020,568
47,1961,0
47,1962,0
47,1963,0
47,1964,0
47,1965,0
47,1966,0
47,1967,0
47,1968,0
47,1969,0
47,1970,0
47,1971,0
47,1972,0
47,1973,0
47,1974,0
47,1975,0
47,1976,34
47,1977,25
47,1978,122
47,1979,117
47,1980,111
47,1981,329
47,1982,507
47,1983,497
47,1984,559
47,1985,521
47,1986,553
47,1987,548
47,1988,1107
47,1989,699
47,1990,782
47,1991,680
47,1992,414
47,1993,480
47,1994,300
47,1995,270
47,1996,360
47,1997,200
47,1998,205
47,1999,178
47,2000,164
47,2001,104
47,2002,76
47,2003,286
47,2004,140
47,2005,74
47,2006,129
47,2007,99
47,2008,24
47,2009,5
47,2010,19
47,2011,0
47,2012,0
47,2013,0
48,1961,0
48,1962,0
48,1963,0
48,1964,0
48,1965,0
48,1966,0
48,1967,0
48,1968,0
48,1969,0
48,1970,0
48,1971,0
48,1972,0
48,1973,0
48,1974,0
48,1975,0
48,1976,0
48,1977,0
48,1978,0
48,1979,0
48,1980,0
48,1981,0
48,1982,0
48,1983,100
48,1984,21
48,1985,71
48,1986,395
48,1987,921
48,1988,1475
48,1989,1533
48,1990,1804
48,1991,2269
48,1992,770
48,1993,714
48,1994,1368
48,1995,667
48,1996,2350
48,1997,2649
48,1998,1934
48,1999,1161
48,2000,647
48,2001,356
48,2002,364
48,2003,375
48,2004,482
48,2005,1082
48,2006,1612
48,2007,2525
48,2008,1171
48,2009,976
48,2010,1217
48,2011,1357
48,2012,2154
48,2013,2786
48,2014,3954
48,2015,1681
48,2016,3081
48,2017,2522
48,2018,1454
48,2019,2028
48,2020,1196
49,1999,17
49,2000,7
49,2001,6
49,2002,5
49,2003,94
49,2004,219
49,2005,127
49,2006,36
49,2007,2
49,2008,0
49,2009,2
49,2010,0
49,2011,0
49,2012,0
49,2013,0
49,2014,11
50,1996,1
50,1997,0
50,1998,0
50,1999,0
50,2000,0
50,2001,1
50,2002,0
50,2003,6
50,2004,0
50,2005,0
50,2006,0
50,2007,0
50,2008,0
50,2009,0
50,2010,0
50,2011,0
50,2012,0
50,2013,0
5000,1961,0
5000,1962,0
5000,1963,0
5000,1964,0
5000,1965,1705
5000,1966,1895
5000,1967,2258
5000,1968,2065
5000,1969,2021
5000,1970,1836
5000,1971,1883
5000,1972,1581
5000,1973,3658
5000,1974,6654
5000,1975,7151
5000,1976,6767
5000,1977,10747
5000,1978,10920
5000,1979,12632
5000,1980,18965
5000,1981,6603
5000,1982,6907
5000,1983,7933
5000,1984,7826
5000,1985,6755
5000,1986,11331
5000,1987,16736
5000,1988,24949
5000,1989,30713
5000,1990,34578
5000,1991,39695
5000,1992,40441
5000,1993,48861
5000,1994,54727
5000,1995,65496
5000,1996,78477
5000,1997,70057
5000,1998,108087
5000,1999,95596
5000,2000,111764
5000,2001,124651
5000,2002,130889
5000,2003,162084
5000,2004,201971
5000,2005,184446
5000,2006,180555
5000,2007,184735
5000,2008,183018
5000,2009,193806
5000,2010,187647
5000,2011,191601
5000,2012,210243
5000,2013,226752
5000,2014,257279
5000,2015,262402
5000,2016,271810
5000,2017,272589
5000,2018,292632
5000,2019,296726
5000,2020,311048
5100,1961,0
5100,1962,0
5100,1963,0
5100,1964,0
5100,1965,0
5100,1966,0
5100,1967,0
5100,1968,0
5100,1969,0
5100,1970,0
5100,1971,0
5100,1972,0
5100,1973,0
5100,1974,0
5100,1975,0
5100,1976,0
5100,1977,0
5100,1978,0
5100,1979,0
5100,1980,0
5100,1981,0
5100,1982,0
5100,1983,0
5100,1984,0
5100,1985,0
5100,1986,0
5100,1987,0
5100,1988,55
5100,1989,31
5100,1990,557
5100,1991,988
5100,1992,671
5100,1993,888
5100,1994,1029
5100,1995,801
5100,1996,1663
5100,1997,1328
5100,1998,1436
5100,1999,1978
5100,2000,1782
5100,2001,889
5100,2002,2054
5100,2003,1389
5100,2004,3965
5100,2005,2189
5100,2006,4299
5100,2007,4253
5100,2008,5149
5100,2009,1653
5100,2010,921
5100,2011,686
5100,2012,1528
5100,2013,2113
5100,2014,4427
5100,2015,2943
5100,2016,1739
5100,2017,3575
5100,2018,4657
5100,2019,5506
5100,2020,6648
5101,1961,0
5101,1962,0
5101,1963,0
5101,1964,0
5101,1965,0
5101,1966,0
5101,1967,0
5101,1968,0
5101,1969,0
5101,1970,0
5101,1971,0
5101,1972,0
5101,1973,0
5101,1974,0
5101,1975,0
5101,1976,0
5101,1977,0
5101,1978,0
5101,1979,0
5101,1980,0
5101,1981,0
5101,1982,0
5101,1983,0
5101,1984,0
5101,1985,0
5101,1986,0
5101,1987,0
5101,1988,0
5101,1989,0
5101,1990,21
5101,1991,10
5101,1992,2
5101,1993,1
5101,1994,3
5101,1995,6
5101,1996,0
5101,1997,1
5101,1998,15
5101,1999,33
5101,2000,21
5101,2001,8
5101,2002,35
5101,2003,42
5101,2004,58
5101,2005,17
5101,2006,41
5101,2007,238
5101,2008,70
5101,2009,85
5101,2010,99
5101,2011,99
5101,2012,103
5101,2013,190
5101,2014,229
5101,2015,236
5101,2016,287
5101,2017,1351
5101,2018,2173
5101,2019,3059
5101,2020,3193
5102,1996,0
5102,1997,1
5102,1998,0
5102,1999,0
5102,2000,0
5102,2001,0
5102,2002,1
5102,2003,7
5102,2004,13
5102,2005,13
5102,2006,7
5102,2007,8
5102,2008,11
5102,2009,41
5102,2010,24
5102,2011,11
5102,2012,56
5102,2013,135
5102,2014,69
5102,2015,44
5102,2016,15
5102,2017,0
5102,2018,70
5102,2019,125
5102,2020,458
5103,1961,0
5103,1962,0
5103,1963,0
5103,1964,0
5103,1965,0
5103,1966,0
5103,1967,0
5103,1968,0
5103,1969,0
5103,1970,0
5103,1971,0
5103,1972,0
5103,1973,0
5103,1974,0
5103,1975,0
5103,1976,0
5103,1977,0
5103,1978,0
5103,1979,0
5103,1980,0
5103,1981,0
5103,1982,0
5103,1983,0
5103,1984,0
5103,1985,0
5103,1986,0
5103,1987,0
5103,1988,0
5103,1989,0
5103,1990,34
5103,1991,34
5103,1992,0
5103,1993,0
5103,1994,8
5103,1995,25
5103,1996,0
5103,1997,23
5103,1998,133
5103,1999,0
5103,2000,0
5103,2001,0
5103,2002,36
5103,2003,17
5103,2004,51
5103,2005,19
5103,2006,36
5103,2007,55
5103,2008,455
5103,2009,1
5103,2010,104
5103,2011,23
5103,2012,21
5103,2013,1
5103,2014,5
5103,2015,52
5103,2016,42
5103,2017,58
5103,2018,148
5103,2019,69
5103,2020,262
5104,1961,0
5104,1962,0
5104,1963,0
5104,1964,0
5104,1965,0
5104,1966,0
5104,1967,0
5104,1968,0
5104,1969,0
5104,1970,0
5104,1971,0
5104,1972,0
5104,1973,0
5104,1974,0
5104,1975,0
5104,1976,0
5104,1977,0
5104,1978,0
5104,1979,0
5104,1980,0
5104,1981,0
5104,1982,0
5104,1983,0
5104,1984,0
5104,1985,0
5104,1986,0
5104,1987,0
5104,1988,55
5104,1989,31
5104,1990,16
5104,1991,20
5104,1992,4
5104,1993,67
5104,1994,10
5104,1995,156
5104,1996,200
5104,1997,145
5104,1998,415
5104,1999,366
5104,2000,138
5104,2001,182
5104,2002,85
5104,2003,54
5104,2004,64
5104,2005,66
5104,2006,85
5104,2007,199
5104,2008,188
5104,2009,382
5104,2010,583
5104,2011,505
5104,2012,681
5104,2013,1193
5104,2014,1240
5104,2015,1059
5104,2016,1063
5104,2017,1053
5104,2018,1204
5104,2019,1199
5104,2020,1001
5105,1990,486
5105,1991,924
5105,1992,665
5105,1993,820
5105,1994,1008
5105,1995,614
5105,1996,1463
5105,1997,1158
5105,1998,873
5105,1999,1579
5105,2000,1624
5105,2001,699
5105,2002,1897
5105,2003,1269
5105,2004,3779
5105,2005,2074
5105,2006,4130
5105,2007,3753
5105,2008,4425
5105,2009,1144
5105,2010,111
5105,2011,48
5105,2012,667
5105,2013,594
5105,2014,2884
5105,2015,1552
5105,2016,332
5105,2017,1113
5105,2018,1062
5105,2019,1054
5105,2020,1734
5200,1961,0
5200,1962,0
5200,1963,0
5200,1964,0
5200,1965,1705
5200,1966,1885
5200,1967,2228
5200,1968,2048
5200,1969,2009
5200,1970,1827
5200,1971,1871
5200,1972,1569
5200,1973,3645
5200,1974,6632
5200,1975,7151
5200,1976,6733
5200,1977,10722
5200,1978,10413
5200,1979,12105
5200,1980,18254
5200,1981,5772
5200,1982,5913
5200,1983,6521
5200,1984,5434
5200,1985,4491
5200,1986,7971
5200,1987,10408
5200,1988,14026
5200,1989,17063
5200,1990,18938
5200,1991,21140
5200,1992,24833
5200,1993,28556
5200,1994,34140
5200,1995,43885
5200,1996,56511
5200,1997,48412
5200,1998,87363
5200,1999,61163
5200,2000,71861
5200,2001,79702
5200,2002,80617
5200,2003,106883
5200,2004,139498
5200,2005,133811
5200,2006,126435
5200,2007,133042
5200,2008,130437
5200,2009,150114
5200,2010,144904
5200,2011,136098
5200,2012,154360
5200,2013,168127
5200,2014,187255
5200,2015,190744
5200,2016,193895
5200,2017,182080
5200,2018,199142
5200,2019,200177
5200,2020,199016
5203,1961,0
5203,1962,0
5203,1963,0
5203,1964,0
5203,1965,1705
5203,1966,1885
5203,1967,2225
5203,1968,2041
5203,1969,2004
5203,1970,1810
5203,1971,1839
5203,1972,1538
5203,1973,3583
5203,1974,6597
5203,1975,7137
5203,1976,6710
5203,1977,10700
5203,1978,10365
5203,1979,12080
5203,1980,18228
5203,1981,5726
5203,1982,5064
5203,1983,5096
5203,1984,4296
5203,1985,3094
5203,1986,5801
5203,1987,7402
5203,1988,9807
5203,1989,12631
5203,1990,13680
5203,1991,13131
5203,1992,14131
5203,1993,14299
5203,1994,15413
5203,1995,18628
5203,1996,19984
5203,1997,16730
5203,1998,14374
5203,1999,14196
5203,2000,14422
5203,2001,17249
5203,2002,13604
5203,2003,14246
5203,2004,15918
5203,2005,17304
5203,2006,9473
5203,2007,17715
5203,2008,16776
5203,2009,14457
5203,2010,16399
5203,2011,22080
5203,2012,23477
5203,2013,25917
5203,2014,23278
5203,2015,22522
5203,2016,22516
5203,2017,23540
5203,2018,22151
5203,2019,21179
5203,2020,22834
5204,1961,0
5204,1962,0
5204,1963,0
5204,1964,0
5204,1965,0
5204,1966,0
5204,1967,2
5204,1968,5
5204,1969,0
5204,1970,4
5204,1971,1
5204,1972,1
5204,1973,11
5204,1974,30
5204,1975,10
5204,1976,9
5204,1977,4
5204,1978,19
5204,1979,8
5204,1980,7
5204,1981,26
5204,1982,25
5204,1983,220
5204,1984,21
5204,1985,211
5204,1986,617
5204,1987,1206
5204,1988,1853
5204,1989,2005
5204,1990,2626
5204,1991,3458
5204,1992,4811
5204,1993,6442
5204,1994,9261
5204,1995,13838
5204,1996,24459
5204,1997,17475
5204,1998,56024
5204,1999,26332
5204,2000,33613
5204,2001,36578
5204,2002,39298
5204,2003,56514
5204,2004,91078
5204,2005,80353
5204,2006,81040
5204,2007,72655
5204,2008,68177
5204,2009,93388
5204,2010,87261
5204,2011,65314
5204,2012,81491
5204,2013,91439
5204,2014,105936
5204,2015,113954
5204,2016,117905
5204,2017,108755
5204,2018,119462
5204,2019,128494
5204,2020,130742
5206,1961,0
5206,1962,0
5206,1963,0
5206,1964,0
5206,1965,0
5206,1966,0
5206,1967,1
5206,1968,2
5206,1969,5
5206,1970,13
5206,1971,31
5206,1972,30
5206,1973,51
5206,1974,5
5206,1975,4
5206,1976,14
5206,1977,18
5206,1978,29
5206,1979,17
5206,1980,19
5206,1981,20
5206,1982,15
5206,1983,22
5206,1984,20
5206,1985,72
5206,1986,172
5206,1987,129
5206,1988,186
5206,1989,297
5206,1990,387
5206,1991,1872
5206,1992,2775
5206,1993,3867
5206,1994,5314
5206,1995,7056
5206,1996,6925
5206,1997,6534
5206,1998,6696
5206,1999,6531
5206,2000,5155
5206,2001,6165
5206,2002,4892
5206,2003,5364
5206,2004,3319
5206,2005,2963
5206,2006,3114
5206,2007,4958
5206,2008,3602
5206,2009,4130
5206,2010,3679
5206,2011,4591
5206,2012,7587
5206,2013,5908
5206,2014,6564
5206,2015,5965
5206,2016,6765
5206,2017,6326
5206,2018,6390
5206,2019,2400
5206,2020,2228
5207,1961,0
5207,1962,0
5207,1963,0
5207,1964,0
5207,1965,0
5207,1966,0
5207,1967,0
5207,1968,0
5207,1969,0
5207,1970,0
5207,1971,0
5207,1972,0
5207,1973,0
5207,1974,0
5207,1975,0
5207,1976,0
5207,1977,0
5207,1978,0
5207,1979,0
5207,1980,0
5207,1981,0
5207,1982,809
5207,1983,1183
5207,1984,1097
5207,1985,1114
5207,1986,1381
5207,1987,1671
5207,1988,2180
5207,1989,2130
5207,1990,2245
5207,1991,2679
5207,1992,3116
5207,1993,3948
5207,1994,4152
5207,1995,4363
5207,1996,5143
5207,1997,7673
5207,1998,10269
5207,1999,14104
5207,2000,18671
5207,2001,19710
5207,2002,22823
5207,2003,30759
5207,2004,29183
5207,2005,33191
5207,2006,32808
5207,2007,37714
5207,2008,41882
5207,2009,38139
5207,2010,37565
5207,2011,44113
5207,2012,41805
5207,2013,44863
5207,2014,51477
5207,2015,48303
5207,2016,46709
5207,2017,43459
5207,2018,51139
5207,2019,48104
5207,2020,43212
53,2017,0
53,2018,0
53,2019,0
53,2020,0
5300,1961,0
5300,1962,0
5300,1963,0
5300,1964,0
5300,1965,0
5300,1966,0
5300,1967,0
5300,1968,0
5300,1969,0
5300,1970,0
5300,1971,0
5300,1972,0
5300,1973,0
5300,1974,0
5300,1975,0
5300,1976,0
5300,1977,0
5300,1978,385
5300,1979,410
5300,1980,600
5300,1981,502
5300,1982,487
5300,1983,693
5300,1984,1495
5300,1985,1232
5300,1986,1318
5300,1987,3479
5300,1988,6243
5300,1989,9494
5300,1990,10054
5300,1991,10543
5300,1992,10548
5300,1993,14135
5300,1994,13198
5300,1995,14419
5300,1996,12983
5300,1997,12738
5300,1998,11590
5300,1999,22617
5300,2000,27799
5300,2001,33146
5300,2002,36855
5300,2003,31957
5300,2004,30797
5300,2005,22919
5300,2006,23377
5300,2007,19459
5300,2008,19643
5300,2009,15747
5300,2010,17297
5300,2011,21119
5300,2012,22482
5300,2013,27356
5300,2014,31435
5300,2015,35492
5300,2016,38005
5300,2017,42112
5300,2018,45341
5300,2019,46939
5300,2020,40751
5301,2008,36
5301,2009,0
5301,2010,0
5301,2011,0
5301,2012,0
5301,2013,0
5301,2017,0
5301,2018,0
5301,2020,3
5302,1961,0
5302,1962,0
5302,1963,0
5302,1964,0
5302,1965,0
5302,1966,0
5302,1967,0
5302,1968,0
5302,1969,0
5302,1970,0
5302,1971,0
5302,1972,0
5302,1973,0
5302,1974,0
5302,1975,0
5302,1976,0
5302,1977,0
5302,1978,0
5302,1979,0
5302,1980,0
5302,1981,0
5302,1982,0
5302,1983,0
5302,1984,0
5302,1985,0
5302,1986,0
5302,1987,0
5302,1988,0
5302,1989,0
5302,1990,0
5302,1991,5
5302,1992,109
5302,1993,70
5302,1994,175
5302,1995,165
5302,1996,273
5302,1997,238
5302,1998,233
5302,1999,229
5302,2000,2442
5302,2001,2600
5302,2002,3170
5302,2003,1425
5302,2004,1609
5302,2005,1203
5302,2006,1168
5302,2007,2378
5302,2008,188
5302,2009,284
5302,2010,458
5302,2011,1264
5302,2012,2027
5302,2013,2912
5302,2014,6659
5302,2015,12364
5302,2016,14504
5302,2017,14792
5302,2018,18908
5302,2019,19694
5302,2020,15115
5303,1961,0
5303,1962,0
5303,1963,0
5303,1964,0
5303,1965,0
5303,1966,0
5303,1967,0
5303,1968,0
5303,1969,0
5303,1970,0
5303,1971,0
5303,1972,0
5303,1973,0
5303,1974,0
5303,1975,0
5303,1976,0
5303,1977,0
5303,1978,0
5303,1979,0
5303,1980,0
5303,1981,0
5303,1982,8
5303,1983,0
5303,1984,3
5303,1985,0
5303,1986,0
5303,1987,19
5303,1988,109
5303,1989,102
5303,1990,159
5303,1991,153
5303,1992,152
5303,1993,284
5303,1994,144
5303,1995,101
5303,1996,235
5303,1997,284
5303,1998,825
5303,1999,4826
5303,2000,3610
5303,2001,730
5303,2002,1004
5303,2003,1064
5303,2004,1158
5303,2005,1746
5303,2006,3012
5303,2007,3117
5303,2008,5090
5303,2009,4082
5303,2010,4519
5303,2011,5682
5303,2012,6756
5303,2013,7607
5303,2014,8016
5303,2015,10046
5303,2016,10936
5303,2017,10784
5303,2018,11870
5303,2019,11595
5303,2020,8882
5304,1961,0
5304,1962,0
5304,1963,0
5304,1964,0
5304,1965,0
5304,1966,0
5304,1967,0
5304,1968,0
5304,1969,0
5304,1970,0
5304,1971,0
5304,1972,0
5304,1973,0
5304,1974,0
5304,1975,0
5304,1976,0
5304,1977,0
5304,1978,385
5304,1979,410
5304,1980,600
5304,1981,502
5304,1982,479
5304,1983,693
5304,1984,1493
5304,1985,1232
5304,1986,1318
5304,1987,3458
5304,1988,6096
5304,1989,9351
5304,1990,9828
5304,1991,10301
5304,1992,10242
5304,1993,13739
5304,1994,12786
5304,1995,14069
5304,1996,12416
5304,1997,12175
5304,1998,10486
5304,1999,17509
5304,2000,21727
5304,2001,29798
5304,2002,32583
5304,2003,29451
5304,2004,27992
5304,2005,19894
5304,2006,19063
5304,2007,13859
5304,2008,14239
5304,2009,11273
5304,2010,12146
5304,2011,13902
5304,2012,13183
5304,2013,16690
5304,2014,16249
5304,2015,12863
5304,2016,12211
5304,2017,16321
5304,2018,13844
5304,2019,15142
5304,2020,15661
5305,1961,0
5305,1962,0
5305,1963,0
5305,1964,0
5305,1965,0
5305,1966,0
5305,1967,0
5305,1968,0
5305,1969,0
5305,1970,0
5305,1971,0
5305,1972,0
5305,1973,0
5305,1974,0
5305,1975,0
5305,1976,0
5305,1977,0
5305,1978,0
5305,1979,0
5305,1980,0
5305,1981,0
5305,1982,0
5305,1983,0
5305,1984,0
5305,1985,0
5305,1986,0
5305,1987,2
5305,1988,38
5305,1989,41
5305,1990,67
5305,1991,84
5305,1992,45
5305,1993,42
5305,1994,93
5305,1995,84
5305,1996,59
5305,1997,41
5305,1998,46
5305,1999,53
5305,2000,20
5305,2001,18
5305,2002,98
5305,2003,17
5305,2004,38
5305,2005,76
5305,2006,134
5305,2007,105
5305,2008,90
5305,2009,108
5305,2010,174
5305,2011,271
5305,2012,516
5305,2013,147
5305,2014,511
5305,2015,219
5305,2016,354
5305,2017,215
5305,2018,719
5305,2019,508
5305,2020,1090
54,1961,0
54,1962,0
54,1963,0
54,1964,0
54,1965,0
54,1966,0
54,1967,0
54,1968,0
54,1969,0
54,1970,0
54,1971,0
54,1972,0
54,1973,0
54,1974,0
54,1975,0
54,1976,0
54,1977,0
54,1978,0
54,1979,0
54,1980,0
54,1981,0
54,1982,0
54,1983,4
54,1984,0
54,1985,8
54,1986,5
54,1987,0
54,1988,0
54,1989,0
54,1990,0
54,1991,11
54,1992,1
54,1993,0
54,1994,0
54,1995,0
54,1996,15
54,1997,52
54,1998,27
54,1999,45
54,2000,6
54,2001,20
54,2002,37
54,2003,2
54,2004,66
54,2005,161
54,2006,73
54,2007,14
54,2008,17
54,2009,14
54,2010,15
54,2011,36
54,2012,9
54,2013,5
54,2014,6
54,2015,6
54,2016,12
54,2017,20
54,2018,22
54,2019,17
54,2020,29
5400,1961,0
5400,1962,0
5400,1963,0
5400,1964,0
5400,1965,0
5400,1966,0
5400,1967,0
5400,1968,0
5400,1969,0
5400,1970,0
5400,1971,0
5400,1972,0
5400,1973,0
5400,1974,0
5400,1975,0
5400,1976,0
5400,1977,0
5400,1978,0
5400,1979,0
5400,1980,0
5400,1981,0
5400,1982,0
5400,1983,222
5400,1984,338
5400,1985,511
5400,1986,1489
5400,1987,2301
5400,1988,2585
5400,1989,2608
5400,1990,3656
5400,1991,6243
5400,1992,3831
5400,1993,4637
5400,1994,6014
5400,1995,6101
5400,1996,6835
5400,1997,7258
5400,1998,7452
5400,1999,9659
5400,2000,10156
5400,2001,10801
5400,2002,11284
5400,2003,20909
5400,2004,26875
5400,2005,24825
5400,2006,24895
5400,2007,26611
5400,2008,26866
5400,2009,25747
5400,2010,23705
5400,2011,31433
5400,2012,31573
5400,2013,28617
5400,2014,33242
5400,2015,32463
5400,2016,37701
5400,2017,44192
5400,2018,43182
5400,2019,43450
5400,2020,64176
5401,1995,31
5401,1996,0
5401,1997,0
5401,1998,0
5401,1999,0
5401,2000,2
5401,2001,1
5401,2002,16
5401,2003,4
5401,2004,17
5401,2005,38
5401,2006,42
5401,2007,77
5401,2008,56
5401,2009,43
5401,2010,57
5401,2011,108
5401,2012,110
5401,2013,141
5401,2014,165
5401,2015,307
5401,2016,282
5401,2017,84
5401,2018,184
5401,2019,368
5401,2020,580
5402,1961,0
5402,1962,0
5402,1963,0
5402,1964,0
5402,1965,0
5402,1966,0
5402,1967,0
5402,1968,0
5402,1969,0
5402,1970,0
5402,1971,0
5402,1972,0
5402,1973,0
5402,1974,0
5402,1975,0
5402,1976,0
5402,1977,0
5402,1978,0
5402,1979,0
5402,1980,0
5402,1981,0
5402,1982,0
5402,1983,6
5402,1984,6
5402,1985,42
5402,1986,33
5402,1987,20
5402,1988,22
5402,1989,99
5402,1990,106
5402,1991,351
5402,1992,228
5402,1993,270
5402,1994,119
5402,1995,374
5402,1996,156
5402,1997,1624
5402,1998,90
5402,1999,454
5402,2000,111
5402,2001,75
5402,2002,108
5402,2003,115
5402,2004,451
5402,2005,1304
5402,2006,609
5402,2007,761
5402,2008,849
5402,2009,724
5402,2010,969
5402,2011,1990
5402,2012,2035
5402,2013,1768
5402,2014,1043
5402,2015,173
5402,2016,241
5402,2017,217
5402,2018,359
5402,2019,187
5402,2020,219
5403,1961,0
5403,1962,0
5403,1963,0
5403,1964,0
5403,1965,0
5403,1966,0
5403,1967,0
5403,1968,0
5403,1969,0
5403,1970,0
5403,1971,0
5403,1972,0
5403,1973,0
5403,1974,0
5403,1975,0
5403,1976,0
5403,1977,0
5403,1978,0
5403,1979,0
5403,1980,0
5403,1981,0
5403,1982,0
5403,1983,0
5403,1984,1
5403,1985,1
5403,1986,62
5403,1987,42
5403,1988,33
5403,1989,34
5403,1990,92
5403,1991,34
5403,1992,20
5403,1993,17
5403,1994,33
5403,1995,72
5403,1996,221
5403,1997,368
5403,1998,420
5403,1999,765
5403,2000,787
5403,2001,450
5403,2002,383
5403,2003,757
5403,2004,1462
5403,2005,1040
5403,2006,1022
5403,2007,3215
5403,2008,2375
5403,2009,2020
5403,2010,3079
5403,2011,3201
5403,2012,4329
5403,2013,5065
5403,2014,6484
5403,2015,5173
5403,2016,8933
5403,2017,10440
5403,2018,10112
5403,2019,10574
5403,2020,15611
5404,1961,0
5404,1962,0
5404,1963,0
5404,1964,0
5404,1965,0
5404,1966,0
5404,1967,0
5404,1968,0
5404,1969,0
5404,1970,0
5404,1971,0
5404,1972,0
5404,1973,0
5404,1974,0
5404,1975,0
5404,1976,0
5404,1977,0
5404,1978,0
5404,1979,0
5404,1980,0
5404,1981,0
5404,1982,0
5404,1983,216
5404,1984,331
5404,1985,468
5404,1986,1394
5404,1987,2239
5404,1988,2530
5404,1989,2475
5404,1990,3458
5404,1991,5858
5404,1992,3583
5404,1993,4350
5404,1994,5862
5404,1995,5624
5404,1996,6458
5404,1997,5266
5404,1998,6942
5404,1999,8440
5404,2000,9256
5404,2001,10275
5404,2002,10777
5404,2003,20033
5404,2004,24945
5404,2005,22443
5404,2006,23222
5404,2007,22558
5404,2008,23586
5404,2009,22960
5404,2010,19600
5404,2011,26134
5404,2012,25099
5404,2013,21643
5404,2014,25550
5404,2015,26810
5404,2016,28245
5404,2017,33451
5404,2018,32527
5404,2019,32321
5404,2020,47766
55,1995,28
55,1996,26
55,1997,11
55,1998,67
55,1999,70
55,2000,46
55,2001,35
55,2002,25
55,2003,26
55,2004,19
55,2005,7
55,2006,6
55,2007,9
55,2008,15
55,2009,4
55,2010,21
55,2011,13
55,2012,5
55,2013,2
55,2014,4
55,2015,8
55,2016,6
55,2017,1
55,2018,4
55,2019,10
5500,1961,0
5500,1962,0
5500,1963,0
5500,1964,0
5500,1965,0
5500,1966,10
5500,1967,30
5500,1968,17
5500,1969,12
5500,1970,9
5500,1971,12
5500,1972,12
5500,1973,13
5500,1974,22
5500,1975,0
5500,1976,34
5500,1977,25
5500,1978,122
5500,1979,117
5500,1980,111
5500,1981,329
5500,1982,507
5500,1983,497
5500,1984,559
5500,1985,521
5500,1986,553
5500,1987,548
5500,1988,2040
5500,1989,1517
5500,1990,1373
5500,1991,781
5500,1992,558
5500,1993,645
5500,1994,346
5500,1995,290
5500,1996,485
5500,1997,321
5500,1998,246
5500,1999,179
5500,2000,165
5500,2001,113
5500,2002,79
5500,2003,946
5500,2004,836
5500,2005,702
5500,2006,1549
5500,2007,1370
5500,2008,923
5500,2009,545
5500,2010,820
5500,2011,2265
5500,2012,300
5500,2013,539
5500,2014,920
5500,2015,760
5500,2016,470
5500,2017,630
5500,2018,310
5500,2019,654
5500,2020,457
5501,1961,0
5501,1962,0
5501,1963,0
5501,1964,0
5501,1965,0
5501,1966,0
5501,1967,0
5501,1968,0
5501,1969,0
5501,1970,0
5501,1971,0
5501,1972,0
5501,1973,0
5501,1974,0
5501,1975,0
5501,1976,0
5501,1977,0
5501,1978,0
5501,1979,0
5501,1980,0
5501,1981,0
5501,1982,0
5501,1983,0
5501,1984,0
5501,1985,0
5501,1986,0
5501,1987,0
5501,1988,933
5501,1989,655
5501,1990,155
5501,1991,82
5501,1992,144
5501,1993,165
5501,1994,45
5501,1995,20
5501,1996,35
5501,1997,121
5501,1998,41
5501,1999,1
5501,2000,1
5501,2001,9
5501,2002,3
5501,2003,2
5501,2004,7
5501,2005,5
5501,2006,13
5501,2007,17
5501,2008,6
5501,2009,41
5501,2010,22
5501,2011,17
5501,2012,4
5501,2013,26
5501,2014,51
5501,2015,91
5501,2016,208
5501,2017,39
5501,2018,112
5501,2019,35
5501,2020,23
5502,1961,0
5502,1962,0
5502,1963,0
5502,1964,0
5502,1965,0
5502,1966,0
5502,1967,0
5502,1968,0
5502,1969,0
5502,1970,0
5502,1971,0
5502,1972,0
5502,1973,0
5502,1974,0
5502,1975,0
5502,1976,0
5502,1977,0
5502,1978,0
5502,1979,0
5502,1980,0
5502,1981,0
5502,1982,0
5502,1983,0
5502,1984,0
5502,1985,0
5502,1986,0
5502,1987,0
5502,1988,0
5502,1989,163
5502,1990,436
5502,1991,19
5502,1992,0
5502,1993,0
5502,1994,1
5502,1995,0
5502,1996,90
5502,1997,0
5502,1998,0
5502,1999,0
5502,2000,0
5502,2001,0
5502,2002,0
5502,2003,658
5502,2004,644
5502,2005,604
5502,2006,1407
5502,2007,1254
5502,2008,892
5502,2009,499
5502,2010,779
5502,2011,2248
5502,2012,296
5502,2013,513
5502,2014,869
5502,2015,669
5502,2016,262
5502,2017,574
5502,2018,198
5502,2019,617
5502,2020,432
5503,2019,2
5504,1961,0
5504,1962,0
5504,1963,0
5504,1964,0
5504,1965,0
5504,1966,10
5504,1967,30
5504,1968,17
5504,1969,12
5504,1970,9
5504,1971,12
5504,1972,12
5504,1973,13
5504,1974,22
5504,1975,0
5504,1976,34
5504,1977,25
5504,1978,122
5504,1979,117
5504,1980,111
5504,1981,329
5504,1982,507
5504,1983,497
5504,1984,559
5504,1985,521
5504,1986,553
5504,1987,548
5504,1988,1107
5504,1989,699
5504,1990,782
5504,1991,680
5504,1992,414
5504,1993,480
5504,1994,300
5504,1995,270
5504,1996,360
5504,1997,200
5504,1998,205
5504,1999,178
5504,2000,164
5504,2001,104
5504,2002,76
5504,2003,286
5504,2004,185
5504,2005,93
5504,2006,129
5504,2007,99
5504,2008,25
5504,2009,5
5504,2010,19
5504,2011,0
5504,2012,0
5504,2013,0
5504,2015,0
5504,2016,0
5504,2017,17
5504,2018,0
5504,2019,0
5504,2020,2
56,1961,0
56,1962,0
56,1963,0
56,1964,0
56,1965,0
56,1966,0
56,1967,1
56,1968,2
56,1969,5
56,1970,13
56,1971,31
56,1972,30
56,1973,51
56,1974,5
56,1975,4
56,1976,14
56,1977,18
56,1978,29
56,1979,17
56,1980,19
56,1981,20
56,1982,15
56,1983,22
56,1984,20
56,1985,72
56,1986,172
56,1987,129
56,1988,186
56,1989,297
56,1990,387
56,1991,750
56,1992,463
56,1993,474
56,1994,448
56,1995,298
56,1996,510
56,1997,619
56,1998,690
56,1999,888
56,2000,1489
56,2001,2237
56,2002,1516
56,2003,2061
56,2004,881
56,2005,702
56,2006,511
56,2007,2066
56,2008,1155
56,2009,1160
56,2010,782
56,2011,2129
56,2012,2971
56,2013,2436
56,2014,2549
56,2015,1959
56,2016,2185
56,2017,1828
56,2018,2348
56,2019,307
56,2020,1395
57,2004,0
57,2005,0
57,2006,0
57,2007,0
57,2008,0
57,2009,0
57,2010,0
57,2011,0
57,2012,0
57,2013,0
57,2014,7
57,2015,13
57,2016,0
57,2020,1
5707,1961,0
5707,1962,0
5707,1963,0
5707,1964,0
5707,1965,0
5707,1966,0
5707,1967,0
5707,1968,0
5707,1969,0
5707,1970,0
5707,1971,0
5707,1972,0
5707,1973,0
5707,1974,0
5707,1975,0
5707,1976,0
5707,1977,0
5707,1978,0
5707,1979,0
5707,1980,0
5707,1981,0
5707,1982,0
5707,1983,220
5707,1984,332
5707,1985,477
5707,1986,1461
5707,1987,2286
5707,1988,2563
5707,1989,2525
5707,1990,3549
5707,1991,5896
5707,1992,3607
5707,1993,4397
5707,1994,5942
5707,1995,5791
5707,1996,6684
5707,1997,5688
5707,1998,7367
5707,1999,9356
5707,2000,10082
5707,2001,10747
5707,2002,11208
5707,2003,20795
5707,2004,26495
5707,2005,23753
5707,2006,24418
5707,2007,26157
5707,2008,26453
5707,2009,25385
5707,2010,23417
5707,2011,30912
5707,2012,31271
5707,2013,28415
5707,2014,33024
5707,2015,32347
5707,2016,37591
5707,2017,44123
5707,2018,43060
5707,2019,43408
5707,2020,64127
58,1961,0
58,1962,0
58,1963,0
58,1964,0
58,1965,0
58,1966,0
58,1967,0
58,1968,0
58,1969,0
58,1970,0
58,1971,0
58,1972,0
58,1973,0
58,1974,0
58,1975,0
58,1976,0
58,1977,0
58,1978,0
58,1979,0
58,1980,0
58,1981,0
58,1982,0
58,1983,0
58,1984,0
58,1985,0
58,1986,6
58,1987,14
58,1988,11
58,1989,7
58,1990,16
58,1991,19
58,1992,27
58,1993,0
58,1994,18
58,1995,4
58,1996,12
58,1997,9
58,1998,14
58,1999,66
58,2000,497
58,2001,406
58,2002,202
58,2003,1051
58,2004,2057
58,2005,1902
58,2006,2242
58,2007,2383
58,2008,2236
58,2009,3348
58,2010,3851
58,2011,5002
58,2012,5269
58,2013,2816
58,2014,4248
58,2015,4448
58,2016,3405
58,2017,1495
58,2018,147
58,2019,113
58,2020,34
5801,1994,0
5801,1995,1
5801,1996,10
5801,1997,10
5801,1998,19
5801,1999,113
5801,2000,50
5801,2001,14
5801,2002,37
5801,2003,56
5801,2004,69
5801,2005,32
5801,2006,46
5801,2007,189
5801,2008,78
5801,2009,104
5801,2010,102
5801,2011,151
5801,2012,656
5801,2013,195
5801,2014,519
5801,2015,304
5801,2016,949
5801,2017,2212
5801,2018,3140
5801,2019,3165
5801,2020,4290
5802,1961,0
5802,1962,0
5802,1963,0
5802,1964,0
5802,1965,0
5802,1966,0
5802,1967,0
5802,1968,0
5802,1969,0
5802,1970,0
5802,1971,0
5802,1972,0
5802,1973,0
5802,1974,0
5802,1975,0
5802,1976,0
5802,1977,0
5802,1978,0
5802,1979,0
5802,1980,0
5802,1981,0
5802,1982,0
5802,1983,0
5802,1984,0
5802,1985,0
5802,1986,0
5802,1987,0
5802,1988,0
5802,1989,0
5802,1990,14
5802,1991,7
5802,1992,2
5802,1993,1
5802,1994,84
5802,1995,7
5802,1996,1
5802,1997,2
5802,1998,25
5802,1999,103
5802,2000,64
5802,2001,14
5802,2002,35
5802,2003,57
5802,2004,59
5802,2005,8
5802,2006,52
5802,2007,293
5802,2008,100
5802,2009,86
5802,2010,114
5802,2011,98
5802,2012,585
5802,2013,284
5802,2014,297
5802,2015,305
5802,2016,380
5802,2017,444
5802,2018,486
5802,2019,650
5802,2020,881
5803,1961,0
5803,1962,0
5803,1963,0
5803,1964,0
5803,1965,0
5803,1966,10
5803,1967,31
5803,1968,19
5803,1969,17
5803,1970,22
5803,1971,43
5803,1972,42
5803,1973,64
5803,1974,27
5803,1975,4
5803,1976,48
5803,1977,43
5803,1978,151
5803,1979,135
5803,1980,130
5803,1981,349
5803,1982,523
5803,1983,528
5803,1984,587
5803,1985,611
5803,1986,728
5803,1987,696
5803,1988,1718
5803,1989,3306
5803,1990,3007
5803,1991,3165
5803,1992,4027
5803,1993,6335
5803,1994,6769
5803,1995,7877
5803,1996,8848
5803,1997,8840
5803,1998,9485
5803,1999,10607
5803,2000,13946
5803,2001,11493
5803,2002,13047
5803,2003,17724
5803,2004,21606
5803,2005,17163
5803,2006,20189
5803,2007,19432
5803,2008,15027
5803,2009,19320
5803,2010,17235
5803,2011,20012
5803,2012,15658
5803,2013,16776
5803,2014,14092
5803,2015,13180
5803,2016,9103
5803,2017,7671
5803,2018,7282
5803,2019,3248
5803,2020,2881
5815,1961,0
5815,1962,0
5815,1963,0
5815,1964,0
5815,1965,0
5815,1966,0
5815,1967,0
5815,1968,0
5815,1969,0
5815,1970,0
5815,1971,0
5815,1972,0
5815,1973,0
5815,1974,0
5815,1975,0
5815,1976,0
5815,1977,0
5815,1978,0
5815,1979,0
5815,1980,0
5815,1981,0
5815,1982,0
5815,1983,0
5815,1984,0
5815,1985,0
5815,1986,0
5815,1987,19
5815,1988,104
5815,1989,102
5815,1990,659
5815,1991,1082
5815,1992,811
5815,1993,1094
5815,1994,1156
5815,1995,715
5815,1996,1705
5815,1997,1453
5815,1998,1713
5815,1999,6450
5815,2000,5251
5815,2001,1346
5815,2002,2934
5815,2003,2312
5815,2004,4980
5815,2005,3625
5815,2006,6769
5815,2007,6725
5815,2008,8722
5815,2009,4925
5815,2010,4012
5815,2011,5175
5815,2012,6822
5815,2013,7359
5815,2014,9776
5815,2015,10385
5815,2016,9206
5815,2017,9834
5815,2018,8932
5815,2019,9066
5815,2020,8574
5817,1961,0
5817,1962,0
5817,1963,0
5817,1964,0
5817,1965,0
5817,1966,0
5817,1967,1
5817,1968,2
5817,1969,5
5817,1970,13
5817,1971,31
5817,1972,30
5817,1973,51
5817,1974,5
5817,1975,4
5817,1976,14
5817,1977,18
5817,1978,29
5817,1979,17
5817,1980,19
5817,1981,20
5817,1982,23
5817,1983,22
5817,1984,23
5817,1985,72
5817,1986,172
5817,1987,129
5817,1988,191
5817,1989,297
5817,1990,1024
5817,1991,3068
5817,1992,3761
5817,1993,5014
5817,1994,6599
5817,1995,8025
5817,1996,7823
5817,1997,7047
5817,1998,7633
5817,1999,7521
5817,2000,6043
5817,2001,7016
5817,2002,5791
5817,2003,5950
5817,2004,4398
5817,2005,4596
5817,2006,5359
5817,2007,9071
5817,2008,9364
5817,2009,5859
5817,2010,4860
5817,2011,5616
5817,2012,9158
5817,2013,7602
5817,2014,9174
5817,2015,8480
5817,2016,10460
5817,2017,12295
5817,2018,16293
5817,2019,12746
5817,2020,12579
59,2002,34
59,2003,15
59,2004,51
59,2005,17
59,2006,36
59,2007,55
59,2008,455
59,2009,1
59,2010,104
59,2011,23
59,2012,21
59,2013,1
59,2014,1
59,2015,48
59,2016,31
59,2017,57
59,2018,143
59,2020,4
60,1995,4
60,1996,0
60,1997,0
60,1998,0
60,1999,0
60,2000,0
60,2001,0
60,2002,24
60,2003,0
60,2004,0
60,2005,0
60,2006,0
60,2007,0
60,2008,0
60,2009,0
60,2010,0
60,2011,0
60,2012,0
60,2013,0
60,2014,0
60,2015,0
60,2016,1
60,2017,0
60,2018,0
60,2019,1
61,2017,0
63,2005,0
63,2006,0
63,2007,0
63,2008,0
63,2009,1
63,2010,1
63,2011,1
63,2012,1
63,2013,0
63,2014,0
63,2016,0
63,2017,1
63,2018,1
63,2019,0
63,2020,0
66,1961,0
66,1962,0
66,1963,0
66,1964,0
66,1965,0
66,1966,0
66,1967,0
66,1968,0
66,1969,0
66,1970,0
66,1971,0
66,1972,0
66,1973,0
66,1974,0
66,1975,0
66,1976,0
66,1977,0
66,1978,0
66,1979,0
66,1980,0
66,1981,0
66,1982,0
66,1983,0
66,1984,0
66,1985,0
66,1986,0
66,1987,0
66,1988,0
66,1989,163
66,1990,436
66,1991,19
66,1992,0
66,1993,0
66,1994,1
66,1995,0
66,1996,90
66,1997,0
66,1998,0
66,1999,0
66,2000,0
66,2001,0
66,2002,0
66,2003,658
66,2004,644
66,2005,604
66,2006,1407
66,2007,1254
66,2008,892
66,2009,499
66,2010,779
66,2011,2248
66,2012,296
66,2013,513
66,2014,869
66,2015,669
66,2016,262
66,2017,574
66,2018,198
66,2019,617
66,2020,432
67,1961,0
67,1962,0
67,1963,0
67,1964,0
67,1965,0
67,1966,0
67,1967,0
67,1968,0
67,1969,0
67,1970,0
67,1971,0
67,1972,0
67,1973,0
67,1974,0
67,1975,0
67,1976,0
67,1977,0
67,1978,0
67,1979,0
67,1980,0
67,1981,0
67,1982,0
67,1983,0
67,1984,0
67,1985,0
67,1986,0
67,1987,0
67,1988,0
67,1989,0
67,1990,3
67,1991,1
67,1992,1
67,1993,27
67,1994,45
67,1995,42
67,1996,1
67,1997,1
67,1998,1
67,1999,0
67,2000,0
67,2001,0
67,2002,0
67,2003,0
67,2004,0
67,2005,0
67,2006,0
67,2007,0
67,2008,0
67,2009,0
67,2010,0
67,2011,1
67,2012,1
67,2013,1
67,2014,1
67,2015,0
67,2016,5
67,2017,5
67,2018,15
67,2019,11
67,2020,2
68,1961,0
68,1962,0
68,1963,0
68,1964,0
68,1965,0
68,1966,0
68,1967,0
68,1968,0
68,1969,0
68,1970,0
68,1971,0
68,1972,0
68,1973,0
68,1974,0
68,1975,0
68,1976,0
68,1977,0
68,1978,0
68,1979,0
68,1980,0
68,1981,0
68,1982,0
68,1983,17
68,1984,21
68,1985,12
68,1986,55
68,1987,52
68,1988,303
68,1989,219
68,1990,456
68,1991,2629
68,1992,348
68,1993,712
68,1994,461
68,1995,294
68,1996,283
68,1997,581
68,1998,767
68,1999,722
68,2000,487
68,2001,1006
68,2002,2160
68,2003,1201
68,2004,2802
68,2005,3284
68,2006,3438
68,2007,3766
68,2008,3727
68,2009,2038
68,2010,1491
68,2011,2221
68,2012,2390
68,2013,568
68,2014,643
68,2015,647
68,2016,835
68,2017,1097
68,2018,799
68,2019,1047
68,2020,5233
7,2017,0
7,2018,54
7,2019,25
7,2020,367
70,2016,0
70,2017,0
70,2018,0
70,2019,0
73,2014,1
73,2015,0
73,2016,0
73,2017,0
73,2018,0
73,2019,1
73,2020,0
74,2015,0
79,1961,0
79,1962,0
79,1963,0
79,1964,0
79,1965,0
79,1966,0
79,1967,0
79,1968,0
79,1969,0
79,1970,0
79,1971,0
79,1972,0
79,1973,0
79,1974,0
79,1975,0
79,1976,0
79,1977,0
79,1978,0
79,1979,0
79,1980,0
79,1981,0
79,1982,0
79,1983,45
79,1984,67
79,1985,71
79,1986,143
79,1987,239
79,1988,326
79,1989,320
79,1990,425
79,1991,375
79,1992,395
79,1993,254
79,1994,216
79,1995,180
79,1996,710
79,1997,665
79,1998,651
79,1999,652
79,2000,686
79,2001,591
79,2002,542
79,2003,913
79,2004,1881
79,2005,1917
79,2006,1336
79,2007,1029
79,2008,944
79,2009,785
79,2010,667
79,2011,2036
79,2012,998
79,2013,1028
79,2014,2043
79,2015,2222
79,2016,3068
79,2017,3876
79,2018,5384
79,2019,6136
79,2020,7529
8,2012,1
8,2013,0
81,1996,957
81,1997,1041
81,1998,736
81,1999,1040
81,2000,1217
81,2001,463
81,2002,1590
81,2003,1044
81,2004,3108
81,2005,1171
81,2006,2613
81,2007,548
81,2008,280
81,2009,25
81,2010,0
81,2011,0
81,2012,120
81,2013,556
81,2014,2845
81,2015,1523
81,2016,125
81,2017,899
81,2018,985
81,2019,985
81,2020,1714
84,1993,0
84,1994,0
84,1995,0
84,1996,0
84,1997,0
84,1998,0
84,1999,5
84,2000,0
84,2001,10
84,2002,0
84,2003,0
84,2004,0
84,2005,0
84,2006,0
84,2007,0
84,2008,2
84,2009,0
84,2010,0
84,2011,0
84,2012,104
84,2013,11
84,2014,97
84,2015,106
84,2016,6
84,2017,93
84,2018,30
84,2019,7
84,2020,481
86,2018,3
89,1993,12
89,1994,79
89,1995,57
89,1996,80
89,1997,142
89,1998,258
89,1999,582
89,2000,658
89,2001,716
89,2002,726
89,2003,477
89,2004,372
89,2005,1634
89,2006,790
89,2007,1372
89,2008,2108
89,2009,2038
89,2010,3603
89,2011,4472
89,2012,8315
89,2013,12391
89,2014,10351
89,2015,18816
89,2016,22309
89,2017,25402
89,2018,27520
89,2019,30776
89,2020,30041
90,2019,0
90,2020,1
91,1999,6
91,2000,1
91,2001,26
91,2002,48
91,2003,4
91,2004,15
91,2005,15
91,2006,19
91,2007,18
91,2008,14
91,2009,14
91,2010,94
91,2011,55
91,2012,17
91,2013,16
91,2014,24
91,2015,19
91,2016,52
91,2017,14
91,2018,6
91,2019,0
91,2020,0
93,1996,10
93,1997,10
93,1998,1
93,1999,16
93,2002,0
93,2003,0
93,2004,0
93,2005,0
93,2006,0
93,2007,0
93,2008,0
93,2009,0
93,2010,0
93,2011,0
93,2012,0
93,2013,0
93,2020,0
95,1993,2
95,1994,2
95,1995,6
95,1996,6
95,1997,0
95,1998,5
95,1999,7
95,2000,7
95,2001,7
95,2002,0
95,2003,1
95,2004,3
95,2005,0
95,2006,0
95,2007,2
95,2008,19
95,2009,3
95,2010,10
95,2011,7
95,2012,1
95,2013,25
95,2014,6
95,2015,3
95,2016,9
95,2020,20
96,1961,0
96,1962,0
96,1963,0
96,1964,0
96,1965,0
96,1966,0
96,1967,0
96,1968,0
96,1969,0
96,1970,0
96,1971,0
96,1972,0
96,1973,0
96,1974,0
96,1975,0
96,1976,0
96,1977,0
96,1978,0
96,1979,0
96,1980,0
96,1981,0
96,1982,0
96,1983,0
96,1984,0
96,1985,0
96,1986,0
96,1987,0
96,1988,0
96,1989,0
96,1990,0
96,1991,5
96,1992,13
96,1993,7
96,1994,25
96,1995,115
96,1996,242
96,1997,201
96,1998,212
96,1999,220
96,2000,2399
96,2001,2555
96,2002,2985
96,2003,545
96,2004,792
96,2005,78
96,2006,183
96,2007,3
96,2008,13
96,2009,13
96,2010,34
96,2011,77
96,2012,45
96,2013,3
96,2014,137
96,2015,65
96,2016,24
96,2017,18
96,2018,15
96,2019,8
96,2020,6
97,2010,0
97,2011,0
97,2012,1
97,2013,1
97,2014,3
97,2015,2
97,2016,5
97,2017,2
97,2019,148
97,2020,192
98,2000,0
98,2001,0
98,2002,0
98,2003,0
98,2004,0
98,2005,0
98,2006,0
98,2007,0
98,2008,0
98,2009,0
98,2010,0
98,2011,0
98,2012,0
98,2013,1
98,2014,5
98,2015,0
98,2016,0
98,2017,0
98,2018,0
99,2000,0
99,2001,0
99,2002,0
99,2003,0
99,2004,0
99,2005,0
99,2006,0
99,2007,0
99,2008,0
99,2009,0
99,2010,0
99,2011,0
99,2012,0
99,2013,1
99,2014,1
99,2016,0
99,2018,0
99,2020,0
