geo,year,vegetables_leguminous_nes_gross_production_value_constant_2014_2016_thousand_i_vop
102,1990,4641
103,1961,20348
103,1962,21071
103,1963,24028
103,1964,13931
103,1965,18565
103,1966,26927
103,1967,28525
103,1968,32788
103,1969,32275
103,1970,31709
103,1971,45980
103,1972,39510
103,1973,47258
103,1974,42437
103,1975,37148
103,1976,45052
103,1977,43613
103,1978,32256
103,1979,34763
103,1980,43071
103,1981,44835
103,1982,38894
103,1983,41308
103,1984,47016
103,1985,43350
103,1986,70409
103,1987,71290
103,1988,73704
103,1989,64421
103,1990,71105
103,1991,27941
103,1992,48734
103,1993,51054
103,1994,50126
103,1995,50590
103,1996,49662
103,1997,48734
103,1998,48585
103,1999,39451
103,2000,34810
103,2001,32489
103,2002,26920
103,2003,66835
103,2004,75189
103,2005,90505
103,2006,96075
103,2007,81324
103,2008,79342
103,2009,66986
103,2010,65230
103,2011,71678
103,2012,53211
103,2013,55643
103,2014,50216
103,2015,36442
103,2016,23142
103,2017,28064
103,2018,11933
103,2019,17918
104,1981,46
104,1982,70
104,1983,81
104,1984,39
104,1985,53
104,1986,43
104,1987,46
104,1988,46
104,1992,46
104,2006,0
104,2007,0
104,2008,0
104,2009,0
104,2010,0
104,2011,0
104,2012,0
104,2013,0
104,2014,0
104,2015,1
104,2016,1
104,2017,1
105,1961,255
105,1962,395
105,1963,418
105,1964,441
105,1965,719
105,1966,859
105,1967,650
105,1968,557
105,1969,441
105,1970,719
105,1971,719
105,1972,743
105,1973,557
105,1974,557
105,1975,418
105,1976,325
105,1977,348
105,1978,278
105,1979,395
105,1980,278
105,1981,348
105,1982,464
105,1983,399
105,1984,297
105,1985,302
105,1986,255
105,1987,232
105,1988,186
105,1989,158
105,1990,176
105,1991,170
105,1992,158
105,1993,135
105,1994,135
105,1995,135
105,1996,139
105,1997,139
105,1998,139
105,1999,139
105,2000,139
105,2001,141
105,2002,142
105,2003,143
105,2004,143
105,2005,143
105,2006,144
105,2007,144
105,2008,160
105,2009,181
105,2010,199
105,2011,215
105,2012,221
105,2013,199
105,2014,181
105,2015,102
105,2016,158
105,2017,165
105,2018,213
105,2019,254
106,1961,50590
106,1962,58434
106,1963,54396
106,1964,55231
106,1965,63818
106,1966,54396
106,1967,58573
106,1968,49383
106,1969,58016
106,1970,54350
106,1971,53375
106,1972,52493
106,1973,47620
106,1974,53561
106,1975,54535
106,1976,56299
106,1977,53746
106,1978,60198
106,1979,57923
106,1980,62193
106,1981,61683
106,1982,56902
106,1983,56206
106,1984,55696
106,1985,54210
106,1986,51936
106,1987,50126
106,1988,47527
106,1989,43767
106,1990,41818
106,1991,51750
106,1992,49675
106,1993,42212
106,1994,40315
106,1995,39683
106,1996,41985
106,1997,37945
106,1998,37519
106,1999,33742
106,2000,33857
106,2001,30087
106,2002,27682
106,2003,25575
106,2004,26833
106,2005,24968
106,2006,27379
106,2007,27430
106,2008,26780
106,2009,23730
106,2010,25774
106,2011,22265
106,2012,18867
106,2013,26280
106,2014,23927
106,2015,21595
106,2016,21560
106,2017,21027
106,2018,21025
106,2019,22209
108,1992,1392
108,1993,1624
108,1994,1857
108,1995,2321
108,1996,2321
108,1997,2321
108,1998,2785
108,1999,3620
108,2000,4177
108,2001,4827
108,2002,5105
108,2003,5337
108,2004,5969
108,2005,6219
108,2006,5894
108,2007,6266
108,2008,13321
108,2009,13460
108,2010,9283
108,2011,9840
108,2012,11835
108,2013,13924
108,2014,16709
108,2015,16245
108,2016,16514
108,2017,18338
108,2018,17170
108,2019,17785
11,1995,118
11,1996,66
11,1997,56
11,1998,54
11,1999,86
11,2000,104
11,2001,103
11,2002,98
11,2003,16
11,2004,113
11,2005,89
11,2006,83
11,2007,66
11,2008,78
11,2009,157
11,2010,304
11,2011,293
11,2012,125
11,2013,28
11,2014,147
11,2015,44
11,2016,321
11,2017,257
110,1961,28080
110,1962,29797
110,1963,14574
110,1964,23439
110,1965,22557
110,1966,23021
110,1967,17405
110,1968,18890
110,1969,17869
110,1970,12996
110,1971,2337
110,1972,2321
110,1973,2785
110,1974,3713
110,1975,4641
110,1976,5570
110,1977,6498
110,1978,6962
110,1979,7426
110,1980,7890
110,1981,8354
110,1982,9236
110,1983,7426
110,1984,6962
110,1985,5570
110,1986,4641
110,1987,3713
110,1988,2321
110,1989,928
110,2003,9515
110,2004,10814
110,2005,10675
110,2006,9422
110,2007,9979
110,2008,9793
110,2009,9097
110,2010,9097
110,2011,8633
110,2012,7937
110,2013,8354
110,2014,8262
110,2015,7797
110,2016,6823
110,2017,7194
110,2018,6730
110,2019,6434
112,1961,7612
112,1962,6034
112,1963,7751
112,1964,7519
112,1965,6405
112,1966,6211
112,1967,6309
112,1968,4031
112,1969,2646
112,1970,1439
112,1971,1708
112,1972,2367
112,1973,835
112,1974,1579
112,1975,2618
112,1976,3344
112,1977,3791
112,1978,4794
112,1979,3796
112,1980,5013
112,1981,1632
112,1982,1773
112,1983,1671
112,1984,2202
112,1985,2831
112,1986,2050
112,1987,3287
112,1988,1872
112,1989,2519
112,1990,2515
112,1991,1050
112,1992,2630
112,1993,715
112,1994,915
112,1995,1477
112,1996,2887
112,1997,1787
112,1998,3058
112,1999,3125
112,2000,4206
112,2001,6448
112,2002,8457
112,2003,4059
112,2004,7054
112,2005,7238
112,2006,5298
112,2007,2875
112,2008,3970
112,2009,6736
112,2010,9816
112,2011,9470
112,2012,6317
112,2013,10755
112,2014,4768
112,2015,5406
112,2016,25319
112,2017,4050
112,2018,6379
112,2019,7676
113,1992,46
113,1993,46
113,1994,46
113,1995,46
113,1996,46
113,1997,46
113,1998,46
113,1999,46
113,2000,46
113,2001,46
113,2002,46
113,2003,46
113,2004,46
113,2005,46
113,2006,46
113,2007,46
113,2008,418
113,2009,418
113,2010,650
113,2011,464
113,2012,1439
113,2013,1624
113,2014,418
113,2015,464
113,2016,566
113,2017,734
113,2018,753
113,2019,781
114,1994,23
114,1995,26
114,1996,27
114,1997,28
114,1998,13
114,1999,14
114,2000,19
114,2001,56
114,2002,74
114,2003,116
114,2004,232
114,2005,464
114,2006,812
114,2007,1160
114,2008,1339
114,2009,856
114,2010,445
114,2011,580
114,2012,827
114,2013,655
114,2014,584
114,2015,679
114,2016,666
114,2017,678
114,2018,690
114,2019,702
118,1975,17
118,1976,24
118,1977,19
118,1978,14
118,1979,12
118,1980,42
118,1981,32
118,1982,70
118,1983,139
118,1984,292
118,1985,148
118,1986,190
118,1987,395
118,1988,626
118,1989,395
118,1990,202
118,1991,64
118,1992,116
118,1993,40
118,1994,145
118,1995,148
118,1996,205
118,1997,166
118,1998,274
118,1999,186
118,2000,356
118,2001,233
118,2002,156
118,2003,191
118,2004,213
118,2005,273
118,2006,366
118,2007,501
118,2008,492
118,2009,572
118,2010,819
118,2011,482
118,2012,356
118,2013,473
118,2014,182
118,2015,97
118,2016,33
118,2017,58
118,2018,74
118,2019,81
121,1961,3713
121,1962,3945
121,1963,2553
121,1964,2785
121,1965,5013
121,1966,3806
121,1967,4849
121,1968,2363
121,1969,2536
121,1970,2932
121,1971,2092
121,1972,2234
121,1973,1690
121,1974,1671
121,1975,1671
121,1976,1671
121,1977,1671
121,1978,1671
121,1979,1857
121,1980,2321
121,1981,2785
121,1982,3249
121,1983,3481
121,1984,3713
121,1985,4177
121,1986,4641
121,1987,5337
121,1988,6034
121,1989,6498
121,1990,6962
121,1991,7755
121,1992,8514
121,1993,8586
121,1994,8818
121,1995,9283
121,1996,10162
121,1997,5823
121,1998,7705
121,1999,6127
121,2000,4177
121,2001,4920
121,2002,6312
121,2003,6034
121,2004,6683
121,2005,7240
121,2006,5616
121,2007,6869
121,2008,6962
121,2009,5013
121,2010,6041
121,2011,6212
121,2012,6068
121,2013,6074
121,2014,6498
121,2015,6398
121,2016,6951
121,2017,7749
121,2018,6910
121,2019,6317
124,1961,46
124,1962,5
124,1963,93
124,1964,116
124,1965,9
124,1966,46
124,1967,70
124,1968,93
124,1969,116
124,1970,139
124,1971,1055
124,1972,1707
124,1973,2715
124,1974,3075
124,1975,2871
124,1976,2853
124,1977,736
124,1978,1694
124,1979,2038
124,1980,2344
124,1981,2553
124,1982,2136
124,1983,2617
124,1984,2887
124,1985,3945
124,1986,4641
124,1987,5570
124,1988,6034
124,1989,6034
124,1990,6498
124,1991,6962
124,1992,6498
124,1993,6266
124,1994,6034
124,1995,6083
124,1996,5941
124,1997,6034
124,1998,6266
124,1999,6498
124,2000,6869
124,2001,6888
124,2002,6962
124,2003,7115
124,2004,7242
124,2005,7422
124,2006,7584
124,2007,7638
124,2008,7910
124,2009,8056
124,2010,8586
124,2011,8528
124,2012,8586
124,2013,8738
124,2014,8866
124,2015,8891
124,2016,9003
124,2017,9109
124,2018,9214
124,2019,9320
126,2003,137
126,2004,75
126,2005,121
126,2006,39
126,2007,96
126,2008,127
126,2009,99
126,2010,135
126,2011,171
126,2012,215
126,2013,209
126,2014,188
126,2018,56
126,2019,19
130,1990,139
130,1991,121
130,1992,116
130,1993,139
130,1994,116
130,1995,139
130,1996,162
130,1997,93
130,1998,162
130,1999,176
130,2000,186
130,2001,205
130,2002,219
130,2003,233
130,2004,247
130,2005,260
130,2006,290
130,2007,307
130,2008,323
130,2009,341
130,2010,358
130,2011,375
130,2012,418
130,2013,411
130,2014,397
130,2015,595
130,2016,602
130,2017,607
130,2018,612
130,2019,628
134,1961,464
134,1962,464
134,1963,464
134,1964,464
134,1965,464
134,1966,431
134,1967,369
134,1968,367
134,1969,328
134,1970,420
134,1971,328
134,1972,334
134,1973,338
134,1974,318
134,1975,356
134,1976,440
134,1977,300
134,1978,323
134,1979,408
134,1980,413
134,1981,288
134,1982,362
134,1983,398
134,1984,371
134,1985,371
134,1986,371
134,1987,371
134,1988,371
134,1989,348
134,1990,329
134,1991,660
134,1992,677
134,1993,694
134,1994,700
134,1995,590
134,1996,557
134,1997,765
134,1998,646
134,1999,712
134,2000,691
134,2001,416
134,2002,622
134,2003,536
134,2004,1130
134,2005,1572
134,2006,1446
134,2007,1258
134,2008,1637
134,2009,1427
134,2010,1174
134,2011,1192
134,2012,1176
134,2013,1035
134,2014,1428
134,2015,1165
134,2016,714
134,2017,1239
134,2018,9
134,2019,9
138,1981,24035
138,1986,21209
138,1987,20162
138,1988,13576
138,1989,11506
138,1990,14790
138,1991,10572
138,1992,15451
138,1993,21641
138,1994,19708
138,1995,18703
138,1996,25840
138,1997,24848
138,1998,23172
138,1999,27048
138,2000,24695
138,2001,24397
138,2002,27024
138,2003,24967
138,2004,26333
138,2005,23479
138,2006,23491
138,2007,28721
138,2008,25608
138,2009,29372
138,2010,26818
138,2011,26685
138,2012,30874
138,2013,28314
138,2014,38132
138,2015,37739
138,2016,38137
138,2017,35347
138,2018,34917
138,2019,33318
143,1961,15316
143,1962,13924
143,1963,38987
143,1964,36666
143,1965,15780
143,1966,22742
143,1967,10675
143,1968,11603
143,1969,11603
143,1970,11603
143,1971,7240
143,1972,9310
143,1973,5300
143,1974,5337
143,1975,5384
143,1976,5570
143,1977,6034
143,1978,6962
143,1979,8354
143,1980,9283
143,1981,11603
143,1982,12996
143,1983,13924
143,1984,16245
143,1985,17637
143,1986,19029
143,1987,20886
143,1988,21675
143,1989,27111
143,1990,44900
143,1991,29015
143,1992,38015
143,1993,36202
143,1994,38281
143,1995,35142
143,1996,39219
143,1997,42189
143,1998,40565
143,1999,55324
143,2000,45972
143,2001,44329
143,2002,48186
143,2003,65315
143,2004,80424
143,2005,38131
143,2006,65245
143,2007,64071
143,2008,54034
143,2009,68213
143,2010,100241
143,2011,49266
143,2012,54645
143,2013,71669
143,2014,72893
143,2015,72978
143,2016,54245
143,2017,49086
143,2018,65908
143,2019,39888
150,1961,7618
150,1962,9326
150,1963,8073
150,1964,6502
150,1965,6168
150,1966,4770
150,1967,8324
150,1968,8637
150,1969,7777
150,1970,6892
150,1971,10739
150,1972,11882
150,1973,8494
150,1974,9840
150,1975,9413
150,1976,6962
150,1977,6591
150,1978,5941
150,1979,6266
150,1980,6498
150,1981,6498
150,1982,6034
150,1983,5105
150,1984,5570
150,1985,5848
150,1986,5755
150,1987,5105
150,1988,3713
150,1989,3899
150,1990,4781
150,1991,5013
150,1992,3992
150,1993,6080
150,1994,6034
150,1995,5802
150,1996,6266
150,1997,8308
150,1998,2785
150,1999,2321
150,2000,1857
150,2001,2506
150,2002,2785
150,2003,2785
150,2004,2553
150,2005,1857
150,2006,1857
150,2007,1857
150,2008,3481
150,2009,2785
150,2010,3249
150,2011,4177
150,2012,1624
150,2013,1532
150,2014,1624
150,2015,1624
150,2016,1624
150,2017,1485
150,2018,1750
150,2019,2381
156,1961,557
156,1962,520
156,1963,603
156,1964,928
156,1965,928
156,1966,696
156,1967,696
156,1968,696
156,1969,93
156,1970,93
156,1971,177
156,1972,336
156,1973,292
156,1974,273
156,1975,198
156,1976,753
156,1977,622
156,1978,956
156,1979,671
156,1980,409
156,1981,453
156,1982,565
156,1983,650
156,1984,1021
156,1985,1253
156,1986,1485
156,1987,1346
156,1988,1439
156,1989,1439
156,1990,1300
156,1991,928
156,1992,696
156,1993,371
156,1994,278
156,1995,302
156,1996,371
156,1997,418
156,1998,464
156,1999,464
156,2000,464
156,2001,464
156,2002,464
156,2003,464
156,2004,464
156,2005,345
156,2006,334
156,2007,322
156,2008,309
156,2009,297
156,2010,285
156,2011,272
156,2012,262
156,2013,257
156,2014,251
156,2015,264
156,2016,260
156,2017,256
156,2018,252
156,2019,248
158,1990,464
158,1991,928
158,1992,1392
158,1993,1661
158,1994,1857
158,1995,1884
158,1996,1904
158,1997,1913
158,1998,1949
158,1999,2006
158,2000,2089
158,2001,2109
158,2002,2121
158,2003,2135
158,2004,2160
158,2005,2189
158,2006,2200
158,2007,2180
158,2008,2205
158,2009,2228
158,2010,2274
158,2011,2451
158,2012,2692
158,2013,2919
158,2014,3138
158,2015,2929
158,2016,3037
158,2017,3121
158,2018,3187
158,2019,3239
167,1995,14
167,1996,23
167,1997,51
167,1998,93
167,1999,46
167,2000,93
167,2001,46
167,2002,83
167,2003,149
167,2004,139
167,2005,186
167,2006,159
167,2007,157
167,2008,156
167,2009,156
167,2010,155
167,2011,155
167,2012,151
167,2013,161
167,2014,167
167,2015,171
167,2016,171
167,2017,173
170,1961,8354
170,1962,8586
170,1963,8818
170,1964,9283
170,1965,9323
170,1966,7826
170,1967,9111
170,1968,8711
170,1969,9306
170,1970,11171
170,1971,11509
170,1972,12236
170,1973,11797
170,1974,12594
170,1975,15469
170,1976,15583
170,1977,16949
170,1978,15855
170,1979,15365
170,1980,15624
170,1981,18375
170,1982,20782
170,1983,17688
170,1984,19511
170,1985,15776
170,1986,19628
170,1987,16499
170,1988,18848
170,1989,14544
170,1990,12317
170,1991,15626
170,1992,9001
170,1993,15671
170,1994,19975
170,1995,19751
170,1996,28835
170,1997,25457
170,1998,29979
170,1999,30200
170,2000,31218
170,2001,30379
170,2002,30689
170,2003,28693
170,2004,26078
170,2005,24430
170,2006,26536
170,2007,27489
170,2008,29877
170,2009,30169
170,2010,30543
170,2011,29728
170,2012,30376
170,2013,31849
170,2014,31713
170,2015,33066
170,2016,29863
170,2017,32167
170,2018,37376
170,2019,33897
173,1990,4641
173,1991,5013
173,1992,3945
173,1993,5105
173,1994,4456
173,1995,4873
173,1996,4548
173,1997,4409
173,1998,3713
173,1999,4641
173,2000,4873
173,2001,4641
173,2002,3319
173,2003,4246
173,2004,5670
173,2005,5255
173,2006,4403
173,2007,4886
173,2008,4263
173,2009,5557
173,2010,5299
173,2011,5005
173,2012,4361
173,2013,4980
173,2014,7181
173,2015,5739
173,2016,7340
173,2017,8850
173,2018,6567
173,2019,5894
174,1961,18565
174,1962,23206
174,1963,20886
174,1964,18565
174,1965,18565
174,1966,17637
174,1967,17637
174,1968,17173
174,1969,17173
174,1970,16709
174,1971,16709
174,1972,16709
174,1973,16709
174,1974,16709
174,1975,16709
174,1976,16709
174,1977,15780
174,1978,16245
174,1979,16709
174,1980,16709
174,1981,16709
174,1982,16709
174,1983,16709
174,1984,16709
174,1985,16709
174,1986,16709
174,1987,16709
174,1988,16709
174,1989,16709
174,1990,13924
174,1991,14402
174,1992,14404
174,1993,14403
174,1994,14400
174,1995,14393
174,1996,14380
174,1997,14362
174,1998,14335
174,1999,14325
174,2000,14261
174,2001,14192
174,2002,14104
174,2003,13992
174,2004,13850
174,2005,13673
174,2006,14852
174,2007,12996
174,2008,13228
174,2009,11419
174,2010,10480
174,2011,8643
174,2012,8517
174,2013,5569
174,2014,7923
174,2015,5914
174,2016,6469
174,2017,6769
174,2018,3068
174,2019,3068
181,1990,93
181,1991,139
181,1992,186
181,1993,278
181,1994,232
181,1995,232
181,1996,325
181,1997,232
181,1998,209
181,1999,209
181,2000,186
181,2001,200
181,2002,186
181,2003,226
181,2004,232
181,2005,258
181,2006,273
181,2007,286
181,2008,299
181,2009,312
181,2010,325
181,2011,338
181,2012,371
181,2013,371
181,2014,367
181,2015,367
181,2016,376
181,2017,384
181,2018,391
181,2019,398
183,2008,232
183,2009,186
183,2010,302
183,2011,302
183,2012,298
183,2013,319
183,2014,331
183,2015,350
183,2016,346
183,2017,359
183,2018,9
183,2019,5
185,2000,139
185,2001,139
185,2002,232
185,2003,162
185,2004,139
185,2005,139
185,2006,139
185,2007,139
185,2008,139
185,2009,139
185,2010,139
185,2011,186
185,2012,186
185,2013,139
185,2014,139
185,2015,139
185,2016,154
185,2017,174
185,2018,159
185,2019,154
19,1961,17173
19,1962,17173
19,1963,17173
19,1964,16245
19,1965,16245
19,1966,16245
19,1967,15316
19,1968,15316
19,1969,9283
19,1970,15780
19,1971,15780
19,1972,19029
19,1973,21350
19,1974,20886
19,1975,21350
19,1976,25471
19,1977,24562
19,1978,21577
19,1979,16491
19,1980,17233
19,1981,25021
19,1982,20886
19,1983,6875
19,1984,21614
19,1985,23451
19,1986,22441
19,1987,25991
19,1988,22441
19,1989,24469
19,1990,21283
19,1991,17225
19,1992,14369
19,1993,16375
19,1994,17804
19,1995,16905
19,1996,19589
19,1997,21967
19,1998,18802
19,1999,20727
19,2000,22523
19,2001,22715
19,2002,23725
19,2003,24146
19,2004,24984
19,2005,25556
19,2006,25421
19,2007,25431
19,2008,25352
19,2009,26650
19,2010,27144
19,2011,27756
19,2012,26448
19,2013,26856
19,2014,18029
19,2015,17250
19,2016,17465
19,2017,17823
19,2018,18560
19,2019,18759
199,1993,186
199,1994,93
199,1995,114
199,1996,110
199,1997,108
199,1998,107
199,1999,107
199,2000,105
199,2001,104
199,2002,105
199,2003,109
199,2004,107
199,2005,107
199,2006,102
199,2007,93
199,2008,96
199,2009,93
199,2010,92
199,2011,91
199,2012,81
199,2013,84
199,2014,86
199,2015,86
199,2016,86
199,2017,85
203,1961,51518
203,1962,51890
203,1963,45949
203,1964,60058
203,1965,58341
203,1966,66788
203,1967,66371
203,1968,67995
203,1969,51890
203,1970,54953
203,1971,42329
203,1972,35552
203,1973,58388
203,1974,64004
203,1975,68923
203,1976,77324
203,1977,56067
203,1978,57831
203,1979,59548
203,1980,57413
203,1981,52864
203,1982,60430
203,1983,55556
203,1984,59257
203,1985,66795
203,1986,72126
203,1987,74168
203,1988,70641
203,1989,60894
203,1990,57970
203,1991,59687
203,1992,48594
203,1993,41308
203,1994,40936
203,1995,33696
203,1996,30261
203,1997,32372
203,1998,33835
203,1999,34119
203,2000,36214
203,2001,30399
203,2002,33928
203,2003,28080
203,2004,29424
203,2005,24886
203,2006,29891
203,2007,31535
203,2008,35289
203,2009,32444
203,2010,32444
203,2011,31547
203,2012,23276
203,2013,21033
203,2014,23250
203,2015,24588
203,2016,26641
203,2017,27481
203,2018,23624
203,2019,26479
211,2004,22
211,2005,21
211,2006,17
211,2007,33
211,2008,38
211,2009,31
211,2010,28
211,2011,37
211,2012,51
211,2013,34
211,2014,41
211,2015,32
211,2016,33
211,2017,32
211,2018,21
211,2019,20
212,1961,6034
212,1962,8354
212,1963,9283
212,1964,10675
212,1965,10675
212,1966,8354
212,1967,8218
212,1968,7644
212,1969,7440
212,1970,11487
212,1971,11663
212,1972,14823
212,1973,9931
212,1974,20006
212,1975,20199
212,1976,20301
212,1977,24175
212,1978,27528
212,1979,32924
212,1980,33330
212,1981,35384
212,1982,37624
212,1983,36142
212,1984,32768
212,1985,25778
212,1986,34531
212,1987,34021
212,1988,33594
212,1989,27198
212,1990,23810
212,1991,23253
212,1992,24042
212,1993,20793
212,1994,21164
212,1995,17544
212,1996,21356
212,1997,12624
212,1998,17494
212,1999,16762
212,2000,14199
212,2001,21111
212,2002,24506
212,2003,20839
212,2004,18240
212,2005,20480
212,2006,23660
212,2007,19946
212,2008,23346
212,2009,19451
212,2010,20721
212,2011,20446
212,2012,21387
212,2013,14845
212,2014,14614
212,2015,14620
212,2016,14620
212,2017,22191
212,2018,43090
212,2019,30544
214,1983,13098
214,1984,17266
214,1985,17895
214,1986,21200
214,1987,28536
214,1988,28523
214,1989,25245
214,1990,27485
214,1991,31561
214,1992,35932
214,1993,36750
214,1994,30672
214,1995,34514
214,1996,29998
214,1997,38429
214,1998,31329
214,1999,28257
214,2000,34505
214,2001,35270
214,2002,33903
214,2003,35893
214,2004,37136
214,2005,28140
214,2006,26582
214,2007,20117
214,2008,19123
214,2009,22927
214,2010,23828
214,2011,32132
214,2012,33284
214,2013,32432
214,2014,29169
214,2015,28975
214,2016,28675
214,2017,36467
214,2018,39214
214,2019,32168
215,1995,371
215,1996,403
215,1997,418
215,1998,420
215,1999,419
215,2000,410
215,2001,464
215,2002,603
215,2003,696
215,2004,661
215,2005,622
215,2006,627
215,2007,835
215,2008,1021
215,2009,1485
215,2010,2089
215,2011,2785
215,2012,2878
215,2013,2878
215,2014,2902
215,2015,3347
215,2016,3680
215,2017,3947
215,2018,4215
215,2019,4482
216,1961,116
216,1962,118
216,1963,121
216,1964,125
216,1965,130
216,1966,135
216,1967,139
216,1968,144
216,1969,149
216,1970,149
216,1971,158
216,1972,162
216,1973,167
216,1974,172
216,1975,176
216,1976,181
216,1977,186
216,1978,190
216,1979,195
216,1980,200
216,1981,204
216,1982,209
216,1983,213
216,1984,218
216,1985,223
216,1986,227
216,1987,232
216,1988,464
216,1989,464
216,1990,441
216,1991,464
216,1992,507
216,1993,557
216,1994,577
216,1995,603
216,1996,580
216,1997,557
216,1998,580
216,1999,594
216,2000,603
216,2001,627
216,2002,650
216,2003,675
216,2004,696
216,2005,696
216,2006,743
216,2007,789
216,2008,835
216,2009,928
216,2010,933
216,2011,945
216,2012,951
216,2013,951
216,2014,955
216,2015,1004
216,2016,1018
216,2017,1035
216,2018,1053
216,2019,1069
222,1961,2321
222,1962,3713
222,1963,4641
222,1964,4084
222,1965,6637
222,1966,8447
222,1967,9190
222,1968,11650
222,1969,13460
222,1970,12578
222,1971,14527
222,1972,6637
222,1973,11510
222,1974,14574
222,1975,16012
222,1976,19726
222,1977,14202
222,1978,19076
222,1979,17637
222,1980,16848
222,1981,13924
222,1982,10211
222,1983,14481
222,1984,14667
222,1985,16523
222,1986,13692
222,1987,16245
222,1988,8818
222,1989,11603
222,1990,11603
222,1991,13924
222,1992,12299
222,1993,6962
222,1994,6034
222,1995,6962
222,1996,8818
222,1997,9979
222,1998,10443
222,1999,11603
222,2000,9979
222,2001,9097
222,2002,10861
222,2003,10443
222,2004,12021
222,2005,12532
222,2006,11139
222,2007,11418
222,2008,12253
222,2009,12671
222,2010,53375
222,2011,51648
222,2012,52679
222,2013,51499
222,2014,40194
222,2015,33861
222,2016,46020
222,2017,47915
222,2018,49359
222,2019,50803
223,1961,16245
223,1962,16709
223,1963,17637
223,1964,18565
223,1965,19958
223,1966,14852
223,1967,16245
223,1968,19466
223,1969,24921
223,1970,23206
223,1971,24599
223,1972,22278
223,1973,24599
223,1974,27848
223,1975,27848
223,1976,27848
223,1977,25991
223,1978,25527
223,1979,20886
223,1980,20886
223,1981,21814
223,1982,23206
223,1983,21814
223,1984,21814
223,1985,25991
223,1986,23206
223,1987,27848
223,1988,32489
223,1989,31097
223,1990,28776
223,1991,27384
223,1992,25063
223,1993,23671
223,1994,23671
223,1995,23206
223,1996,25527
223,1997,21814
223,1998,21814
223,1999,20886
223,2000,20886
223,2001,20886
223,2002,20422
223,2003,20422
223,2004,22742
223,2005,22742
223,2006,22613
223,2007,21421
223,2008,19904
223,2009,20602
223,2010,19461
223,2011,19476
223,2012,18931
223,2013,18678
223,2014,18334
223,2015,16411
223,2016,16282
223,2017,17410
223,2018,18064
223,2019,18597
229,1961,17920
229,1962,22636
229,1963,22636
229,1964,23579
229,1965,20749
229,1966,16552
229,1967,20844
229,1968,17684
229,1969,15656
229,1970,18297
229,1971,24239
229,1972,21221
229,1973,17920
229,1974,15827
229,1975,19354
229,1976,15595
229,1977,21211
229,1978,28219
229,1979,30633
229,1980,27105
229,1981,25852
229,1982,29240
229,1983,26316
229,1984,32025
229,1985,29098
229,1986,21058
229,1987,16904
229,1988,7426
229,1989,7287
229,1990,6275
229,1991,10264
229,1992,8175
229,1993,5407
229,1994,6876
229,1995,5105
229,1996,4038
229,1997,4456
229,1998,5987
229,1999,5755
229,2000,5987
229,2001,5105
229,2002,4781
229,2003,12671
229,2004,10248
229,2005,10466
229,2006,10248
229,2007,10355
229,2008,9928
229,2009,12383
229,2010,12596
229,2011,5237
229,2012,5340
229,2013,6721
229,2014,5976
229,2015,6900
229,2016,16709
229,2017,13924
229,2018,13924
229,2019,12592
230,2001,232
230,2002,232
230,2003,232
230,2004,232
230,2005,232
230,2006,232
230,2007,232
230,2008,232
230,2009,232
230,2010,232
230,2011,232
230,2012,278
230,2013,232
230,2014,93
230,2015,278
230,2016,227
230,2017,221
230,2018,223
230,2019,223
231,2004,32949
231,2005,17869
231,2006,20459
231,2007,21814
231,2008,21605
231,2009,21270
231,2010,21048
231,2011,20825
231,2012,19958
231,2013,20550
231,2014,19726
231,2015,20349
231,2016,20388
231,2017,20676
231,2018,20601
231,2019,20527
235,1992,557
235,1993,464
235,1994,436
235,1995,418
235,1996,395
235,1997,371
235,1998,392
235,1999,418
235,2000,464
235,2001,464
235,2002,464
235,2003,464
235,2004,511
235,2005,650
235,2006,835
235,2007,1021
235,2008,1021
235,2009,1160
235,2010,1624
235,2011,2321
235,2012,1624
235,2013,2785
235,2014,2089
235,2015,2321
235,2016,2428
235,2017,2588
235,2018,2745
235,2019,2854
238,1994,232
238,1995,305
238,1996,404
238,1997,464
238,1998,696
238,1999,928
238,2000,1160
238,2001,1392
238,2002,1624
238,2003,1857
238,2004,2089
238,2005,2321
238,2006,2445
238,2007,2413
238,2008,2848
238,2009,3447
238,2010,3876
238,2011,4308
238,2012,4920
238,2013,4920
238,2014,5043
238,2015,5608
238,2016,5933
238,2017,6276
238,2018,6620
238,2019,6965
26,1990,129
26,1991,186
26,1992,147
26,1993,272
26,1994,291
26,1995,361
26,1996,406
26,1997,402
26,1998,382
26,1999,423
26,2000,535
26,2001,538
26,2002,579
26,2003,625
26,2004,707
26,2005,691
26,2006,529
26,2007,591
26,2008,636
26,2009,665
26,2010,686
26,2011,705
26,2012,719
26,2013,746
26,2014,761
26,2015,783
26,2016,787
26,2017,800
26,2018,812
26,2019,825
27,1961,1564
27,1962,1666
27,1963,2102
27,1964,1747
27,1965,1213
27,1966,1213
27,1967,990
27,1968,664
27,1969,759
27,1970,1740
27,1971,907
27,1972,771
27,1973,814
27,1974,757
27,1975,533
27,1976,661
27,1977,647
27,1978,689
27,1979,659
27,1980,690
27,1981,747
27,1982,951
27,1983,723
27,1984,786
27,1985,852
27,1986,899
27,1987,981
27,1988,898
27,1989,946
27,1990,833
27,1991,982
27,1992,835
27,1993,696
27,1994,464
27,1995,696
27,1996,802
27,1997,975
27,1998,1532
27,1999,1532
27,2000,1624
27,2001,1300
27,2002,1392
27,2003,1316
27,2004,1160
27,2005,696
27,2006,563
27,2007,977
27,2008,953
27,2009,960
27,2010,967
27,2011,974
27,2012,981
27,2013,987
27,2014,967
27,2015,795
27,2016,702
27,2017,822
273,2006,232
273,2007,232
273,2008,232
273,2009,232
273,2010,232
273,2011,232
273,2012,232
273,2013,232
273,2014,232
273,2015,232
273,2016,232
273,2017,232
273,2018,232
273,2019,232
299,1994,153
299,1995,270
299,1996,397
299,1997,1698
299,1998,1631
299,1999,1549
299,2000,1498
299,2001,1624
299,2002,1625
299,2003,1555
299,2004,1901
299,2005,2108
299,2006,2222
299,2007,1683
299,2008,3703
299,2009,2627
299,2010,2374
299,2011,2131
299,2012,2039
299,2013,1907
299,2014,1536
299,2015,1745
299,2016,1857
299,2017,1923
299,2018,1817
299,2019,1701
3,1996,46
3,1997,93
3,1998,46
3,1999,139
3,2000,46
3,2001,46
3,2002,46
3,2003,46
3,2004,46
3,2005,46
3,2006,46
3,2007,46
3,2008,46
3,2009,47
3,2010,48
3,2011,47
3,2012,46
3,2013,45
3,2014,44
3,2015,45
3,2016,45
3,2017,44
3,2018,44
3,2019,43
351,1983,13098
351,1984,17266
351,1985,17895
351,1986,21200
351,1987,28536
351,1988,28523
351,1989,25245
351,1990,32127
351,1991,37130
351,1992,44287
351,1993,46961
351,1994,42275
351,1995,45997
351,1996,42188
351,1997,51425
351,1998,47340
351,1999,43109
351,2000,50750
351,2001,53835
351,2002,57109
351,2003,61420
351,2004,64055
351,2005,55988
351,2006,61392
351,2007,57247
351,2008,57182
351,2009,67019
351,2010,69313
351,2011,79241
351,2012,82482
351,2013,81630
351,2014,80401
351,2015,84720
351,2016,85602
351,2017,95425
351,2018,100205
351,2019,95191
4,1969,928
4,1970,2321
4,1971,3249
4,1972,4177
4,1973,5105
4,1974,6962
4,1975,8354
4,1976,9747
4,1977,11603
4,1978,12996
4,1979,14388
4,1980,16245
4,1981,18533
4,1982,16523
4,1983,20631
4,1984,22740
4,1985,53332
4,1986,36509
4,1987,39627
4,1988,35801
4,1989,44622
4,1990,36340
4,1991,53232
4,1992,55689
4,1993,34069
4,1994,37996
4,1995,51293
4,1996,51684
4,1997,48207
4,1998,47549
4,1999,55388
4,2000,36072
4,2001,57997
4,2002,62594
4,2003,81876
4,2004,80666
4,2005,96307
4,2006,82561
4,2007,78879
4,2008,130142
4,2009,148034
4,2010,115265
4,2011,115446
4,2012,119606
4,2013,137829
4,2014,137369
4,2015,115818
4,2016,126765
4,2017,133957
4,2018,143272
4,2019,138535
40,1961,4641
40,1962,5105
40,1963,5337
40,1964,5570
40,1965,5773
40,1966,5570
40,1967,5570
40,1968,5570
40,1969,5570
40,1970,5570
40,1971,5570
40,1972,6498
40,1973,7426
40,1974,8354
40,1975,10211
40,1976,11139
40,1977,12067
40,1978,12996
40,1979,12996
40,1980,12624
40,1981,13367
40,1982,13367
40,1983,10211
40,1984,7983
40,1985,7656
40,1986,6962
40,1987,5577
40,1988,5143
40,1989,5551
40,1990,6769
40,1991,9461
40,1992,12547
40,1993,12272
40,1994,10088
40,1995,10211
40,1996,9747
40,1997,9283
40,1998,10254
40,1999,8818
40,2000,8354
40,2001,8818
40,2002,9051
40,2003,9283
40,2004,9515
40,2005,9283
40,2006,9051
40,2007,7194
40,2008,7148
40,2009,7649
40,2010,9190
40,2011,9905
40,2012,9515
40,2013,9270
40,2014,8131
40,2015,7453
40,2016,9162
40,2017,9877
40,2018,11280
40,2019,10357
41,1990,4641
41,1991,5570
41,1992,8354
41,1993,10211
41,1994,11603
41,1995,11484
41,1996,12190
41,1997,12996
41,1998,16011
41,1999,14852
41,2000,16245
41,2001,18565
41,2002,23206
41,2003,25527
41,2004,26920
41,2005,27848
41,2006,34810
41,2007,37130
41,2008,38059
41,2009,44092
41,2010,45485
41,2011,47109
41,2012,49198
41,2013,49198
41,2014,51232
41,2015,55746
41,2016,56926
41,2017,58958
41,2018,60991
41,2019,63023
44,1999,22278
44,2000,22510
44,2001,22742
44,2002,23206
44,2003,23707
44,2004,25148
44,2005,24571
44,2006,11125
44,2007,14231
44,2008,9586
44,2014,3112
44,2015,2961
44,2016,2809
44,2017,2658
44,2018,2506
44,2019,2478
50,1961,93
50,1962,116
50,1963,102
50,1964,93
50,1965,650
50,1966,371
50,1967,519
50,1968,259
50,1969,613
50,1970,589
50,1971,707
50,1972,637
50,1973,684
50,1974,707
50,1975,377
50,1976,472
50,1977,542
50,1978,566
50,1979,542
50,1980,472
50,1981,519
50,1982,472
50,1983,418
50,1984,696
50,1985,696
50,1986,464
50,1987,534
50,1988,441
50,1989,446
50,1990,511
50,1991,1081
50,1992,1137
50,1993,1160
50,1994,1114
50,1995,1392
50,1996,1253
50,1997,1346
50,1998,1392
50,1999,1346
50,2000,1253
50,2001,1276
50,2002,1253
50,2003,1067
50,2004,1207
50,2005,1221
50,2006,1253
50,2007,1258
50,2008,1216
50,2009,1209
50,2010,1708
50,2011,1638
50,2012,1689
50,2013,1704
50,2014,1648
50,2015,1942
50,2016,478
50,2017,454
50,2018,1332
50,2019,1109
5000,1961,300390
5000,1962,325604
5000,1963,331869
5000,1964,336832
5000,1965,326580
5000,1966,328447
5000,1967,331624
5000,1968,327932
5000,1969,318551
5000,1970,323536
5000,1971,324825
5000,1972,307686
5000,1973,332433
5000,1974,355906
5000,1975,369587
5000,1976,391416
5000,1977,369958
5000,1978,386523
5000,1979,385740
5000,1980,396516
5000,1981,429324
5000,1982,404355
5000,1983,393772
5000,1984,430537
5000,1985,454593
5000,1986,490640
5000,1987,505787
5000,1988,477273
5000,1989,453611
5000,1990,472042
5000,1991,450882
5000,1992,472855
5000,1993,440918
5000,1994,441887
5000,1995,447332
5000,1996,474926
5000,1997,475170
5000,1998,488820
5000,1999,521481
5000,2000,493830
5000,2001,514618
5000,2002,533224
5000,2003,664548
5000,2004,734946
5000,2005,682155
5000,2006,700961
5000,2007,680849
5000,2008,727452
5000,2009,815020
5000,2010,789074
5000,2011,732020
5000,2012,700014
5000,2013,744099
5000,2014,726583
5000,2015,687557
5000,2016,716647
5000,2017,716025
5000,2018,764095
5000,2019,726981
5100,1961,20004
5100,1962,20426
5100,1963,46970
5100,1964,44116
5100,1965,23355
5100,1966,33969
5100,1967,21327
5100,1968,25202
5100,1969,27036
5100,1970,27569
5100,1971,28373
5100,1972,22295
5100,1973,27416
5100,1974,30413
5100,1975,34942
5100,1976,38830
5100,1977,33881
5100,1978,42908
5100,1979,43071
5100,1980,45656
5100,1981,47241
5100,1982,42482
5100,1983,52116
5100,1984,57002
5100,1985,92829
5100,1986,74336
5100,1987,82792
5100,1988,73024
5100,1989,90345
5100,1990,101059
5100,1991,107783
5100,1992,115240
5100,1993,86599
5100,1994,91863
5100,1995,103482
5100,1996,109955
5100,1997,121624
5100,1998,131479
5100,1999,155773
5100,2000,126147
5100,2001,145943
5100,2002,156637
5100,2003,246937
5100,2004,259702
5100,2005,220976
5100,2006,232162
5100,2007,226382
5100,2008,261382
5100,2009,364392
5100,2010,336074
5100,2011,272828
5100,2012,271956
5100,2013,312203
5100,2014,290431
5100,2015,271588
5100,2016,279010
5100,2017,281446
5100,2018,310399
5100,2019,282454
5101,1990,232
5101,1991,260
5101,1992,302
5101,1993,418
5101,1994,603
5101,1995,1074
5101,1996,1321
5101,1997,1235
5101,1998,1500
5101,1999,1747
5101,2000,1960
5101,2001,2317
5101,2002,2707
5101,2003,3128
5101,2004,3461
5101,2005,3925
5101,2006,4447
5101,2007,5002
5101,2008,5831
5101,2009,6441
5101,2010,7093
5101,2011,8385
5101,2012,9413
5101,2013,9235
5101,2014,9293
5101,2015,10595
5101,2016,11257
5101,2017,11892
5101,2018,12528
5101,2019,13173
5103,1961,20004
5103,1962,20426
5103,1963,46970
5103,1964,44116
5103,1965,23355
5103,1966,33969
5103,1967,21327
5103,1968,25202
5103,1969,27036
5103,1970,27569
5103,1971,28373
5103,1972,22295
5103,1973,27416
5103,1974,30413
5103,1975,34942
5103,1976,38830
5103,1977,33881
5103,1978,42908
5103,1979,43071
5103,1980,45656
5103,1981,47241
5103,1982,42482
5103,1983,52116
5103,1984,57002
5103,1985,92829
5103,1986,74336
5103,1987,82792
5103,1988,73024
5103,1989,90345
5103,1990,100363
5103,1991,106594
5103,1992,113546
5103,1993,84520
5103,1994,89403
5103,1995,100524
5103,1996,106729
5103,1997,118477
5103,1998,128029
5103,1999,152020
5103,2000,122098
5103,2001,141518
5103,2002,151809
5103,2003,241673
5103,2004,254081
5103,2005,214862
5103,2006,225516
5103,2007,219200
5103,2008,253346
5103,2009,355724
5103,2010,326706
5103,2011,261992
5103,2012,259851
5103,2013,300048
5103,2014,277999
5103,2015,258064
5103,2016,264716
5103,2017,266432
5103,2018,294684
5103,2019,266042
5105,1990,464
5105,1991,928
5105,1992,1392
5105,1993,1661
5105,1994,1857
5105,1995,1884
5105,1996,1904
5105,1997,1913
5105,1998,1949
5105,1999,2006
5105,2000,2089
5105,2001,2109
5105,2002,2121
5105,2003,2135
5105,2004,2160
5105,2005,2189
5105,2006,2200
5105,2007,2180
5105,2008,2205
5105,2009,2228
5105,2010,2274
5105,2011,2451
5105,2012,2692
5105,2013,2919
5105,2014,3138
5105,2015,2929
5105,2016,3037
5105,2017,3121
5105,2018,3187
5105,2019,3239
5200,1961,31830
5200,1962,32596
5200,1963,33088
5200,1964,32953
5200,1965,33260
5200,1966,31673
5200,1967,32804
5200,1968,32605
5200,1969,27617
5200,1970,36291
5200,1971,37018
5200,1972,42260
5200,1973,45280
5200,1974,46804
5200,1975,52074
5200,1976,57424
5200,1977,58893
5200,1978,55858
5200,1979,50490
5200,1980,51144
5200,1981,86597
5200,1982,60976
5200,1983,40715
5200,1984,55188
5200,1985,50364
5200,1986,74093
5200,1987,72788
5200,1988,66688
5200,1989,60719
5200,1990,60161
5200,1991,57669
5200,1992,58142
5200,1993,73759
5200,1994,75454
5200,1995,75700
5200,1996,94798
5200,1997,90365
5200,1998,92790
5200,1999,120656
5200,2000,120752
5200,2001,121307
5200,2002,123886
5200,2003,121391
5200,2004,158138
5200,2005,139706
5200,2006,131213
5200,2007,139875
5200,2008,136451
5200,2009,131834
5200,2010,131095
5200,2011,133868
5200,2012,134554
5200,2013,133103
5200,2014,143290
5200,2015,138928
5200,2016,139800
5200,2017,134766
5200,2018,143480
5200,2019,141626
5203,2004,32949
5203,2005,17869
5203,2006,20459
5203,2007,21814
5203,2008,21605
5203,2009,21270
5203,2010,21048
5203,2011,20825
5203,2012,19958
5203,2013,20550
5203,2014,19726
5203,2015,20349
5203,2016,20388
5203,2017,20676
5203,2018,20601
5203,2019,20527
5204,1961,408
5204,1962,432
5204,1963,459
5204,1964,511
5204,1965,526
5204,1966,547
5204,1967,1043
5204,1968,1067
5204,1969,1231
5204,1970,1217
5204,1971,1281
5204,1972,1249
5204,1973,1225
5204,1974,1197
5204,1975,1146
5204,1976,1100
5204,1977,1044
5204,1978,1021
5204,1979,998
5204,1980,928
5204,1981,24960
5204,1982,928
5204,1983,835
5204,1984,743
5204,1985,696
5204,1986,21859
5204,1987,20812
5204,1988,14226
5204,1989,12153
5204,1990,15454
5204,1991,11250
5204,1992,16142
5204,1993,22560
5204,1994,21139
5204,1995,20669
5204,1996,28460
5204,1997,28072
5204,1998,27010
5204,1999,31504
5204,2000,29753
5204,2001,30053
5204,2002,33274
5204,2003,31805
5204,2004,33759
5204,2005,31508
5204,2006,32047
5204,2007,37814
5204,2008,35233
5204,2009,39517
5204,2010,37505
5204,2011,37838
5204,2012,42483
5204,2013,40213
5204,2014,50374
5204,2015,50276
5204,2016,50995
5204,2017,47534
5204,2018,46155
5204,2019,44738
5207,1961,31422
5207,1962,32164
5207,1963,32628
5207,1964,32443
5207,1965,32733
5207,1966,31125
5207,1967,31761
5207,1968,31537
5207,1969,26386
5207,1970,35074
5207,1971,35737
5207,1972,41012
5207,1973,44054
5207,1974,45607
5207,1975,50928
5207,1976,56324
5207,1977,57848
5207,1978,54837
5207,1979,49492
5207,1980,50216
5207,1981,61637
5207,1982,60047
5207,1983,39879
5207,1984,54446
5207,1985,49668
5207,1986,52235
5207,1987,51976
5207,1988,52462
5207,1989,48567
5207,1990,44707
5207,1991,46419
5207,1992,42000
5207,1993,51199
5207,1994,54315
5207,1995,55031
5207,1996,66339
5207,1997,62293
5207,1998,65780
5207,1999,89152
5207,2000,90999
5207,2001,91254
5207,2002,90612
5207,2003,89585
5207,2004,91430
5207,2005,90329
5207,2006,78707
5207,2007,80247
5207,2008,79614
5207,2009,71047
5207,2010,72543
5207,2011,75206
5207,2012,72113
5207,2013,72340
5207,2014,73191
5207,2015,68304
5207,2016,68417
5207,2017,66557
5207,2018,76724
5207,2019,76362
5300,1961,82495
5300,1962,86539
5300,1963,76465
5300,1964,77573
5300,1965,84671
5300,1966,84535
5300,1967,82859
5300,1968,86143
5300,1969,88888
5300,1970,85227
5300,1971,89962
5300,1972,85075
5300,1973,88506
5300,1974,98690
5300,1975,95113
5300,1976,104787
5300,1977,106835
5300,1978,99787
5300,1979,102794
5300,1980,113502
5300,1981,115908
5300,1982,115197
5300,1983,126110
5300,1984,133245
5300,1985,126960
5300,1986,161816
5300,1987,175425
5300,1988,180253
5300,1989,159368
5300,1990,171394
5300,1991,126477
5300,1992,157330
5300,1993,156079
5300,1994,151724
5300,1995,153792
5300,1996,157523
5300,1997,149254
5300,1998,153617
5300,1999,137780
5300,2000,138100
5300,2001,149466
5300,2002,153747
5300,2003,199227
5300,2004,216170
5300,2005,226916
5300,2006,236108
5300,2007,211962
5300,2008,222302
5300,2009,216125
5300,2010,217954
5300,2011,233897
5300,2012,217207
5300,2013,220292
5300,2014,207571
5300,2015,196497
5300,2016,202577
5300,2017,208179
5300,2018,219281
5300,2019,209136
5301,1992,1996
5301,1993,2135
5301,1994,2339
5301,1995,2785
5301,1996,2762
5301,1997,2738
5301,1998,3223
5301,1999,4084
5301,2000,4688
5301,2001,5337
5301,2002,5616
5301,2003,5848
5301,2004,6526
5301,2005,6916
5301,2006,6776
5301,2007,7333
5301,2008,14759
5301,2009,15038
5301,2010,11557
5301,2011,12624
5301,2012,14899
5301,2013,18333
5301,2014,19215
5301,2015,19029
5301,2016,19508
5301,2017,21660
5301,2018,20669
5301,2019,21420
5302,1961,28080
5302,1962,29797
5302,1963,14574
5302,1964,23439
5302,1965,22557
5302,1966,23021
5302,1967,17405
5302,1968,18890
5302,1969,17869
5302,1970,12996
5302,1971,2337
5302,1972,2321
5302,1973,2785
5302,1974,3713
5302,1975,4641
5302,1976,5570
5302,1977,6498
5302,1978,6962
5302,1979,7426
5302,1980,7890
5302,1981,8354
5302,1982,9236
5302,1983,20524
5302,1984,24228
5302,1985,23464
5302,1986,25841
5302,1987,32249
5302,1988,30844
5302,1989,26173
5302,1990,32127
5302,1991,37130
5302,1992,44287
5302,1993,46961
5302,1994,42275
5302,1995,45997
5302,1996,42188
5302,1997,51425
5302,1998,47340
5302,1999,43109
5302,2000,50750
5302,2001,53835
5302,2002,57109
5302,2003,70934
5302,2004,74869
5302,2005,66663
5302,2006,70814
5302,2007,67226
5302,2008,66975
5302,2009,76116
5302,2010,78410
5302,2011,87874
5302,2012,90419
5302,2013,89984
5302,2014,88662
5302,2015,92518
5302,2016,92425
5302,2017,102619
5302,2018,106935
5302,2019,101625
5303,1990,4641
5304,1961,116
5304,1962,118
5304,1963,121
5304,1964,125
5304,1965,130
5304,1966,135
5304,1967,139
5304,1968,144
5304,1969,149
5304,1970,149
5304,1971,158
5304,1972,162
5304,1973,167
5304,1974,172
5304,1975,176
5304,1976,181
5304,1977,186
5304,1978,190
5304,1979,195
5304,1980,200
5304,1981,204
5304,1982,209
5304,1983,213
5304,1984,218
5304,1985,223
5304,1986,227
5304,1987,232
5304,1988,464
5304,1989,464
5304,1990,570
5304,1991,650
5304,1992,654
5304,1993,828
5304,1994,868
5304,1995,964
5304,1996,985
5304,1997,959
5304,1998,962
5304,1999,1016
5304,2000,1138
5304,2001,1165
5304,2002,1229
5304,2003,1300
5304,2004,1404
5304,2005,1387
5304,2006,1271
5304,2007,1380
5304,2008,1472
5304,2009,1593
5304,2010,1619
5304,2011,1650
5304,2012,1671
5304,2013,1697
5304,2014,1715
5304,2015,1787
5304,2016,1805
5304,2017,1835
5304,2018,1865
5304,2019,1894
5305,1961,54299
5305,1962,56623
5305,1963,61771
5305,1964,54009
5305,1965,61985
5305,1966,61380
5305,1967,65315
5305,1968,67109
5305,1969,70871
5305,1970,72083
5305,1971,87468
5305,1972,82592
5305,1973,85554
5305,1974,94806
5305,1975,90295
5305,1976,99036
5305,1977,100151
5305,1978,92634
5305,1979,95173
5305,1980,105412
5305,1981,107349
5305,1982,105752
5305,1983,105372
5305,1984,108799
5305,1985,103273
5305,1986,135747
5305,1987,142944
5305,1988,148945
5305,1989,132731
5305,1990,134057
5305,1991,88697
5305,1992,110393
5305,1993,106154
5305,1994,106241
5305,1995,104046
5305,1996,111588
5305,1997,94132
5305,1998,102092
5305,1999,89570
5305,2000,81524
5305,2001,89128
5305,2002,89793
5305,2003,121145
5305,2004,133372
5305,2005,151951
5305,2006,157247
5305,2007,136022
5305,2008,139096
5305,2009,123378
5305,2010,126369
5305,2011,131749
5305,2012,110219
5305,2013,110278
5305,2014,97978
5305,2015,83162
5305,2016,88840
5305,2017,82065
5305,2018,89812
5305,2019,84196
5400,1961,165505
5400,1962,185523
5400,1963,174743
5400,1964,181262
5400,1965,184366
5400,1966,177573
5400,1967,193938
5400,1968,183287
5400,1969,174918
5400,1970,174356
5400,1971,169295
5400,1972,157720
5400,1973,170939
5400,1974,179726
5400,1975,187260
5400,1976,189623
5400,1977,169727
5400,1978,187015
5400,1979,188713
5400,1980,185804
5400,1981,179125
5400,1982,185135
5400,1983,174181
5400,1984,184080
5400,1985,183187
5400,1986,178910
5400,1987,173436
5400,1988,155870
5400,1989,141740
5400,1990,138128
5400,1991,158025
5400,1992,141446
5400,1993,124111
5400,1994,122567
5400,1995,114056
5400,1996,112278
5400,1997,113509
5400,1998,110471
5400,1999,106808
5400,2000,108368
5400,2001,97437
5400,2002,98490
5400,2003,96529
5400,2004,100472
5400,2005,94211
5400,2006,101145
5400,2007,102309
5400,2008,107007
5400,2009,102372
5400,2010,103667
5400,2011,91155
5400,2012,76036
5400,2013,78244
5400,2014,85041
5400,2015,80280
5400,2016,95000
5400,2017,91378
5400,2018,90683
5400,2019,93518
5401,1961,1564
5401,1962,1666
5401,1963,2102
5401,1964,1747
5401,1965,1213
5401,1966,1213
5401,1967,990
5401,1968,664
5401,1969,759
5401,1970,1740
5401,1971,907
5401,1972,771
5401,1973,814
5401,1974,757
5401,1975,533
5401,1976,661
5401,1977,647
5401,1978,689
5401,1979,659
5401,1980,690
5401,1981,747
5401,1982,951
5401,1983,723
5401,1984,786
5401,1985,852
5401,1986,899
5401,1987,981
5401,1988,898
5401,1989,946
5401,1990,5474
5401,1991,5994
5401,1992,4781
5401,1993,5987
5401,1994,5013
5401,1995,5697
5401,1996,5484
5401,1997,5543
5401,1998,5445
5401,1999,6326
5401,2000,6835
5401,2001,6463
5401,2002,5364
5401,2003,6215
5401,2004,7447
5401,2005,6615
5401,2006,5598
5401,2007,6485
5401,2008,6071
5401,2009,7323
5401,2010,7186
5401,2011,6943
5401,2012,6337
5401,2013,6901
5401,2014,8965
5401,2015,7560
5401,2016,9026
5401,2017,10685
5401,2018,6959
5401,2019,6276
5402,1961,17920
5402,1962,22636
5402,1963,22636
5402,1964,23579
5402,1965,20749
5402,1966,16552
5402,1967,20844
5402,1968,17684
5402,1969,15656
5402,1970,18297
5402,1971,24239
5402,1972,21221
5402,1973,17920
5402,1974,15827
5402,1975,19354
5402,1976,15595
5402,1977,21211
5402,1978,28219
5402,1979,30633
5402,1980,27105
5402,1981,25898
5402,1982,29310
5402,1983,26397
5402,1984,32064
5402,1985,29152
5402,1986,21101
5402,1987,16950
5402,1988,7472
5402,1989,7287
5402,1990,6275
5402,1991,10264
5402,1992,8221
5402,1993,5407
5402,1994,6876
5402,1995,5105
5402,1996,4038
5402,1997,4456
5402,1998,5987
5402,1999,5755
5402,2000,5987
5402,2001,5105
5402,2002,4781
5402,2003,12808
5402,2004,10323
5402,2005,10587
5402,2006,10287
5402,2007,10451
5402,2008,10055
5402,2009,12482
5402,2010,12732
5402,2011,5409
5402,2012,5555
5402,2013,6930
5402,2014,6165
5402,2015,6901
5402,2016,16710
5402,2017,13925
5402,2018,13980
5402,2019,12611
5403,1961,125003
5403,1962,137262
5403,1963,125586
5403,1964,138063
5403,1965,145551
5403,1966,144877
5403,1967,149331
5403,1968,141024
5403,1969,134285
5403,1970,132834
5403,1971,119239
5403,1972,111639
5403,1973,129633
5403,1974,141514
5403,1975,147024
5403,1976,157319
5403,1977,131403
5403,1978,141020
5403,1979,140468
5403,1980,143199
5403,1981,138127
5403,1982,140948
5403,1983,134061
5403,1984,137253
5403,1985,143011
5403,1986,146372
5403,1987,146422
5403,1988,140214
5403,1989,126638
5403,1990,118272
5403,1991,131188
5403,1992,117760
5403,1993,102284
5403,1994,100436
5403,1995,92586
5403,1996,91407
5403,1997,89714
5403,1998,91022
5403,1999,87215
5403,2000,89247
5403,2001,78611
5403,2002,80014
5403,2003,72266
5403,2004,75500
5403,2005,69424
5403,2006,78256
5403,2007,77674
5403,2008,81389
5403,2009,73584
5403,2010,74262
5403,2011,67960
5403,2012,55767
5403,2013,56682
5403,2014,62063
5403,2015,58142
5403,2016,60859
5403,2017,58472
5403,2018,50211
5403,2019,53942
5404,1961,21017
5404,1962,23960
5404,1963,24419
5404,1964,17873
5404,1965,16853
5404,1966,14931
5404,1967,22773
5404,1968,23914
5404,1969,24217
5404,1970,21485
5404,1971,24909
5404,1972,24088
5404,1973,22572
5404,1974,21628
5404,1975,20348
5404,1976,16047
5404,1977,16466
5404,1978,17086
5404,1979,16954
5404,1980,14809
5404,1981,14352
5404,1982,13926
5404,1983,13000
5404,1984,13977
5404,1985,10172
5404,1986,10538
5404,1987,9083
5404,1988,7286
5404,1989,6869
5404,1990,8107
5404,1991,10579
5404,1992,10685
5404,1993,10433
5404,1994,10242
5404,1995,10668
5404,1996,11349
5404,1997,13796
5404,1998,8017
5404,1999,7511
5404,2000,6298
5404,2001,7258
5404,2002,8332
5404,2003,5240
5404,2004,7202
5404,2005,7586
5404,2006,7002
5404,2007,7699
5404,2008,9492
5404,2009,8982
5404,2010,9487
5404,2011,10843
5404,2012,8377
5404,2013,7731
5404,2014,7848
5404,2015,7676
5404,2016,8405
5404,2017,8296
5404,2018,19533
5404,2019,20688
5500,1961,557
5500,1962,520
5500,1963,603
5500,1964,928
5500,1965,928
5500,1966,696
5500,1967,696
5500,1968,696
5500,1969,93
5500,1970,93
5500,1971,177
5500,1972,336
5500,1973,292
5500,1974,273
5500,1975,198
5500,1976,753
5500,1977,622
5500,1978,956
5500,1979,671
5500,1980,409
5500,1981,453
5500,1982,565
5500,1983,650
5500,1984,1021
5500,1985,1253
5500,1986,1485
5500,1987,1346
5500,1988,1439
5500,1989,1439
5500,1990,1300
5500,1991,928
5500,1992,696
5500,1993,371
5500,1994,278
5500,1995,302
5500,1996,371
5500,1997,418
5500,1998,464
5500,1999,464
5500,2000,464
5500,2001,464
5500,2002,464
5500,2003,464
5500,2004,464
5500,2005,345
5500,2006,334
5500,2007,322
5500,2008,309
5500,2009,297
5500,2010,285
5500,2011,272
5500,2012,262
5500,2013,257
5500,2014,251
5500,2015,264
5500,2016,260
5500,2017,256
5500,2018,252
5500,2019,248
5501,1961,557
5501,1962,520
5501,1963,603
5501,1964,928
5501,1965,928
5501,1966,696
5501,1967,696
5501,1968,696
5501,1969,93
5501,1970,93
5501,1971,177
5501,1972,336
5501,1973,292
5501,1974,273
5501,1975,198
5501,1976,753
5501,1977,622
5501,1978,956
5501,1979,671
5501,1980,409
5501,1981,453
5501,1982,565
5501,1983,650
5501,1984,1021
5501,1985,1253
5501,1986,1485
5501,1987,1346
5501,1988,1439
5501,1989,1439
5501,1990,1300
5501,1991,928
5501,1992,696
5501,1993,371
5501,1994,278
5501,1995,302
5501,1996,371
5501,1997,418
5501,1998,464
5501,1999,464
5501,2000,464
5501,2001,464
5501,2002,464
5501,2003,464
5501,2004,464
5501,2005,345
5501,2006,334
5501,2007,322
5501,2008,309
5501,2009,297
5501,2010,285
5501,2011,272
5501,2012,262
5501,2013,257
5501,2014,251
5501,2015,264
5501,2016,260
5501,2017,256
5501,2018,252
5501,2019,248
5706,1961,165597
5706,1962,185639
5706,1963,174845
5706,1964,181355
5706,1965,185016
5706,1966,177945
5706,1967,194457
5706,1968,183546
5706,1969,175531
5706,1970,174945
5706,1971,170002
5706,1972,158357
5706,1973,171623
5706,1974,180433
5706,1975,187637
5706,1976,190094
5706,1977,170269
5706,1978,187580
5706,1979,189255
5706,1980,186275
5706,1981,179644
5706,1982,185607
5706,1983,174599
5706,1984,184777
5706,1985,183883
5706,1986,179374
5706,1987,173970
5706,1988,156311
5706,1989,142185
5706,1990,138639
5706,1991,159107
5706,1992,142584
5706,1993,125271
5706,1994,123681
5706,1995,115448
5706,1996,113485
5706,1997,114762
5706,1998,111817
5706,1999,108015
5706,2000,109435
5706,2001,98296
5706,2002,99233
5706,2003,97155
5706,2004,101239
5706,2005,94993
5706,2006,101731
5706,2007,102884
5706,2008,107536
5706,2009,102899
5706,2010,104696
5706,2011,92060
5706,2012,76931
5706,2013,79266
5706,2014,86140
5706,2015,81496
5706,2016,94787
5706,2017,91129
5706,2018,91336
5706,2019,93954
5707,1961,147677
5707,1962,163004
5707,1963,152209
5707,1964,157776
5707,1965,164266
5707,1966,161392
5707,1967,173613
5707,1968,165862
5707,1969,159874
5707,1970,156648
5707,1971,145763
5707,1972,137136
5707,1973,153703
5707,1974,164606
5707,1975,168283
5707,1976,174499
5707,1977,149059
5707,1978,159361
5707,1979,158623
5707,1980,159170
5707,1981,153792
5707,1982,156366
5707,1983,148283
5707,1984,152752
5707,1985,154785
5707,1986,158316
5707,1987,157066
5707,1988,148885
5707,1989,134898
5707,1990,132364
5707,1991,148843
5707,1992,134409
5707,1993,119864
5707,1994,116805
5707,1995,110343
5707,1996,109447
5707,1997,110307
5707,1998,105830
5707,1999,102259
5707,2000,103448
5707,2001,93190
5707,2002,94452
5707,2003,84485
5707,2004,90991
5707,2005,84527
5707,2006,91483
5707,2007,92529
5707,2008,97608
5707,2009,90516
5707,2010,92099
5707,2011,86823
5707,2012,71592
5707,2013,72544
5707,2014,80164
5707,2015,74595
5707,2016,78078
5707,2017,77205
5707,2018,77412
5707,2019,81362
58,1961,1253
58,1962,1300
58,1963,1300
58,1964,1346
58,1965,1392
58,1966,1485
58,1967,1764
58,1968,1941
58,1969,2228
58,1970,2553
58,1971,2878
58,1972,3249
58,1973,3481
58,1974,3773
58,1975,3899
58,1976,4131
58,1977,4270
58,1978,4409
58,1979,4641
58,1980,4734
58,1981,4873
58,1982,5013
58,1983,5105
58,1984,5337
58,1985,2785
58,1986,3204
58,1987,3908
58,1988,6031
58,1989,4002
58,1990,4339
58,1991,4108
58,1992,6082
58,1993,6881
58,1994,6449
58,1995,8164
58,1996,8169
58,1997,5586
58,1998,6745
58,1999,7129
58,2000,6392
58,2001,6599
58,2002,3940
58,2003,3756
58,2004,5705
58,2005,6489
58,2006,6574
58,2007,5901
58,2008,7652
58,2009,6579
58,2010,5666
58,2011,7816
58,2012,5774
58,2013,4365
58,2014,12205
58,2015,7574
58,2016,9118
58,2017,4033
58,2018,7001
58,2019,10871
5801,1990,603
5801,1991,1049
5801,1992,1508
5801,1993,1800
5801,1994,2205
5801,1995,2700
5801,1996,2873
5801,1997,2887
5801,1998,3228
5801,1999,3529
5801,2000,3844
5801,2001,4170
5801,2002,4568
5801,2003,4921
5801,2004,5157
5801,2005,5392
5801,2006,5561
5801,2007,5736
5801,2008,6398
5801,2009,7500
5801,2010,8597
5801,2011,9918
5801,2012,10907
5801,2013,11128
5801,2014,11480
5801,2015,12479
5801,2016,13251
5801,2017,13951
5801,2018,14634
5801,2019,15313
5802,1961,17173
5802,1962,17173
5802,1963,17173
5802,1964,16245
5802,1965,16245
5802,1966,16245
5802,1967,15316
5802,1968,15316
5802,1969,9283
5802,1970,15780
5802,1971,15780
5802,1972,19029
5802,1973,21350
5802,1974,20886
5802,1975,21350
5802,1976,25471
5802,1977,24562
5802,1978,21577
5802,1979,16491
5802,1980,17233
5802,1981,25021
5802,1982,20886
5802,1983,6875
5802,1984,21614
5802,1985,23451
5802,1986,22441
5802,1987,25991
5802,1988,22441
5802,1989,24469
5802,1990,21979
5802,1991,18413
5802,1992,18059
5802,1993,20588
5802,1994,22579
5802,1995,22250
5802,1996,25146
5802,1997,27407
5802,1998,25043
5802,1999,28131
5802,2000,30831
5802,2001,31958
5802,2002,33491
5802,2003,34445
5802,2004,36238
5802,2005,37499
5802,2006,37405
5802,2007,37951
5802,2008,45787
5802,2009,48015
5802,2010,45535
5802,2011,47852
5802,2012,49747
5802,2013,53811
5802,2014,46189
5802,2015,45778
5802,2016,46920
5802,2017,49870
5802,2018,50039
5802,2019,51407
5815,1961,6034
5815,1962,8354
5815,1963,9283
5815,1964,10675
5815,1965,10675
5815,1966,8354
5815,1967,8218
5815,1968,7644
5815,1969,7440
5815,1970,11487
5815,1971,11663
5815,1972,14823
5815,1973,9931
5815,1974,20006
5815,1975,20199
5815,1976,20301
5815,1977,24175
5815,1978,27528
5815,1979,32924
5815,1980,33330
5815,1981,35384
5815,1982,37624
5815,1983,36142
5815,1984,32768
5815,1985,25778
5815,1986,34531
5815,1987,34021
5815,1988,33594
5815,1989,27198
5815,1990,24506
5815,1991,24442
5815,1992,26339
5815,1993,23382
5815,1994,24107
5815,1995,20967
5815,1996,25023
5815,1997,16190
5815,1998,21382
5815,1999,20979
5815,2000,18758
5815,2001,26047
5815,2002,29844
5815,2003,26613
5815,2004,24419
5815,2005,27290
5815,2006,31188
5815,2007,28196
5815,2008,32820
5815,2009,29698
5815,2010,32362
5815,2011,34067
5815,2012,36555
5815,2013,31409
5815,2014,29551
5815,2015,30929
5815,2016,31908
5815,2017,40526
5815,2018,62303
5815,2019,50591
5817,1961,35924
5817,1962,35042
5817,1963,63447
5817,1964,60801
5817,1965,39074
5817,1966,47959
5817,1967,36678
5817,1968,37852
5817,1969,37943
5817,1970,37719
5817,1971,37285
5817,1972,31015
5817,1973,32228
5817,1974,34548
5817,1975,41803
5817,1976,45157
5817,1977,42283
5817,1978,48868
5817,1979,45806
5817,1980,47705
5817,1981,46163
5817,1982,46378
5817,1983,48228
5817,1984,53089
5817,1985,54160
5817,1986,54863
5817,1987,57381
5817,1988,51910
5817,1989,56752
5817,1990,72960
5817,1991,64125
5817,1992,64498
5817,1993,62372
5817,1994,68491
5817,1995,67103
5817,1996,83727
5817,1997,94396
5817,1998,110491
5817,1999,127001
5817,2000,118445
5817,2001,117686
5817,2002,126041
5817,2003,190471
5817,2004,204694
5817,2005,148659
5817,2006,173578
5817,2007,169944
5817,2008,156877
5817,2009,244894
5817,2010,252256
5817,2011,187713
5817,2012,180085
5817,2013,207868
5817,2014,180309
5817,2015,184985
5817,2016,198047
5817,2017,174213
5817,2018,201277
5817,2019,175774
59,1961,2321
59,1962,2785
59,1963,3249
59,1964,3249
59,1965,928
59,1966,2733
59,1967,1392
59,1968,1857
59,1969,928
59,1970,928
59,1971,2301
59,1972,464
59,1973,2785
59,1974,464
59,1975,2321
59,1976,935
59,1977,1307
59,1978,2181
59,1979,654
59,1980,938
59,1981,628
59,1982,617
59,1983,464
59,1984,464
59,1985,1392
59,1986,464
59,1987,464
59,1988,696
59,1989,975
59,1990,1021
59,1991,3461
59,1992,1044
59,1993,1021
59,1994,1058
59,1995,1044
59,1996,1067
59,1997,12067
59,1998,23206
59,1999,23206
59,2000,23206
59,2001,23206
59,2002,23206
59,2003,76925
59,2004,73727
59,2005,60471
59,2006,58986
59,2007,57195
59,2008,49007
59,2009,118749
59,2010,49239
59,2011,37103
59,2012,24334
59,2013,30313
59,2014,18677
59,2015,26517
59,2016,28682
59,2017,26365
59,2018,26931
59,2019,27496
68,1961,4070
68,1962,4470
68,1963,3073
68,1964,3667
68,1965,3676
68,1966,3128
68,1967,4238
68,1968,3829
68,1969,4094
68,1970,3917
68,1971,4149
68,1972,3435
68,1973,5755
68,1974,4224
68,1975,4403
68,1976,4081
68,1977,4291
68,1978,4367
68,1979,4166
68,1980,3388
68,1981,3342
68,1982,3249
68,1983,3063
68,1984,2738
68,1985,1949
68,1986,2274
68,1987,2460
68,1988,1810
68,1989,1392
68,1990,1382
68,1991,2512
68,1992,2595
68,1993,2678
68,1994,2762
68,1995,2845
68,1996,2928
68,1997,3012
68,1998,3095
68,1999,3178
68,2000,3155
68,2001,3341
68,2002,4177
68,2003,1392
68,2004,3354
68,2005,4177
68,2006,3713
68,2007,4084
68,2008,3994
68,2009,4177
68,2010,4217
68,2011,4342
68,2012,4873
68,2013,4640
68,2014,4574
68,2015,4717
68,2016,4806
68,2017,4887
68,2018,17762
68,2019,17108
79,1961,9329
79,1962,10164
79,1963,13274
79,1964,7705
79,1965,7008
79,1966,7032
79,1967,10212
79,1968,11448
79,1969,12346
79,1970,10675
79,1971,10021
79,1972,8772
79,1973,8323
79,1974,7565
79,1975,6533
79,1976,5005
79,1977,5585
79,1978,6778
79,1979,6522
79,1980,4923
79,1981,4513
79,1982,4644
79,1983,4832
79,1984,5669
79,1985,2375
79,1986,2508
79,1987,1517
79,1988,1763
79,1989,1578
79,1990,1945
79,1991,3055
79,1992,4099
79,1993,1675
79,1994,1447
79,1995,1903
79,1996,2090
79,1997,2420
79,1998,2083
79,1999,1926
79,2000,1183
79,2001,1308
79,2002,1271
79,2003,1046
79,2004,1160
79,2005,1442
79,2006,1333
79,2007,1658
79,2008,1902
79,2009,1832
79,2010,1689
79,2011,1994
79,2012,1703
79,2013,1496
79,2014,1462
79,2015,1258
79,2016,1621
79,2017,1635
79,2019,1179
84,1961,3865
84,1962,3268
84,1963,3891
84,1964,3744
84,1965,4363
84,1966,5625
84,1967,6381
84,1968,6106
84,1969,6878
84,1970,6403
84,1971,6499
84,1972,6551
84,1973,6579
84,1974,6922
84,1975,6501
84,1976,6547
84,1977,5509
84,1978,6424
84,1979,5881
84,1980,6472
84,1981,6583
84,1982,6545
84,1983,5191
84,1984,5221
84,1985,4926
84,1986,5230
84,1987,5048
84,1988,4966
84,1989,4920
84,1990,4231
84,1991,4688
84,1992,4409
84,1993,3667
84,1994,4084
84,1995,4224
84,1996,4177
84,1997,4177
84,1998,4641
84,1999,4177
84,2000,4177
84,2001,3471
84,2002,3632
84,2003,4037
84,2004,4217
84,2005,4278
84,2006,4409
84,2007,4177
84,2008,4177
84,2009,4284
84,2010,4110
84,2011,4034
84,2012,3654
84,2013,2488
84,2014,5259
84,2015,4604
84,2016,5198
84,2017,1680
84,2018,2209
84,2019,1903
89,1961,408
89,1962,432
89,1963,459
89,1964,511
89,1965,526
89,1966,547
89,1967,1043
89,1968,1067
89,1969,1231
89,1970,1217
89,1971,1281
89,1972,1249
89,1973,1225
89,1974,1197
89,1975,1146
89,1976,1100
89,1977,1044
89,1978,1021
89,1979,998
89,1980,928
89,1981,925
89,1982,928
89,1983,835
89,1984,743
89,1985,696
89,1986,650
89,1987,650
89,1988,650
89,1989,647
89,1990,665
89,1991,678
89,1992,692
89,1993,918
89,1994,1430
89,1995,1966
89,1996,2620
89,1997,3225
89,1998,3838
89,1999,4456
89,2000,5058
89,2001,5657
89,2002,6250
89,2003,6838
89,2004,7426
89,2005,8029
89,2006,8557
89,2007,9093
89,2008,9625
89,2009,10145
89,2010,10687
89,2011,11153
89,2012,11608
89,2013,11899
89,2014,12242
89,2015,12537
89,2016,12859
89,2017,12187
89,2018,11238
89,2019,11420
