geo,year,cream_fresh_production_pcl
10,1988,19
10,1990,160
10,1991,148
10,1992,8343
10,1993,6642
10,1994,9887
10,1995,14119
10,1996,14121
10,1997,27096
10,1998,17672
10,1999,14995
10,2000,11435
10,2001,13995
10,2002,17782
10,2003,20421
10,2004,26796
10,2005,20893
10,2006,17410
10,2007,15650
10,2008,8570
10,2009,8800
10,2010,7000
10,2011,6200
10,2012,6600
10,2013,6800
10,2014,6466
10,2015,6420
10,2016,6903
10,2017,6202
10,2018,6062
100,1995,150
100,1996,150
100,1997,150
100,1998,150
100,1999,150
100,2000,150
100,2001,150
100,2002,150
100,2003,150
100,2004,750
100,2005,150
100,2006,300
100,2007,1500
100,2008,1500
100,2009,1500
100,2010,1500
100,2011,1500
100,2012,1500
100,2013,1500
100,2014,1716
100,2015,1872
100,2016,1989
100,2017,2140
100,2018,2290
101,1961,334
101,1962,349
101,1963,333
101,1964,381
101,1965,412
101,1966,447
101,1967,384
101,1968,361
101,1969,291
101,1970,296
101,1971,362
101,1972,383
101,1973,351
101,1974,572
101,1975,513
101,1976,583
101,1977,608
101,1978,624
101,1979,723
101,1980,785
101,1981,861
101,1982,1178
101,1983,1747
101,1984,1791
101,1985,1925
101,1986,2216
101,1987,2360
101,1988,2653
101,1989,3382
101,1990,3457
101,1991,3607
101,1992,3678
101,1993,3895
101,1994,4278
101,1995,4347
101,1996,4422
101,1997,4245
101,1998,3762
101,1999,4370
101,2000,4988
101,2001,4846
101,2002,4978
101,2003,5586
101,2004,5563
101,2005,5447
101,2006,6236
101,2007,5793
101,2008,6611
101,2009,8884
101,2010,9101
101,2011,9752
101,2012,9600
101,2013,9817
101,2014,7999
101,2015,8417
101,2016,9245
101,2017,9317
101,2018,9215
102,1961,109
102,1962,110
102,1963,114
102,1964,122
102,1965,130
102,1966,126
102,1967,132
102,1968,142
102,1969,161
102,1970,176
102,1971,158
102,1972,177
102,1973,198
102,1974,218
102,1975,229
102,1976,235
102,1977,241
102,1978,247
102,1979,246
102,1980,258
102,1981,267
102,1982,278
102,1983,296
102,1984,301
102,1985,309
102,1986,314
102,1987,340
102,1988,350
102,1989,342
102,1990,423
102,1991,444
102,1992,463
102,1993,482
102,1994,508
102,1995,561
102,1996,619
102,1997,633
102,1998,665
102,1999,715
102,2000,773
102,2001,791
102,2002,808
102,2003,775
102,2004,1096
102,2005,4380
102,2006,8025
102,2007,13159
102,2008,13417
102,2009,13491
102,2010,22352
102,2011,22230
102,2012,21708
102,2013,20924
102,2014,30340
102,2015,21346
102,2016,22421
102,2017,25404
102,2018,25953
104,1961,2000
104,1962,3000
104,1963,3000
104,1964,3000
104,1965,4000
104,1966,4000
104,1967,4000
104,1968,4000
104,1969,6000
104,1970,6000
104,1971,6000
104,1972,7000
104,1973,8000
104,1974,7000
104,1975,5000
104,1976,5000
104,1977,6000
104,1978,6000
104,1979,7000
104,1980,15000
104,1981,19000
104,1982,22000
104,1983,18000
104,1984,19000
104,1985,22000
104,1986,21000
104,1987,21000
104,1988,21000
104,1989,21000
104,1990,21000
104,1991,21000
104,1992,21015
104,1993,20975
104,1994,22000
104,1995,22000
104,1996,22000
104,1997,22000
104,1998,24000
104,1999,23000
104,2000,21000
104,2001,21000
104,2002,20000
104,2003,19000
104,2004,19800
104,2005,22000
104,2006,22000
104,2007,22000
104,2008,22000
104,2009,21000
104,2010,21000
104,2011,21000
104,2012,22000
104,2013,22000
104,2014,23162
104,2015,26363
104,2016,27282
104,2017,30064
104,2018,32007
106,1961,11700
106,1962,11300
106,1963,10100
106,1964,10600
106,1965,11200
106,1966,12000
106,1967,14000
106,1968,16000
106,1969,18000
106,1970,20000
106,1971,24000
106,1972,28000
106,1973,31600
106,1974,33094
106,1975,43494
106,1976,43717
106,1977,40900
106,1978,47300
106,1979,46990
106,1980,51266
106,1981,55482
106,1982,56077
106,1983,61178
106,1984,64665
106,1985,65026
106,1986,61522
106,1987,75486
106,1988,80824
106,1989,82586
106,1990,95018
106,1991,101053
106,1992,90723
106,1993,90392
106,1994,103719
106,1995,98400
106,1996,100400
106,1997,99000
106,1998,120266
106,1999,122700
106,2000,112800
106,2001,118300
106,2002,120000
106,2003,120000
106,2004,114900
106,2005,117000
106,2006,130000
106,2007,133000
106,2008,147000
106,2009,130000
106,2010,124000
106,2011,126000
106,2012,117594
106,2013,118226
106,2014,130590
106,2015,120000
106,2016,120000
106,2017,120000
106,2018,120000
108,1992,78000
108,1993,90000
108,1994,60000
108,1995,39000
108,1996,21000
108,1997,12000
108,1998,13500
108,1999,13500
108,2000,13500
108,2001,14250
108,2002,14100
108,2003,14100
108,2004,14250
108,2005,14250
108,2006,14250
108,2007,14700
108,2008,15000
108,2009,15750
108,2010,15000
108,2011,15000
108,2012,15000
108,2013,15000
108,2014,19593
108,2015,19943
108,2016,18144
108,2017,18720
108,2018,19608
11,1961,56100
11,1962,56680
11,1963,53079
11,1964,47000
11,1965,41000
11,1966,36000
11,1967,29000
11,1968,26000
11,1969,24000
11,1970,25000
11,1971,23000
11,1972,23000
11,1973,22627
11,1974,25000
11,1975,25683
11,1976,27286
11,1977,27254
11,1978,28762
11,1979,30169
11,1980,30627
11,1981,31087
11,1982,31861
11,1983,33666
11,1984,33946
11,1985,34773
11,1986,35382
11,1987,35946
11,1988,38771
11,1989,42203
11,1990,44171
11,1991,46125
11,1992,44712
11,1993,46104
11,1994,46938
11,1995,52797
11,1996,51560
11,1997,53837
11,1998,55836
11,1999,56589
11,2000,58455
11,2001,58030
11,2002,59569
11,2003,60066
11,2004,61361
11,2005,61170
11,2006,66168
11,2007,65254
11,2008,64695
11,2009,63529
11,2010,63927
11,2011,65193
11,2012,64739
11,2013,73258
11,2014,72862
11,2015,74054
11,2016,79147
11,2017,80930
11,2018,81833
113,1998,180
113,1999,210
113,2000,180
113,2001,300
113,2002,409
113,2003,408
113,2004,387
113,2005,219
113,2006,148
113,2007,21
113,2008,28
113,2009,54
113,2010,100
113,2011,42
113,2012,31
113,2013,18
113,2014,60
113,2015,28
113,2016,36
113,2017,51
113,2018,47
114,1961,45
114,1962,45
114,1963,45
114,1964,45
114,1965,45
114,1966,45
114,1967,45
114,1968,45
114,1969,45
114,1970,45
114,1971,45
114,1972,45
114,1973,45
114,1974,45
114,1975,45
114,1976,45
114,1977,45
114,1978,45
114,1979,45
114,1980,45
114,1981,45
114,1982,45
114,1983,45
114,1984,45
114,1985,45
114,1986,45
114,1987,45
114,1988,45
114,1989,45
114,1990,54
114,1991,63
114,1992,63
114,1993,99
114,1994,81
114,1995,63
114,1996,63
114,1997,63
114,1998,45
114,1999,45
114,2000,45
114,2001,45
114,2002,45
114,2003,315
114,2004,1800
114,2005,2700
114,2006,10890
114,2007,21600
114,2008,21600
114,2009,21600
114,2010,21600
114,2011,21600
114,2012,22500
114,2013,21600
114,2014,21892
114,2015,20267
114,2016,24045
114,2017,21248
114,2018,22577
119,1992,34100
119,1993,17200
119,1994,16700
119,1995,17400
119,1996,17800
119,1997,18700
119,1998,21700
119,1999,19000
119,2000,17000
119,2001,18000
119,2002,18000
119,2003,16700
119,2004,18300
119,2005,19240
119,2006,27900
119,2007,28800
119,2008,25032
119,2009,26600
119,2010,31100
119,2011,32700
119,2012,35800
119,2013,36000
119,2014,36300
119,2015,36800
119,2016,35990
119,2017,42890
119,2018,41577
121,2003,731
121,2004,699
121,2005,712
121,2006,630
121,2007,701
121,2008,922
121,2009,646
121,2010,844
121,2011,1135
121,2012,1138
121,2013,1386
121,2014,1291
121,2015,1291
121,2016,1294
121,2017,1294
121,2018,1300
126,1992,21700
126,1993,15400
126,1994,15400
126,1995,15600
126,1996,17400
126,1997,18400
126,1998,19600
126,1999,17600
126,2000,17900
126,2001,19100
126,2002,20000
126,2003,21300
126,2004,26100
126,2005,41900
126,2006,41800
126,2007,54500
126,2008,61500
126,2009,58400
126,2010,55100
126,2011,78400
126,2012,73200
126,2013,60800
126,2014,61700
126,2015,68900
126,2016,63100
126,2017,66000
126,2018,58000
131,1961,109
131,1962,110
131,1963,95
131,1964,112
131,1965,112
131,1966,114
131,1967,95
131,1968,94
131,1969,110
131,1970,114
131,1971,115
131,1972,113
131,1973,119
131,1974,113
131,1975,108
131,1976,120
131,1977,115
131,1978,134
131,1979,151
131,1980,153
131,1981,169
131,1982,174
131,1983,162
131,1984,154
131,1985,126
131,1986,130
131,1987,139
131,1988,162
131,1989,175
131,1990,176
131,1991,176
131,1992,190
131,1993,203
131,1994,216
131,1995,226
131,1996,241
131,1997,211
131,1998,208
131,1999,195
131,2000,202
131,2001,197
131,2002,233
131,2003,233
131,2004,249
131,2005,279
131,2006,305
131,2007,338
131,2008,374
131,2009,409
131,2010,434
131,2011,440
131,2012,462
131,2013,565
131,2014,605
131,2015,641
131,2016,373
131,2017,408
131,2018,413
14,1995,1023
14,1996,1115
14,1997,1140
14,1998,1200
14,1999,1085
14,2000,1060
14,2001,1058
14,2002,969
14,2003,941
14,2004,893
14,2005,848
14,2006,769
14,2007,921
14,2008,905
14,2009,937
14,2010,937
14,2011,803
14,2012,804
14,2013,668
14,2014,535
14,2015,560
14,2016,463
14,2017,528
14,2018,505
146,1992,3300
146,1993,1050
146,1994,750
146,1995,600
146,1996,450
146,1997,450
146,1998,450
146,1999,450
146,2000,380
146,2001,380
146,2002,360
146,2003,380
146,2004,370
146,2005,390
146,2006,405
146,2007,405
146,2008,300
146,2009,405
146,2010,405
146,2011,405
146,2012,405
146,2013,405
146,2014,421
146,2015,426
146,2016,502
146,2017,434
146,2018,367
15,1961,5353
15,1962,6082
15,1963,6272
15,1964,6124
15,1965,6629
15,1966,7129
15,1967,7356
15,1968,8110
15,1969,8755
15,1970,9599
15,1971,10423
15,1972,10689
15,1973,10850
15,1974,11481
15,1975,12148
15,1976,12429
15,1977,13632
15,1978,14363
15,1979,14989
15,1980,16251
15,1981,17987
15,1982,21728
15,1983,22885
15,1984,23081
15,1985,25857
15,1986,30229
15,1987,36420
15,1988,41694
15,1989,47151
15,1990,53363
15,1991,59927
15,1992,62498
15,1993,63252
15,1994,61578
15,1995,65488
15,1996,68844
15,1997,87420
15,1998,94607
15,1999,90349
150,1961,17000
150,1962,18000
150,1963,19000
150,1964,20000
150,1965,21000
150,1966,22000
150,1967,23000
150,1968,23000
150,1969,23000
150,1970,23966
150,1971,25103
150,1972,24409
150,1973,23733
150,1974,25182
150,1975,26521
150,1976,27691
150,1977,31039
150,1978,33580
150,1979,37000
150,1980,36000
150,1981,37000
150,1982,39000
150,1983,37000
150,1984,38000
150,1985,37300
150,1986,36600
150,1987,39000
150,1988,38700
150,1989,40100
150,1990,57000
150,1991,56000
150,1992,51000
150,1993,52000
150,1994,52000
150,1995,56000
150,1996,57000
150,1997,51000
150,1998,50000
150,1999,48000
150,2000,58000
150,2001,52000
150,2002,42000
150,2003,46000
150,2004,41000
150,2005,36000
150,2006,54000
150,2007,30000
150,2008,44340
150,2009,35510
150,2010,85000
150,2011,60000
150,2012,50000
150,2013,60000
150,2014,71000
150,2015,95000
150,2016,70000
150,2017,65000
150,2018,54555
154,2004,2125
154,2005,3125
154,2006,4000
154,2007,0
154,2008,0
154,2009,0
154,2010,0
154,2011,0
154,2012,0
154,2013,0
154,2014,0
154,2015,0
154,2016,0
154,2017,0
154,2018,0
156,1961,7270
156,1962,7730
156,1963,7000
156,1964,12700
156,1965,13200
156,1966,14800
156,1967,14900
156,1968,14000
156,1969,14700
156,1970,15400
156,1971,14700
156,1972,14700
156,1973,14700
156,1974,12900
156,1975,16300
156,1976,17100
156,1977,3963
156,1978,8150
156,1979,7671
156,1980,6103
156,1981,4700
156,1982,5289
156,1983,6088
156,1984,7965
156,1985,6280
156,1986,6400
156,1987,6200
156,1988,6053
156,1989,7824
156,1990,7116
156,1991,6080
156,1992,6500
156,1993,6278
156,1994,8697
156,1995,12000
156,1996,9000
156,1997,11069
156,1998,10000
156,1999,9000
156,2000,9000
156,2001,8500
156,2002,8500
156,2003,10500
156,2004,11500
156,2005,11000
156,2006,9500
156,2007,12000
156,2008,14000
156,2009,21000
156,2010,22000
156,2011,21500
156,2012,30000
156,2013,31000
156,2014,39000
156,2015,51400
156,2016,70400
156,2017,99000
156,2018,96650
162,1961,23000
162,1962,23000
162,1963,25000
162,1964,25000
162,1965,26000
162,1966,26000
162,1967,27000
162,1968,27000
162,1969,27000
162,1970,27000
162,1971,27000
162,1972,27000
162,1973,28000
162,1974,28000
162,1975,28000
162,1976,27711
162,1977,28223
162,1978,29569
162,1979,30076
162,1980,30625
162,1981,30954
162,1982,30994
162,1983,31158
162,1984,31815
162,1985,32294
162,1986,32780
162,1987,33328
162,1988,33227
162,1989,33100
162,1990,33700
162,1991,34056
162,1992,34087
162,1993,34361
162,1994,36400
162,1995,34930
162,1996,34595
162,1997,32565
162,1998,35336
162,1999,30500
162,2000,34400
162,2001,34850
162,2002,35400
162,2003,36000
162,2004,36000
162,2005,36000
162,2006,36000
162,2007,36000
162,2008,36000
162,2009,36000
162,2010,36000
162,2011,36000
162,2012,36000
162,2013,36000
162,2014,35164
162,2015,37071
162,2016,38509
162,2017,34906
162,2018,36987
165,1995,0
165,2001,6
165,2002,6
165,2003,600
165,2004,666
165,2005,505
165,2006,474
165,2007,1410
165,2008,1110
165,2009,1350
165,2010,1500
165,2011,1650
165,2012,2010
165,2013,2910
165,2014,2671
165,2015,2972
165,2016,3227
165,2017,3179
165,2018,3365
167,1993,20894
167,1994,21000
167,1995,21000
167,1996,21000
167,1997,20000
167,1998,16000
167,1999,18000
167,2000,18000
167,2001,20000
167,2002,18000
167,2003,14000
167,2004,28000
167,2005,54000
167,2006,42000
167,2007,43000
167,2008,46000
167,2009,50000
167,2010,50000
167,2011,47000
167,2012,47000
167,2013,50000
167,2014,53930
167,2015,55470
167,2016,58280
167,2017,58970
167,2018,56840
173,1961,214000
173,1962,217000
173,1963,205000
173,1964,222000
173,1965,247000
173,1966,257000
173,1967,264000
173,1968,270000
173,1969,284000
173,1970,292000
173,1971,304000
173,1972,314000
173,1973,321000
173,1974,336000
173,1975,332000
173,1976,373000
173,1977,363000
173,1978,394100
173,1979,407700
173,1980,417500
173,1981,407100
173,1982,438123
173,1983,389939
173,1984,432571
173,1985,363719
173,1986,330759
173,1987,349334
173,1988,345367
173,1989,334550
173,1990,219934
173,1991,200000
173,1992,183000
173,1993,176000
173,1994,170000
173,1995,163000
173,1996,189000
173,1997,200500
173,1998,193000
173,1999,193000
173,2000,198300
173,2001,204900
173,2002,214800
173,2003,217400
173,2004,235700
173,2005,266000
173,2006,294000
173,2007,286000
173,2008,296000
173,2009,295000
173,2010,291000
173,2011,290000
173,2012,300000
173,2013,305000
173,2014,286385
173,2015,288704
173,2016,287185
173,2017,287322
173,2018,297244
174,1986,2000
174,1987,2632
174,1988,4046
174,1989,3566
174,1990,5288
174,1991,4375
174,1992,6264
174,1993,5837
174,1994,7344
174,1995,8153
174,1996,9319
174,1997,11392
174,1998,12896
174,1999,12332
174,2000,12671
174,2001,13313
174,2002,14637
174,2003,15758
174,2004,16893
174,2005,17200
174,2006,17382
174,2007,17367
174,2008,16593
174,2009,17378
174,2010,18029
174,2011,17857
174,2012,18443
174,2013,18763
174,2014,19836
174,2015,20237
174,2016,20449
174,2017,20511
174,2018,23063
181,1993,1096
181,1994,1539
181,1995,1363
181,1996,1301
181,1997,1109
181,1998,1260
181,1999,1260
181,2000,1260
181,2001,1260
181,2002,1103
181,2003,945
181,2004,945
181,2005,945
181,2006,945
181,2007,945
181,2008,945
181,2009,945
181,2010,945
181,2011,945
181,2012,945
181,2013,945
181,2014,983
181,2015,970
181,2016,960
181,2017,930
181,2018,944
183,2012,1500
183,2013,1800
183,2014,58650
183,2015,2260
183,2016,2216
183,2017,1985
183,2018,2100
185,1992,834900
185,1993,841950
185,1994,559500
185,1995,480000
185,1996,429000
185,1997,405000
185,1998,360000
185,1999,345000
185,2000,361500
185,2001,364500
185,2002,375000
185,2003,375000
185,2004,360000
185,2005,345000
185,2006,345000
185,2007,345000
185,2008,330000
185,2009,329250
185,2010,329250
185,2011,328500
185,2012,332100
185,2013,331350
185,2014,372711
185,2015,379394
185,2016,369205
185,2017,396862
185,2018,380600
186,1992,0
194,1997,1500
194,1998,8500
194,1999,500
194,2000,1000
194,2001,1000
194,2002,2500
194,2003,12500
194,2004,23000
194,2005,18450
194,2006,12000
194,2007,25500
194,2008,33000
194,2009,40500
194,2010,75000
194,2011,75000
194,2012,75000
194,2013,69000
194,2014,49441
194,2015,61542
194,2016,80000
194,2017,80924
194,2018,71103
198,1992,9414
198,1993,10320
198,1994,12927
198,1995,14900
198,1996,16700
198,1997,15800
198,1998,16700
198,1999,17200
198,2000,20500
198,2001,21700
198,2002,13800
198,2003,15600
198,2004,18300
198,2005,15500
198,2006,13800
198,2007,15200
198,2008,15200
198,2009,15200
198,2010,15300
198,2011,15300
198,2012,15900
198,2013,16500
198,2014,22742
198,2015,21481
198,2016,20222
198,2017,18230
198,2018,17574
199,1993,16000
199,1994,15721
199,1995,16000
199,1996,16000
199,1997,16000
199,1998,15000
199,1999,20500
199,2000,19000
199,2001,20000
199,2002,22994
199,2003,26621
199,2004,30000
199,2005,22900
199,2006,22900
199,2007,22900
199,2008,17100
199,2009,17100
199,2010,17100
199,2011,17100
199,2012,20000
199,2013,15000
199,2014,15986
199,2015,16008
199,2016,15674
199,2017,16422
199,2018,16829
20,1961,8
20,1962,8
20,1963,8
20,1964,8
20,1965,7
20,1966,6
20,1967,6
20,1968,7
20,1969,8
20,1970,7
20,1971,7
20,1972,8
20,1973,9
20,1974,10
20,1975,11
20,1976,12
20,1977,13
20,1978,14
20,1979,14
20,1980,14
20,1981,15
20,1982,16
20,1983,17
20,1984,15
20,1985,16
20,1986,17
20,1987,17
20,1988,18
20,1989,18
20,1990,18
20,1991,18
20,1992,15
20,1993,13
20,1994,13
20,1995,14
20,1996,13
20,1997,13
20,1998,12
20,1999,12
20,2000,12
20,2001,12
20,2002,12
20,2003,12
20,2004,12
20,2005,12
20,2006,13
20,2007,13
20,2008,13
20,2009,13
20,2010,13
20,2011,13
20,2012,13
20,2013,13
20,2014,36
20,2015,38
20,2016,36
20,2017,27
20,2018,34
202,1988,900
202,1989,900
202,1990,900
202,1991,1980
202,1992,900
202,1993,900
202,1994,1350
202,1995,1350
202,1996,1260
202,1997,1620
202,1998,3150
202,1999,2700
202,2000,2700
202,2001,2700
202,2002,2700
202,2003,2700
202,2004,2700
202,2005,2700
202,2006,2700
202,2007,2700
202,2008,3600
202,2009,5400
202,2010,2700
202,2011,2700
202,2012,2700
202,2013,2700
202,2014,2015
202,2015,2036
202,2016,2078
202,2017,2134
202,2018,2431
203,1973,14000
203,1974,7000
203,1975,10000
203,1976,10000
203,1977,15000
203,1978,15000
203,1979,20000
203,1980,20000
203,1981,24000
203,1982,18100
203,1983,23518
203,1984,21208
203,1985,22056
203,1986,30000
203,1987,33000
203,1988,38687
203,1989,35516
203,1990,38273
203,1991,42700
203,1992,43000
203,1993,44800
203,1994,37500
203,1995,38300
203,1996,45800
203,1997,60800
203,1998,56400
203,1999,85000
203,2000,78800
203,2001,103600
203,2002,104600
203,2003,92900
203,2004,93000
203,2005,93000
203,2006,96000
203,2007,115000
203,2008,145000
203,2009,146000
203,2010,138000
203,2011,137000
203,2012,176000
203,2013,132000
203,2014,152200
203,2015,151533
203,2016,152045
203,2017,158790
203,2018,157056
21,2001,1500
21,2002,4500
21,2003,2000
21,2004,3200
21,2005,1900
21,2006,5000
21,2007,6200
21,2008,6000
21,2009,5600
21,2010,8900
21,2011,5800
21,2012,7600
21,2013,6900
21,2014,7667
21,2015,8068
21,2016,7298
21,2017,7787
21,2018,7733
210,1961,48000
210,1962,48000
210,1963,49000
210,1964,50000
210,1965,51000
210,1966,50500
210,1967,51542
210,1968,52763
210,1969,52717
210,1970,53445
210,1971,52728
210,1972,52451
210,1973,53485
210,1974,55939
210,1975,58857
210,1976,59130
210,1977,59286
210,1978,60761
210,1979,63873
210,1980,65493
210,1981,65243
210,1982,65627
210,1983,65029
210,1984,67623
210,1985,69458
210,1986,71801
210,1987,73661
210,1988,74321
210,1989,74990
210,1990,75522
210,1991,76197
210,1992,77057
210,1993,78870
210,1994,81586
210,1995,83822
210,1996,86328
210,1997,92417
210,1998,92640
210,1999,94235
210,2000,96184
210,2001,99800
210,2002,92542
210,2003,91000
210,2004,90000
210,2005,89000
210,2006,90400
210,2007,94100
210,2008,96500
210,2009,103900
210,2010,109700
210,2011,109900
210,2012,112700
210,2013,103800
210,2014,105200
210,2015,112400
210,2016,112700
210,2017,105300
210,2018,102400
211,1961,15000
211,1962,15900
211,1963,17100
211,1964,18400
211,1965,19500
211,1966,20000
211,1967,20500
211,1968,22100
211,1969,23400
211,1970,24900
211,1971,26000
211,1972,28200
211,1973,29700
211,1974,30300
211,1975,30700
211,1976,32300
211,1977,34600
211,1978,35700
211,1979,36900
211,1980,38500
211,1981,38800
211,1982,39700
211,1983,40700
211,1984,42300
211,1985,43000
211,1986,43900
211,1987,44913
211,1988,44700
211,1989,45300
211,1990,45158
211,1991,45431
211,1992,45729
211,1993,46100
211,1994,45779
211,1995,46261
211,1996,46773
211,1997,46306
211,1998,46056
211,1999,49535
211,2000,41540
211,2001,40398
211,2002,42340
211,2003,39810
211,2004,38830
211,2005,38640
211,2006,38297
211,2007,39206
211,2008,39949
211,2009,39541
211,2010,38862
211,2011,38116
211,2012,37570
211,2013,37497
211,2014,37276
211,2015,37555
211,2016,37409
211,2017,36800
211,2018,37495
216,1986,60
216,1987,60
216,1988,300
216,1989,120
216,1990,120
216,1991,60
216,1992,60
216,1993,60
216,1994,120
216,1995,120
216,1996,120
216,1997,120
216,1998,120
216,1999,120
216,2000,180
216,2001,120
216,2002,120
216,2003,360
216,2004,864
216,2005,864
216,2006,864
216,2007,864
216,2008,864
216,2009,864
216,2010,864
216,2011,864
216,2012,864
216,2013,864
216,2014,3739
216,2015,4122
216,2016,4157
216,2017,4152
216,2018,4135
222,2000,8772
222,2001,9095
222,2002,9353
222,2003,9546
222,2004,8772
222,2005,9353
222,2006,9353
222,2007,9353
222,2008,17415
222,2009,19995
222,2010,19673
222,2011,20318
222,2012,20963
222,2013,21995
222,2014,23883
222,2015,26251
222,2016,27217
222,2017,27581
222,2018,26462
223,1985,1
223,1986,1
223,1987,5
223,1988,11
223,1989,13
223,1990,10
223,1991,5
223,1992,5
223,1993,5
223,1994,5
223,1995,100
223,1996,100
223,1997,300
223,1998,100
223,1999,140
223,2000,170
223,2001,320
223,2002,300
223,2003,1400
223,2004,2100
223,2005,3200
223,2006,5900
223,2007,4900
223,2008,5110
223,2009,4490
223,2010,4100
223,2011,6400
223,2012,7062
223,2013,6500
223,2014,7345
223,2015,7137
223,2016,6959
223,2017,8059
223,2018,8206
228,1961,320227
228,1962,338000
228,1963,357900
228,1964,390600
228,1965,435283
228,1966,484953
228,1967,500100
228,1968,582178
228,1969,648611
228,1970,711793
228,1971,754500
228,1972,812978
228,1973,1007563
228,1974,1104898
228,1975,1185383
228,1976,1368219
228,1977,1520230
228,1978,1619960
228,1979,1701411
228,1980,1500000
228,1981,1450000
228,1982,1500000
228,1983,1550000
228,1984,1600000
228,1985,1890000
228,1986,1800000
228,1987,1750000
228,1988,1800000
228,1989,1900000
228,1990,2000000
228,1991,1750000
229,1961,41000
229,1962,41000
229,1963,41000
229,1964,41000
229,1965,41000
229,1966,58000
229,1967,63000
229,1968,68000
229,1969,71000
229,1970,74000
229,1971,76000
229,1972,77000
229,1973,82000
229,1974,85000
229,1975,84000
229,1976,81000
229,1977,82000
229,1978,74000
229,1979,75000
229,1980,75000
229,1981,70400
229,1982,68200
229,1983,68100
229,1984,55600
229,1985,42700
229,1986,33340
229,1987,30360
229,1988,36360
229,1989,34180
229,1990,61797
229,1991,74012
229,1992,52318
229,1993,53567
229,1994,56000
229,1995,56000
229,1996,56000
229,1997,75000
229,1998,91000
229,1999,88000
229,2000,75000
229,2001,70000
229,2002,80000
229,2003,100000
229,2004,68000
229,2005,63000
229,2006,58600
229,2007,36000
229,2008,36000
229,2009,36000
229,2010,36000
229,2011,36000
229,2012,60000
229,2013,40000
229,2014,46288
229,2015,50769
229,2016,44973
229,2017,47517
229,2018,48691
231,1961,137880
231,1962,240326
231,1963,207381
231,1964,182806
231,1965,168174
231,1966,136854
231,1967,108945
231,1968,89721
231,1969,73881
231,1970,48537
231,1971,41272
231,1972,33066
231,1973,27760
231,1974,17636
231,1975,12818
231,1976,9389
231,1977,7593
231,1978,4246
231,1979,4113
231,1980,3600
231,1981,3681
231,1982,3600
231,1983,3600
231,1984,3600
231,1985,3600
231,1986,3600
231,1987,3600
231,1988,3600
231,1989,3600
231,1990,3600
231,1991,3600
231,1992,3600
231,1993,10890
231,1994,14985
231,1995,4473
231,1996,7560
231,1997,7155
231,1998,576
231,1999,90
231,2000,3510
231,2001,5400
231,2002,3240
231,2003,6300
231,2004,6300
231,2005,9000
231,2006,10800
231,2007,13500
231,2008,15300
231,2009,18000
231,2010,18450
231,2011,22500
231,2012,22950
231,2013,23400
231,2014,23854
231,2015,24312
231,2016,24774
231,2017,25409
231,2018,26542
234,1990,513
234,1991,5139
234,1992,8496
234,1993,10301
234,1994,7218
234,1995,5171
234,1996,3731
234,1997,855
234,1998,1854
234,1999,1035
234,2000,338
234,2001,495
234,2002,153
234,2003,549
234,2004,585
234,2005,990
234,2006,720
234,2007,500
234,2008,270
234,2009,270
234,2010,270
234,2011,270
234,2012,675
234,2013,675
234,2014,600
234,2015,1990
234,2016,640
234,2017,580
234,2018,600
236,1985,248
236,1986,313
236,1987,302
236,1988,415
236,1989,478
236,1990,370
236,1991,279
236,1992,208
236,1993,358
236,1994,447
236,1995,4851
236,1996,3045
236,1997,3301
236,1998,4765
236,1999,4622
236,2000,4720
236,2001,4815
236,2002,5950
236,2003,7560
236,2004,5695
236,2005,7279
236,2006,1348
236,2007,7532
236,2008,7316
236,2009,6428
236,2010,4850
236,2011,2046
236,2012,2254
236,2013,2925
236,2014,2312
236,2015,2526
236,2016,2612
236,2017,2308
236,2018,2591
248,1961,7000
248,1962,7000
248,1963,7000
248,1964,7000
248,1965,7000
248,1966,7000
248,1967,7000
248,1968,9000
248,1969,9000
248,1970,9000
248,1971,6000
248,1972,6000
248,1973,6000
248,1974,6000
248,1975,6000
248,1976,6000
248,1977,6000
248,1978,6000
248,1979,6000
248,1980,9000
248,1981,11200
248,1982,13400
248,1983,8000
248,1984,5000
248,1985,10400
248,1986,11300
248,1987,13500
248,1988,12200
248,1989,11800
248,1990,9800
248,1991,8400
255,2000,94612
255,2001,96862
255,2002,100993
255,2003,103767
255,2004,107195
255,2005,127658
255,2006,137111
255,2007,136383
255,2008,136882
255,2009,139250
255,2010,157000
255,2011,171000
255,2012,176000
255,2013,198000
255,2014,219300
255,2015,222260
255,2016,233670
255,2017,234690
255,2018,246440
256,2000,2960
256,2001,2720
256,2002,2480
256,2003,2440
256,2004,2540
256,2005,2390
256,2006,2400
256,2007,2400
256,2008,2400
256,2009,2400
256,2010,4500
256,2011,6500
256,2012,5600
256,2013,4200
256,2014,6115
256,2015,5468
256,2016,4894
256,2017,1094
256,2018,1337
27,2004,75
27,2005,75
27,2006,75
27,2007,75
27,2008,75
27,2009,75
27,2010,75
27,2011,75
27,2012,75
27,2013,75
27,2014,940
27,2015,85
27,2016,86
27,2017,96
27,2018,92
272,2006,800
272,2007,800
272,2008,800
272,2009,800
272,2010,800
272,2011,800
272,2012,800
272,2013,800
272,2014,1145
272,2015,1176
272,2016,1224
272,2017,1384
272,2018,1038
33,1961,95254
33,1962,87543
33,1963,87543
33,1964,89357
33,1965,89811
33,1966,89811
33,1967,88450
33,1968,87543
33,1969,86636
33,1970,86182
33,1971,84821
33,1972,84821
33,1973,87089
33,1974,87543
33,1975,79856
33,1976,83303
33,1977,82075
33,1978,86600
33,1979,93000
33,1980,93000
33,1981,95000
33,1982,100000
33,1983,108000
33,1984,118000
33,1985,123687
33,1986,131093
33,1987,134867
33,1988,136513
33,1989,135646
33,1990,147830
33,1991,143080
33,1992,145340
33,1993,149720
33,1994,154440
33,1995,159900
33,1996,162410
33,1997,168010
33,1998,182010
33,1999,193280
33,2000,209620
33,2001,221290
33,2002,227960
33,2003,251560
33,2004,263720
33,2005,269820
33,2006,280070
33,2007,290550
33,2008,284240
33,2009,283540
33,2010,287250
33,2011,301220
33,2012,332820
33,2013,341950
33,2014,346510
33,2015,310000
33,2016,240000
33,2017,220000
33,2018,220000
351,1990,0
351,1991,0
351,1992,800
351,1993,400
351,1994,100
351,1995,250
351,1996,0
351,1997,750
351,1998,100
351,1999,0
351,2000,0
351,2001,0
351,2002,0
351,2003,0
351,2004,0
351,2005,0
351,2006,0
351,2007,0
351,2008,0
351,2009,0
351,2010,0
351,2011,0
351,2012,0
351,2013,0
351,2014,0
351,2015,0
351,2016,0
351,2017,0
351,2018,0
40,1986,1
40,1987,41
40,1988,68
40,1989,66
40,1990,432
40,1991,338
40,1992,342
40,1993,743
40,1994,1616
40,1995,1530
40,1996,2250
40,1997,2340
40,1998,1089
40,1999,1089
40,2000,1089
40,2001,1170
40,2002,1125
40,2003,1125
40,2004,1152
40,2005,1170
40,2006,1170
40,2007,1170
40,2008,1170
40,2009,1170
40,2010,1170
40,2011,1170
40,2012,1260
40,2013,1260
40,2014,1141
40,2015,1068
40,2016,1044
40,2017,1047
40,2018,1049
44,1989,900
44,1990,900
44,1991,900
44,1992,900
44,1993,900
44,1994,900
44,1995,900
44,1996,900
44,1997,900
44,1998,900
44,1999,900
44,2000,900
44,2001,900
44,2002,900
44,2003,900
44,2004,900
44,2005,900
44,2006,900
44,2007,900
44,2008,900
44,2009,900
44,2010,900
44,2011,900
44,2012,900
44,2013,900
44,2014,1072
44,2015,1050
44,2016,1011
44,2017,1104
44,2018,947
50,1990,0
5000,1961,1257477
5000,1962,1381017
5000,1963,1351861
5000,1964,1397882
5000,1965,1466803
5000,1966,1543543
5000,1967,1554029
5000,1968,1653935
5000,1969,1749543
5000,1970,1826973
5000,1971,1894370
5000,1972,1974644
5000,1973,2208197
5000,1974,2336163
5000,1975,2430851
5000,1976,2679484
5000,1977,2862836
5000,1978,3036700
5000,1979,3193581
5000,1980,3021525
5000,1981,2999808
5000,1982,3113124
5000,1983,3168990
5000,1984,3294328
5000,1985,3563586
5000,1986,3457928
5000,1987,3497953
5000,1988,3602619
5000,1989,3698768
5000,1990,3846765
5000,1991,3596915
5000,1992,2909320
5000,1993,3001293
5000,1994,2715180
5000,1995,2619166
5000,1996,2639173
5000,1997,2702353
5000,1998,2721023
5000,1999,2746372
5000,2000,2788235
5000,2001,2869381
5000,2002,2889778
5000,2003,2946856
5000,2004,2872663
5000,2005,2946208
5000,2006,3046234
5000,2007,3107719
5000,2008,3149341
5000,2009,3175033
5000,2010,3271572
5000,2011,3324433
5000,2012,3438039
5000,2013,3391574
5000,2014,3536760
5000,2015,3541875
5000,2016,3514478
5000,2017,3564213
5000,2018,3557471
51,1961,16289
51,1962,8335
51,1963,7330
51,1964,12588
51,1965,17887
51,1966,25387
51,1967,27859
51,1968,30950
51,1969,35338
51,1970,38420
51,1971,40299
51,1972,41201
51,1973,44913
51,1974,48213
51,1975,49016
51,1976,50610
51,1977,55992
51,1978,56887
51,1979,60512
51,1980,63316
51,1981,65010
51,1982,51933
51,1983,72591
51,1984,70842
51,1985,68862
51,1986,68856
51,1987,70179
51,1988,70401
51,1989,64008
51,1990,58352
51,1991,41827
51,1992,40000
5100,1961,53
5100,1962,53
5100,1963,53
5100,1964,53
5100,1965,52
5100,1966,51
5100,1967,51
5100,1968,52
5100,1969,53
5100,1970,52
5100,1971,52
5100,1972,53
5100,1973,54
5100,1974,55
5100,1975,56
5100,1976,57
5100,1977,58
5100,1978,59
5100,1979,59
5100,1980,59
5100,1981,60
5100,1982,61
5100,1983,62
5100,1984,60
5100,1985,61
5100,1986,62
5100,1987,62
5100,1988,963
5100,1989,963
5100,1990,972
5100,1991,2061
5100,1992,978
5100,1993,2127
5100,1994,2983
5100,1995,2789
5100,1996,2636
5100,1997,2804
5100,1998,4467
5100,1999,4017
5100,2000,12789
5100,2001,13112
5100,2002,14212
5100,2003,14518
5100,2004,16229
5100,2005,18710
5100,2006,27900
5100,2007,39611
5100,2008,48573
5100,2009,51953
5100,2010,49431
5100,2011,50576
5100,2012,52221
5100,2013,51953
5100,2014,52935
5100,2015,53981
5100,2016,58590
5100,2017,56713
5100,2018,57110
5101,1961,45
5101,1962,45
5101,1963,45
5101,1964,45
5101,1965,45
5101,1966,45
5101,1967,45
5101,1968,45
5101,1969,45
5101,1970,45
5101,1971,45
5101,1972,45
5101,1973,45
5101,1974,45
5101,1975,45
5101,1976,45
5101,1977,45
5101,1978,45
5101,1979,45
5101,1980,45
5101,1981,45
5101,1982,45
5101,1983,45
5101,1984,45
5101,1985,45
5101,1986,45
5101,1987,45
5101,1988,45
5101,1989,45
5101,1990,54
5101,1991,63
5101,1992,63
5101,1993,1195
5101,1994,1620
5101,1995,1426
5101,1996,1364
5101,1997,1172
5101,1998,1305
5101,1999,1305
5101,2000,1305
5101,2001,1305
5101,2002,1148
5101,2003,1260
5101,2004,2745
5101,2005,3645
5101,2006,11835
5101,2007,22545
5101,2008,22545
5101,2009,22545
5101,2010,22545
5101,2011,22545
5101,2012,23445
5101,2013,22545
5101,2014,22875
5101,2015,21237
5101,2016,25005
5101,2017,22178
5101,2018,23521
5103,1990,0
5103,1991,0
5103,1992,0
5103,1993,20
5103,1994,0
5103,1995,0
5103,1996,0
5103,1997,0
5103,1998,0
5103,1999,0
5103,2000,8772
5103,2001,9095
5103,2002,10353
5103,2003,10546
5103,2004,10772
5103,2005,12353
5103,2006,13353
5103,2007,14353
5103,2008,22415
5103,2009,23995
5103,2010,24173
5103,2011,25318
5103,2012,26063
5103,2013,26695
5103,2014,28009
5103,2015,30670
5103,2016,31471
5103,2017,32374
5103,2018,31124
5104,1961,8
5104,1962,8
5104,1963,8
5104,1964,8
5104,1965,7
5104,1966,6
5104,1967,6
5104,1968,7
5104,1969,8
5104,1970,7
5104,1971,7
5104,1972,8
5104,1973,9
5104,1974,10
5104,1975,11
5104,1976,12
5104,1977,13
5104,1978,14
5104,1979,14
5104,1980,14
5104,1981,15
5104,1982,16
5104,1983,17
5104,1984,15
5104,1985,16
5104,1986,17
5104,1987,17
5104,1988,918
5104,1989,918
5104,1990,918
5104,1991,1998
5104,1992,915
5104,1993,913
5104,1994,1363
5104,1995,1364
5104,1996,1273
5104,1997,1633
5104,1998,3162
5104,1999,2712
5104,2000,2712
5104,2001,2712
5104,2002,2712
5104,2003,2712
5104,2004,2712
5104,2005,2712
5104,2006,2713
5104,2007,2713
5104,2008,3613
5104,2009,5413
5104,2010,2713
5104,2011,2713
5104,2012,2713
5104,2013,2713
5104,2014,2051
5104,2015,2074
5104,2016,2114
5104,2017,2161
5104,2018,2465
5200,1961,233134
5200,1962,327869
5200,1963,294924
5200,1964,272163
5200,1965,257985
5200,1966,226665
5200,1967,197395
5200,1968,177264
5200,1969,160517
5200,1970,134719
5200,1971,126093
5200,1972,117887
5200,1973,114849
5200,1974,105179
5200,1975,92674
5200,1976,92692
5200,1977,89668
5200,1978,90846
5200,1979,97113
5200,1980,96600
5200,1981,98681
5200,1982,103700
5200,1983,111700
5200,1984,121700
5200,1985,127635
5200,1986,135107
5200,1987,138910
5200,1988,140696
5200,1989,140790
5200,1990,154645
5200,1991,154336
5200,1992,159886
5200,1993,174411
5200,1994,181106
5200,1995,184747
5200,1996,187510
5200,1997,191101
5200,1998,199794
5200,1999,209101
5200,2000,227336
5200,2001,242728
5200,2002,250897
5200,2003,277035
5200,2004,288545
5200,2005,300507
5200,2006,311868
5200,2007,332398
5200,2008,328101
5200,2009,328723
5200,2010,334774
5200,2011,346874
5200,2012,381694
5200,2013,391426
5200,2014,396463
5200,2015,362557
5200,2016,290317
5200,2017,270720
5200,2018,270177
5203,1961,233134
5203,1962,327869
5203,1963,294924
5203,1964,272163
5203,1965,257985
5203,1966,226665
5203,1967,197395
5203,1968,177264
5203,1969,160517
5203,1970,134719
5203,1971,126093
5203,1972,117887
5203,1973,114849
5203,1974,105179
5203,1975,92674
5203,1976,92692
5203,1977,89668
5203,1978,90846
5203,1979,97113
5203,1980,96600
5203,1981,98681
5203,1982,103600
5203,1983,111600
5203,1984,121600
5203,1985,127287
5203,1986,134693
5203,1987,138467
5203,1988,140113
5203,1989,139246
5203,1990,151430
5203,1991,146680
5203,1992,148940
5203,1993,160610
5203,1994,169425
5203,1995,164373
5203,1996,169970
5203,1997,175165
5203,1998,182586
5203,1999,193370
5203,2000,213130
5203,2001,226690
5203,2002,231200
5203,2003,257860
5203,2004,270020
5203,2005,278820
5203,2006,290870
5203,2007,304050
5203,2008,299540
5203,2009,301540
5203,2010,305700
5203,2011,323720
5203,2012,355770
5203,2013,365350
5203,2014,370364
5203,2015,334312
5203,2016,264774
5203,2017,245409
5203,2018,246542
5204,2005,2500
5204,2006,4991
5204,2007,5025
5204,2008,5400
5204,2009,5278
5204,2010,5447
5204,2011,5565
5204,2012,5651
5204,2013,5788
5204,2014,6052
5204,2015,6214
5204,2016,6358
5204,2017,6518
5204,2018,4470
5206,1995,1023
5206,1996,1115
5206,1997,1140
5206,1998,1200
5206,1999,1085
5206,2000,1060
5206,2001,1058
5206,2002,969
5206,2003,941
5206,2004,893
5206,2005,848
5206,2006,769
5206,2007,921
5206,2008,905
5206,2009,937
5206,2010,937
5206,2011,803
5206,2012,804
5206,2013,668
5206,2014,535
5206,2015,560
5206,2016,463
5206,2017,528
5206,2018,505
5207,1982,100
5207,1983,100
5207,1984,100
5207,1985,348
5207,1986,414
5207,1987,443
5207,1988,583
5207,1989,1544
5207,1990,3215
5207,1991,7656
5207,1992,10946
5207,1993,13801
5207,1994,11681
5207,1995,19352
5207,1996,16426
5207,1997,14796
5207,1998,16008
5207,1999,14646
5207,2000,13147
5207,2001,14980
5207,2002,18728
5207,2003,18234
5207,2004,17632
5207,2005,18339
5207,2006,15238
5207,2007,22402
5207,2008,22256
5207,2009,20968
5207,2010,22690
5207,2011,16786
5207,2012,19469
5207,2013,19620
5207,2014,19512
5207,2015,21471
5207,2016,18722
5207,2017,18265
5207,2018,18660
5300,1961,551
5300,1962,568
5300,1963,542
5300,1964,614
5300,1965,654
5300,1966,687
5300,1967,611
5300,1968,598
5300,1969,562
5300,1970,586
5300,1971,635
5300,1972,673
5300,1973,668
5300,1974,903
5300,1975,849
5300,1976,937
5300,1977,964
5300,1978,1005
5300,1979,1120
5300,1980,1196
5300,1981,1298
5300,1982,1630
5300,1983,2205
5300,1984,2246
5300,1985,2361
5300,1986,2721
5300,1987,2904
5300,1988,3476
5300,1989,4032
5300,1990,4185
5300,1991,4293
5300,1992,83195
5300,1993,95044
5300,1994,65242
5300,1995,44783
5300,1996,26682
5300,1997,19970
5300,1998,27391
5300,1999,19945
5300,2000,21173
5300,2001,22025
5300,2002,23635
5300,2003,36872
5300,2004,49654
5300,2005,48471
5300,2006,49146
5300,2007,68916
5300,2008,77966
5300,2009,87953
5300,2010,130810
5300,2011,134027
5300,2012,134390
5300,2013,128500
5300,2014,124813
5300,2015,129324
5300,2016,147857
5300,2017,153660
5300,2018,145647
5301,1992,78000
5301,1993,90000
5301,1994,60000
5301,1995,39000
5301,1996,21000
5301,1997,12000
5301,1998,13680
5301,1999,13710
5301,2000,13680
5301,2001,14550
5301,2002,14509
5301,2003,14508
5301,2004,14637
5301,2005,14469
5301,2006,14398
5301,2007,14721
5301,2008,15028
5301,2009,15804
5301,2010,15100
5301,2011,15042
5301,2012,15031
5301,2013,15018
5301,2014,19653
5301,2015,19971
5301,2016,18180
5301,2017,18771
5301,2018,19655
5302,1990,0
5302,1991,0
5302,1992,800
5302,1993,400
5302,1994,100
5302,1995,250
5302,1996,0
5302,1997,750
5302,1998,100
5302,1999,0
5302,2000,0
5302,2001,0
5302,2002,0
5302,2003,0
5302,2004,0
5302,2005,0
5302,2006,0
5302,2007,0
5302,2008,0
5302,2009,0
5302,2010,0
5302,2011,0
5302,2012,0
5302,2013,0
5302,2014,0
5302,2015,0
5302,2016,0
5302,2017,0
5302,2018,0
5303,1961,109
5303,1962,110
5303,1963,114
5303,1964,122
5303,1965,130
5303,1966,126
5303,1967,132
5303,1968,142
5303,1969,161
5303,1970,176
5303,1971,158
5303,1972,177
5303,1973,198
5303,1974,218
5303,1975,229
5303,1976,235
5303,1977,241
5303,1978,247
5303,1979,246
5303,1980,258
5303,1981,267
5303,1982,278
5303,1983,296
5303,1984,301
5303,1985,309
5303,1986,314
5303,1987,340
5303,1988,350
5303,1989,342
5303,1990,423
5303,1991,444
5303,1992,463
5303,1993,482
5303,1994,508
5303,1995,711
5303,1996,769
5303,1997,783
5303,1998,815
5303,1999,865
5303,2000,923
5303,2001,947
5303,2002,964
5303,2003,1525
5303,2004,2512
5303,2005,5035
5303,2006,8799
5303,2007,16069
5303,2008,16027
5303,2009,16341
5303,2010,25352
5303,2011,25380
5303,2012,25218
5303,2013,25334
5303,2014,34727
5303,2015,26190
5303,2016,27637
5303,2017,30723
5303,2018,31608
5304,1961,443
5304,1962,458
5304,1963,428
5304,1964,492
5304,1965,524
5304,1966,561
5304,1967,479
5304,1968,456
5304,1969,402
5304,1970,410
5304,1971,477
5304,1972,497
5304,1973,470
5304,1974,685
5304,1975,620
5304,1976,703
5304,1977,723
5304,1978,758
5304,1979,874
5304,1980,938
5304,1981,1031
5304,1982,1351
5304,1983,1910
5304,1984,1945
5304,1985,2051
5304,1986,2406
5304,1987,2559
5304,1988,3115
5304,1989,3677
5304,1990,3752
5304,1991,3844
5304,1992,3927
5304,1993,4157
5304,1994,4615
5304,1995,4693
5304,1996,4783
5304,1997,4577
5304,1998,4090
5304,1999,4684
5304,2000,5370
5304,2001,5163
5304,2002,5332
5304,2003,6179
5304,2004,6676
5304,2005,6590
5304,2006,7405
5304,2007,6995
5304,2008,7849
5304,2009,10157
5304,2010,10399
5304,2011,11056
5304,2012,10926
5304,2013,11246
5304,2014,12343
5304,2015,13180
5304,2016,13775
5304,2017,13877
5304,2018,13763
5305,1985,1
5305,1986,1
5305,1987,5
5305,1988,11
5305,1989,13
5305,1990,10
5305,1991,5
5305,1992,5
5305,1993,5
5305,1994,20
5305,1995,130
5305,1996,130
5305,1997,1860
5305,1998,8705
5305,1999,685
5305,2000,1200
5305,2001,1365
5305,2002,2830
5305,2003,14661
5305,2004,25829
5305,2005,22377
5305,2006,18545
5305,2007,31131
5305,2008,39062
5305,2009,45651
5305,2010,79959
5305,2011,82550
5305,2012,83215
5305,2013,76901
5305,2014,58090
5305,2015,69983
5305,2016,88265
5305,2017,90289
5305,2018,80621
54,1961,39000
54,1962,40000
54,1963,39000
54,1964,40000
54,1965,39000
54,1966,41000
54,1967,42000
54,1968,44000
54,1969,46000
54,1970,46000
54,1971,46000
54,1972,48000
54,1973,39000
54,1974,40000
54,1975,38000
54,1976,40800
54,1977,38000
54,1978,41600
54,1979,43900
54,1980,46000
54,1981,46200
54,1982,48100
54,1983,39400
54,1984,41400
54,1985,42900
54,1986,45000
54,1987,46200
54,1988,48300
54,1989,47900
54,1990,58200
54,1991,61400
54,1992,60400
54,1993,50900
54,1994,52000
54,1995,50000
54,1996,50700
54,1997,50000
54,1998,51000
54,1999,58000
54,2000,58000
54,2001,59000
54,2002,62000
54,2003,65000
54,2004,62500
54,2005,62700
54,2006,56200
54,2007,68300
54,2008,57000
54,2009,60900
54,2010,66100
54,2011,66820
54,2012,64750
54,2013,49070
54,2014,60100
54,2015,70200
54,2016,72800
54,2017,84200
54,2018,52951
5400,1961,1016469
5400,1962,1044797
5400,1963,1049342
5400,1964,1112352
5400,1965,1194912
5400,1966,1301341
5400,1967,1341072
5400,1968,1462021
5400,1969,1573711
5400,1970,1676216
5400,1971,1752889
5400,1972,1841331
5400,1973,2077927
5400,1974,2217127
5400,1975,2320971
5400,1976,2568697
5400,1977,2768183
5400,1978,2936641
5400,1979,3087618
5400,1980,2917567
5400,1981,2895069
5400,1982,3002444
5400,1983,3048935
5400,1984,3162357
5400,1985,3427249
5400,1986,3313638
5400,1987,3349878
5400,1988,3451413
5400,1989,3545159
5400,1990,3679687
5400,1991,3429998
5400,1992,2650418
5400,1993,2716791
5400,1994,2447265
5400,1995,2360727
5400,1996,2399224
5400,1997,2450313
5400,1998,2461699
5400,1999,2489314
5400,2000,2506502
5400,2001,2569021
5400,2002,2574751
5400,2003,2587509
5400,2004,2479939
5400,2005,2546628
5400,2006,2630410
5400,2007,2639144
5400,2008,2672131
5400,2009,2676603
5400,2010,2727558
5400,2011,2765256
5400,2012,2833135
5400,2013,2781895
5400,2014,2917083
5400,2015,2938193
5400,2016,2940411
5400,2017,2977918
5400,2018,2981825
5401,1961,565316
5401,1962,579835
5401,1963,588330
5401,1964,645788
5401,1965,720770
5401,1966,789240
5401,1967,815159
5401,1968,910128
5401,1969,996249
5401,1970,1073513
5401,1971,1132699
5401,1972,1206879
5401,1973,1412276
5401,1974,1533811
5401,1975,1613591
5401,1976,1845283
5401,1977,2006809
5401,1978,2148660
5401,1979,2249953
5401,1980,2073060
5401,1981,2012257
5401,1982,2093832
5401,1983,2119796
5401,1984,2209975
5401,1985,2426166
5401,1986,2301749
5401,1987,2265631
5401,1988,2317633
5401,1989,2387385
5401,1990,2374665
5401,1991,2072978
5401,1992,1150079
5401,1993,1191674
5401,1994,877694
5401,1995,781193
5401,1996,754250
5401,1997,738850
5401,1998,686650
5401,1999,677550
5401,2000,692563
5401,2001,687180
5401,2002,711854
5401,2003,710901
5401,2004,726245
5401,2005,762465
5401,2006,778880
5401,2007,773280
5401,2008,766290
5401,2009,771530
5401,2010,757030
5401,2011,753430
5401,2012,771830
5401,2013,780880
5401,2014,880233
5401,2015,826390
5401,2016,821622
5401,2017,855298
5401,2018,845454
5402,1961,169000
5402,1962,171000
5402,1963,173200
5402,1964,175090
5402,1965,177100
5402,1966,195876
5402,1967,205253
5402,1968,214949
5402,1969,223012
5402,1970,227357
5402,1971,229558
5402,1972,234652
5402,1973,234465
5402,1974,240445
5402,1975,238764
5402,1976,243061
5402,1977,242206
5402,1978,239545
5402,1979,246050
5402,1980,258347
5402,1981,262659
5402,1982,264768
5402,1983,252182
5402,1984,246916
5402,1985,241102
5402,1986,236258
5402,1987,237674
5402,1988,245899
5402,1989,244759
5402,1990,285933
5402,1991,302101
5402,1992,338523
5402,1993,309860
5402,1994,317040
5402,1995,316774
5402,1996,322576
5402,1997,349997
5402,1998,375812
5402,1999,370009
5402,2000,357224
5402,2001,360524
5402,2002,367010
5402,2003,389772
5402,2004,365850
5402,2005,380080
5402,2006,378572
5402,2007,387394
5402,2008,381482
5402,2009,391965
5402,2010,404250
5402,2011,434470
5402,2012,454929
5402,2013,398875
5402,2014,394438
5402,2015,452361
5402,2016,443185
5402,2017,457713
5402,2018,419522
5403,1961,19700
5403,1962,19300
5403,1963,18361
5403,1964,18950
5403,1965,19913
5403,1966,21096
5403,1967,22804
5403,1968,27734
5403,1969,29295
5403,1970,32181
5403,1971,33206
5403,1972,37202
5403,1973,55376
5403,1974,49408
5403,1975,62664
5403,1976,63247
5403,1977,65643
5403,1978,71731
5403,1979,76757
5403,1980,83382
5403,1981,94179
5403,1982,90955
5403,1983,96106
5403,1984,94339
5403,1985,101151
5403,1986,108320
5403,1987,128294
5403,1988,140116
5403,1989,137361
5403,1990,152597
5403,1991,160136
5403,1992,153147
5403,1993,155601
5403,1994,165770
5403,1995,164114
5403,1996,176669
5403,1997,191403
5403,1998,211138
5403,1999,242340
5403,2000,228771
5403,2001,260913
5403,2002,258037
5403,2003,248358
5403,2004,249218
5403,2005,249425
5403,2006,265582
5403,2007,284967
5403,2008,328493
5403,2009,313278
5403,2010,300329
5403,2011,300857
5403,2012,332737
5403,2013,290489
5403,2014,330152
5403,2015,317357
5403,2016,316855
5403,2017,321817
5403,2018,321813
5404,1961,262453
5404,1962,274662
5404,1963,269451
5404,1964,272524
5404,1965,277129
5404,1966,295129
5404,1967,297856
5404,1968,309210
5404,1969,325155
5404,1970,343165
5404,1971,357426
5404,1972,362598
5404,1973,375810
5404,1974,393463
5404,1975,405952
5404,1976,417106
5404,1977,453525
5404,1978,476705
5404,1979,514858
5404,1980,502778
5404,1981,525974
5404,1982,552889
5404,1983,580851
5404,1984,611127
5404,1985,658830
5404,1986,667311
5404,1987,718279
5404,1988,747765
5404,1989,775654
5404,1990,866492
5404,1991,894783
5404,1992,1008669
5404,1993,1059656
5404,1994,1086761
5404,1995,1098646
5404,1996,1145729
5404,1997,1170063
5404,1998,1188099
5404,1999,1199415
5404,2000,1227944
5404,2001,1260404
5404,2002,1237850
5404,2003,1238478
5404,2004,1138626
5404,2005,1154658
5404,2006,1207376
5404,2007,1193503
5404,2008,1195866
5404,2009,1199830
5404,2010,1265949
5404,2011,1276499
5404,2012,1273639
5404,2013,1311651
5404,2014,1312260
5404,2015,1342085
5404,2016,1358749
5404,2017,1343090
5404,2018,1395036
5500,1961,7270
5500,1962,7730
5500,1963,7000
5500,1964,12700
5500,1965,13200
5500,1966,14800
5500,1967,14900
5500,1968,14000
5500,1969,14700
5500,1970,15400
5500,1971,14700
5500,1972,14700
5500,1973,14700
5500,1974,12900
5500,1975,16300
5500,1976,17100
5500,1977,3963
5500,1978,8150
5500,1979,7671
5500,1980,6103
5500,1981,4700
5500,1982,5289
5500,1983,6088
5500,1984,7965
5500,1985,6280
5500,1986,6400
5500,1987,6200
5500,1988,6072
5500,1989,7824
5500,1990,7276
5500,1991,6228
5500,1992,14843
5500,1993,12920
5500,1994,18584
5500,1995,26119
5500,1996,23121
5500,1997,38165
5500,1998,27672
5500,1999,23995
5500,2000,20435
5500,2001,22495
5500,2002,26282
5500,2003,30921
5500,2004,38296
5500,2005,31893
5500,2006,26910
5500,2007,27650
5500,2008,22570
5500,2009,29800
5500,2010,29000
5500,2011,27700
5500,2012,36600
5500,2013,37800
5500,2014,45466
5500,2015,57820
5500,2016,77303
5500,2017,105202
5500,2018,102712
5501,1961,7270
5501,1962,7730
5501,1963,7000
5501,1964,12700
5501,1965,13200
5501,1966,14800
5501,1967,14900
5501,1968,14000
5501,1969,14700
5501,1970,15400
5501,1971,14700
5501,1972,14700
5501,1973,14700
5501,1974,12900
5501,1975,16300
5501,1976,17100
5501,1977,3963
5501,1978,8150
5501,1979,7671
5501,1980,6103
5501,1981,4700
5501,1982,5289
5501,1983,6088
5501,1984,7965
5501,1985,6280
5501,1986,6400
5501,1987,6200
5501,1988,6072
5501,1989,7824
5501,1990,7276
5501,1991,6228
5501,1992,14843
5501,1993,12920
5501,1994,18584
5501,1995,26119
5501,1996,23121
5501,1997,38165
5501,1998,27672
5501,1999,23995
5501,2000,20435
5501,2001,22495
5501,2002,26282
5501,2003,30921
5501,2004,38296
5501,2005,31893
5501,2006,26910
5501,2007,27650
5501,2008,22570
5501,2009,29800
5501,2010,29000
5501,2011,27700
5501,2012,36600
5501,2013,37800
5501,2014,45466
5501,2015,57820
5501,2016,77303
5501,2017,105202
5501,2018,102712
57,1992,27200
57,1993,18700
57,1994,9600
57,1995,3400
57,1996,3800
57,1997,4900
57,1998,4200
57,1999,2600
57,2000,7800
57,2001,8500
57,2002,8900
57,2003,7500
57,2004,7100
57,2005,8100
57,2006,8500
57,2007,8900
57,2008,9300
57,2009,9700
57,2010,9700
57,2011,9100
57,2012,9500
57,2013,16000
57,2014,24373
57,2015,13259
57,2016,15184
57,2017,14202
57,2018,14520
5706,1961,633953
5706,1962,651562
5706,1963,633812
5706,1964,657674
5706,1965,688142
5706,1966,736825
5706,1967,757402
5706,1968,789607
5706,1969,829367
5706,1970,864191
5706,1971,897960
5706,1972,924751
5706,1973,960571
5706,1974,998510
5706,1975,1020650
5706,1976,1082737
5706,1977,1122041
5706,1978,1187330
5706,1979,1251418
5706,1980,1274797
5706,1981,1297743
5706,1982,1364970
5706,1983,1344991
5706,1984,1410922
5706,1985,1381053
5706,1986,1355065
5706,1987,1436358
5706,1988,1489385
5706,1989,1489404
5706,1990,1531057
5706,1991,1548603
5706,1992,1663534
5706,1993,1773030
5706,1994,1793300
5706,1995,1793588
5706,1996,1882653
5706,1997,1959177
5706,1998,2013721
5706,1999,2059255
5706,2000,2058842
5706,2001,2118319
5706,2002,2110683
5706,2003,2126647
5706,2004,2033264
5706,2005,2113033
5706,2006,2195036
5706,2007,2206439
5706,2008,2253332
5706,2009,2258442
5706,2010,2310091
5706,2011,2349885
5706,2012,2414260
5706,2013,2357293
5706,2014,2443194
5706,2015,2466207
5706,2016,2475198
5706,2017,2490085
5706,2018,2507571
5707,1961,592953
5707,1962,610562
5707,1963,592812
5707,1964,616674
5707,1965,647142
5707,1966,678825
5707,1967,694402
5707,1968,721607
5707,1969,758367
5707,1970,790191
5707,1971,821960
5707,1972,847751
5707,1973,878571
5707,1974,913510
5707,1975,936650
5707,1976,1001737
5707,1977,1040041
5707,1978,1113330
5707,1979,1176418
5707,1980,1199797
5707,1981,1227343
5707,1982,1296770
5707,1983,1276891
5707,1984,1355322
5707,1985,1338353
5707,1986,1321725
5707,1987,1405998
5707,1988,1453025
5707,1989,1455224
5707,1990,1469260
5707,1991,1474591
5707,1992,1611216
5707,1993,1719463
5707,1994,1737300
5707,1995,1737588
5707,1996,1826653
5707,1997,1884177
5707,1998,1922721
5707,1999,1971255
5707,2000,1983842
5707,2001,2048319
5707,2002,2030683
5707,2003,2026647
5707,2004,1965264
5707,2005,2050033
5707,2006,2136436
5707,2007,2170439
5707,2008,2217332
5707,2009,2222442
5707,2010,2274091
5707,2011,2313885
5707,2012,2354260
5707,2013,2317293
5707,2014,2396906
5707,2015,2415438
5707,2016,2430225
5707,2017,2442568
5707,2018,2458880
58,1982,100
58,1983,100
58,1984,100
58,1985,100
58,1986,100
58,1987,100
58,1988,100
58,1989,100
58,1990,1000
58,1991,1000
58,1992,1000
58,1993,1500
58,1994,1500
58,1995,1500
58,1996,2000
58,1997,2000
58,1998,2000
58,1999,2500
58,2000,2500
58,2001,2500
58,2002,2500
58,2003,2500
58,2004,2500
58,2005,2500
58,2006,2500
58,2007,2500
58,2008,3000
58,2009,3000
58,2010,3000
58,2011,3000
58,2012,3000
58,2013,3000
58,2014,2706
58,2015,2461
58,2016,2481
58,2017,2435
58,2018,2306
5802,1961,8
5802,1962,8
5802,1963,8
5802,1964,8
5802,1965,7
5802,1966,6
5802,1967,6
5802,1968,7
5802,1969,8
5802,1970,7
5802,1971,7
5802,1972,8
5802,1973,9
5802,1974,10
5802,1975,11
5802,1976,12
5802,1977,13
5802,1978,14
5802,1979,14
5802,1980,14
5802,1981,15
5802,1982,16
5802,1983,17
5802,1984,15
5802,1985,16
5802,1986,17
5802,1987,17
5802,1988,18
5802,1989,18
5802,1990,18
5802,1991,18
5802,1992,81315
5802,1993,92158
5802,1994,62302
5802,1995,40976
5802,1996,22763
5802,1997,13571
5802,1998,15402
5802,1999,15432
5802,2000,15332
5802,2001,16202
5802,2002,15984
5802,2003,15845
5802,2004,18089
5802,2005,18941
5802,2006,19761
5802,2007,16084
5802,2008,16286
5802,2009,17167
5802,2010,16463
5802,2011,16405
5802,2012,16394
5802,2013,16381
5802,2014,21093
5802,2015,21405
5802,2016,19678
5802,2017,20162
5802,2018,21000
5803,1995,1023
5803,1996,1115
5803,1997,1140
5803,1998,1200
5803,1999,1085
5803,2000,1060
5803,2001,1058
5803,2002,969
5803,2003,941
5803,2004,893
5803,2005,848
5803,2006,769
5803,2007,921
5803,2008,905
5803,2009,937
5803,2010,937
5803,2011,803
5803,2012,804
5803,2013,668
5803,2014,535
5803,2015,560
5803,2016,463
5803,2017,528
5803,2018,505
5815,1961,45
5815,1962,45
5815,1963,45
5815,1964,45
5815,1965,45
5815,1966,45
5815,1967,45
5815,1968,45
5815,1969,45
5815,1970,45
5815,1971,45
5815,1972,45
5815,1973,45
5815,1974,45
5815,1975,45
5815,1976,45
5815,1977,45
5815,1978,45
5815,1979,45
5815,1980,45
5815,1981,45
5815,1982,45
5815,1983,45
5815,1984,45
5815,1985,45
5815,1986,45
5815,1987,45
5815,1988,45
5815,1989,45
5815,1990,54
5815,1991,63
5815,1992,63
5815,1993,1195
5815,1994,1620
5815,1995,1576
5815,1996,1514
5815,1997,1322
5815,1998,1635
5815,1999,1665
5815,2000,1635
5815,2001,1755
5815,2002,1707
5815,2003,1818
5815,2004,3882
5815,2005,4014
5815,2006,12283
5815,2007,24066
5815,2008,24073
5815,2009,24099
5815,2010,24145
5815,2011,24087
5815,2012,24976
5815,2013,24063
5815,2014,24651
5815,2015,23137
5815,2016,27030
5815,2017,24369
5815,2018,25858
5817,1961,53
5817,1962,53
5817,1963,53
5817,1964,53
5817,1965,52
5817,1966,51
5817,1967,51
5817,1968,52
5817,1969,53
5817,1970,52
5817,1971,52
5817,1972,53
5817,1973,54
5817,1974,55
5817,1975,56
5817,1976,57
5817,1977,58
5817,1978,59
5817,1979,59
5817,1980,59
5817,1981,60
5817,1982,61
5817,1983,62
5817,1984,60
5817,1985,309
5817,1986,375
5817,1987,364
5817,1988,478
5817,1989,541
5817,1990,442
5817,1991,360
5817,1992,286
5817,1993,490
5817,1994,541
5817,1995,5950
5817,1996,4235
5817,1997,4517
5817,1998,6022
5817,1999,5764
5817,2000,14609
5817,2001,15031
5817,2002,17335
5817,2003,19974
5817,2004,19838
5817,2005,23696
5817,2006,26846
5817,2007,45929
5817,2008,53709
5817,2009,54423
5817,2010,53122
5817,2011,51480
5817,2012,53694
5817,2013,54861
5817,2014,55513
5817,2015,57089
5817,2016,61905
5817,2017,59712
5817,2018,60246
59,1990,0
59,1991,0
59,1992,0
59,1993,20
59,1994,0
59,1995,0
59,1996,0
59,1997,0
59,1998,0
59,1999,0
59,2000,0
59,2002,1000
59,2003,1000
59,2004,2000
59,2005,3000
59,2006,4000
59,2007,5000
59,2008,5000
59,2009,4000
59,2010,4500
59,2011,5000
59,2012,5100
59,2013,4700
59,2014,4126
59,2015,4419
59,2016,4254
59,2017,4793
59,2018,4662
60,2007,100
60,2008,350
60,2009,100
60,2010,50
60,2011,50
60,2012,50
60,2013,50
60,2014,58
60,2015,56
60,2016,51
60,2017,48
60,2018,50
63,1992,3382
63,1993,3946
63,1994,3500
63,1995,2800
63,1996,2200
63,1997,2700
63,1998,2400
63,1999,2000
63,2000,2000
63,2001,2000
63,2002,2400
63,2003,1000
63,2004,2600
63,2005,5000
63,2006,5000
63,2007,7000
63,2008,7000
63,2009,7000
63,2010,6000
63,2011,6000
63,2012,6000
63,2013,6000
63,2014,1621
63,2015,1753
63,2016,1768
63,2017,1721
63,2018,1777
67,1961,15000
67,1962,15000
67,1963,15000
67,1964,15000
67,1965,15000
67,1966,15200
67,1967,16500
67,1968,18000
67,1969,19300
67,1970,20000
67,1971,20700
67,1972,22000
67,1973,22800
67,1974,23300
67,1975,23685
67,1976,28300
67,1977,27600
67,1978,26420
67,1979,24900
67,1980,24900
67,1981,29500
67,1982,28400
67,1983,29000
67,1984,30000
67,1985,30110
67,1986,30600
67,1987,31525
67,1988,31191
67,1989,32042
67,1990,34094
67,1991,33755
67,1992,32796
67,1993,33041
67,1994,31518
67,1995,32274
67,1996,33600
67,1997,36300
67,1998,36200
67,1999,35700
67,2000,33700
67,2001,34700
67,2002,34600
67,2003,37600
67,2004,40300
67,2005,38900
67,2006,38300
67,2007,38300
67,2008,38000
67,2009,39700
67,2010,40800
67,2011,45200
67,2012,41979
67,2013,42655
67,2014,22104
67,2015,45000
67,2016,42883
67,2017,41870
67,2018,41885
68,1961,44000
68,1962,45000
68,1963,34000
68,1964,35000
68,1965,36000
68,1966,44000
68,1967,46000
68,1968,44000
68,1969,47000
68,1970,48700
68,1971,55900
68,1972,55300
68,1973,59900
68,1974,63500
68,1975,65000
68,1976,65000
68,1977,75000
68,1978,73000
68,1979,89000
68,1980,104000
68,1981,115000
68,1982,128000
68,1983,144000
68,1984,156000
68,1985,182000
68,1986,174000
68,1987,194000
68,1988,196000
68,1989,196000
68,1990,209000
68,1991,224500
68,1992,243930
68,1993,255000
68,1994,265366
68,1995,245000
68,1996,259052
68,1997,265000
68,1998,278200
68,1999,285842
68,2000,300977
68,2001,318494
68,2002,330468
68,2003,325995
68,2004,342000
68,2005,339000
68,2006,351000
68,2007,359160
68,2008,354000
68,2009,351500
68,2010,361060
68,2011,388790
68,2012,397430
68,2013,388496
68,2014,339107
68,2015,341348
68,2016,346129
68,2017,346576
68,2018,352196
73,1994,15
73,1995,30
73,1996,30
73,1997,60
73,1998,105
73,1999,45
73,2000,30
73,2001,45
73,2002,30
73,2003,30
73,2004,30
73,2005,15
73,2006,15
73,2007,30
73,2008,30
73,2009,15
73,2010,15
73,2011,15
73,2012,15
73,2013,15
73,2014,13
73,2015,13
73,2016,12
73,2017,12
73,2018,12
79,1961,125000
79,1962,133000
79,1963,140000
79,1964,146000
79,1965,153000
79,1966,166000
79,1967,172000
79,1968,186000
79,1969,199000
79,1970,211000
79,1971,217000
79,1972,221000
79,1973,229000
79,1974,238000
79,1975,245900
79,1976,252400
79,1977,272000
79,1978,291300
79,1979,306800
79,1980,277400
79,1981,286100
79,1982,292600
79,1983,302600
79,1984,317800
79,1985,335900
79,1986,347200
79,1987,368000
79,1988,387900
79,1989,404900
79,1990,457800
79,1991,462800
79,1992,560800
79,1993,597200
79,1994,615100
79,1995,633100
79,1996,662500
79,1997,666500
79,1998,663400
79,1999,669100
79,2000,671400
79,2001,691900
79,2002,660000
79,2003,660400
79,2004,545700
79,2005,549800
79,2006,558400
79,2007,561100
79,2008,553600
79,2009,568100
79,2010,555600
79,2011,546900
79,2012,542300
79,2013,550200
79,2014,566600
79,2015,566400
79,2016,587500
79,2017,578000
79,2018,621180
84,1961,1000
84,1962,1000
84,1963,1261
84,1964,1350
84,1965,1713
84,1966,2096
84,1967,1804
84,1968,2734
84,1969,2295
84,1970,3181
84,1971,3206
84,1972,3202
84,1973,3776
84,1974,3314
84,1975,3170
84,1976,3530
84,1977,3743
84,1978,3431
84,1979,3767
84,1980,3116
84,1981,3497
84,1982,3378
84,1983,3410
84,1984,3466
84,1985,3669
84,1986,3498
84,1987,3676
84,1988,4359
84,1989,3893
84,1990,4218
84,1991,3608
84,1992,3746
84,1993,4252
84,1994,4280
84,1995,4361
84,1996,4450
84,1997,4411
84,1998,4876
84,1999,5108
84,2000,4000
84,2001,4000
84,2002,5000
84,2003,4100
84,2004,4000
84,2005,3600
84,2006,3600
84,2007,3600
84,2008,3900
84,2009,3900
84,2010,4200
84,2011,3900
84,2012,4000
84,2013,4200
84,2014,3639
84,2015,2930
84,2016,2915
84,2017,2902
84,2018,3082
89,2005,2500
89,2006,4991
89,2007,4925
89,2008,5050
89,2009,5178
89,2010,5397
89,2011,5515
89,2012,5601
89,2013,5738
89,2014,5994
89,2015,6158
89,2016,6307
89,2017,6470
89,2018,4420
9,1995,5400
9,1996,4500
9,1997,5400
9,1998,5400
9,1999,4500
9,2000,3600
9,2001,3600
9,2002,3600
9,2003,3600
9,2004,3600
9,2005,3600
9,2006,3600
9,2007,3600
9,2008,3600
9,2009,3600
9,2010,3600
9,2011,3600
9,2012,3780
9,2013,3960
9,2014,4014
9,2015,4308
9,2016,3636
9,2017,3004
9,2018,3434
96,1990,0
96,1991,0
96,1992,800
96,1993,400
96,1994,100
96,1995,250
96,1996,0
96,1997,750
96,1998,100
96,1999,0
96,2000,0
96,2001,0
96,2002,0
96,2003,0
96,2004,0
96,2005,0
96,2006,0
96,2007,0
96,2008,0
96,2009,0
96,2010,0
96,2011,0
96,2012,0
96,2013,0
96,2014,0
96,2015,0
96,2016,0
96,2017,0
96,2018,0
97,1961,14800
97,1962,16500
97,1963,18100
97,1964,20600
97,1965,20600
97,1966,21900
97,1967,23200
97,1968,27000
97,1969,28300
97,1970,31300
97,1971,33900
97,1972,38700
97,1973,38800
97,1974,44700
97,1975,47192
97,1976,53454
97,1977,67587
97,1978,77713
97,1979,80330
97,1980,92244
97,1981,90147
97,1982,103776
97,1983,107266
97,1984,106562
97,1985,103585
97,1986,102134
97,1987,96118
97,1988,101865
97,1989,88827
97,1990,96379
97,1991,81151
97,1992,61679
97,1993,117080
97,1994,101123
97,1995,97193
97,1996,95000
97,1997,92000
97,1998,98000
97,1999,98000
97,2000,87583
97,2001,68900
97,2002,71800
97,2003,70000
97,2004,65000
97,2005,66000
97,2006,66000
97,2007,67000
97,2008,67515
97,2009,70000
97,2010,59500
97,2011,61250
97,2012,61250
97,2013,61250
97,2014,66837
97,2015,70784
97,2016,73290
97,2017,79005
97,2018,76862
99,1961,1000
99,1962,1000
99,1963,1200
99,1964,1090
99,1965,1100
99,1966,1176
99,1967,1211
99,1968,1186
99,1969,995
99,1970,912
99,1971,1130
99,1972,1201
99,1973,1180
99,1974,1206
99,1975,1222
99,1976,1120
99,1977,1097
99,1978,1195
99,1979,1301
99,1980,1329
99,1981,1362
99,1982,1447
99,1983,1495
99,1984,1478
99,1985,1640
99,1986,1737
99,1987,1600
99,1988,1500
99,1989,1547
99,1990,1620
99,1991,1681
99,1992,1668
99,1993,1600
99,1994,1936
99,1995,1948
99,1996,1953
99,1997,1915
99,1998,1936
99,1999,1974
99,2000,2040
99,2001,2074
99,2002,2068
99,2003,2172
99,2004,2250
99,2005,2340
99,2006,2372
99,2007,2394
99,2008,2450
99,2009,2465
99,2010,2450
99,2011,2450
99,2012,2500
99,2013,2550
99,2014,2799
99,2015,3105
99,2016,3180
99,2017,3245
99,2018,3247
