geo,year,waste_food_systems_emissions_share_co2eq_ar5_eeb
1,1992,3.3167
1,1993,5.8553
1,1994,5.8687
1,1995,5.2454
1,1996,6.1802
1,1997,5.626
1,1998,5.659
1,1999,6.3519
1,2000,6.0027
1,2001,6.0026
1,2002,6.5136
1,2003,6.3682
1,2004,6.1386
1,2005,5.4781
1,2006,5.283
1,2007,5.0956
1,2008,4.9011
1,2009,5.8026
1,2010,6.4066
1,2011,6.3003
1,2012,5.9128
1,2013,6.1527
1,2014,6.3679
1,2015,6.1635
1,2016,5.372
1,2017,5.2664
1,2018,4.5683
1,2019,4.6165
10,1990,0.6183
10,1991,0.6436
10,1992,0.6567
10,1993,0.6696
10,1994,0.69
10,1995,0.7471
10,1996,0.7496
10,1997,0.7589
10,1998,0.7562
10,1999,0.6993
10,2000,0.6948
10,2001,0.7044
10,2002,0.716
10,2003,0.8244
10,2004,0.7741
10,2005,0.8306
10,2006,0.7661
10,2007,0.777
10,2008,0.8077
10,2009,0.7914
10,2010,0.8277
10,2011,0.7834
10,2012,0.8065
10,2013,0.9656
10,2014,0.9285
10,2015,0.913
10,2016,0.9162
10,2017,0.865
10,2018,0.8806
10,2019,0.8978
100,1990,9.0856
100,1991,8.9121
100,1992,8.7281
100,1993,8.6559
100,1994,8.4395
100,1995,8.2646
100,1996,7.9753
100,1997,7.8246
100,1998,7.733
100,1999,7.5075
100,2000,7.432
100,2001,6.6165
100,2002,6.6493
100,2003,6.4988
100,2004,6.2302
100,2005,6.0895
100,2006,5.8815
100,2007,5.6478
100,2008,5.3908
100,2009,5.0493
100,2010,5.0493
100,2011,5.0131
100,2012,4.7528
100,2013,4.79
100,2014,4.5115
100,2015,4.3746
100,2016,4.283
100,2017,4.2058
100,2018,4.0564
100,2019,4.0438
101,1990,5.7772
101,1991,5.6172
101,1992,5.4733
101,1993,5.4155
101,1994,5.3887
101,1995,5.3653
101,1996,6.1627
101,1997,3.2673
101,1998,5.4855
101,1999,5.9659
101,2000,6.2668
101,2001,7.335
101,2002,4.804
101,2003,6.358
101,2004,4.7527
101,2005,5.8289
101,2006,4.3557
101,2007,6.5893
101,2008,6.3954
101,2009,4.6605
101,2010,6.3299
101,2011,4.2338
101,2012,4.1056
101,2013,4.4783
101,2014,3.7039
101,2015,3.4803
101,2016,4.7553
101,2017,4.8881
101,2018,4.2463
101,2019,3.6753
102,1990,3.378
102,1991,2.6259
102,1992,2.4207
102,1993,2.7531
102,1994,2.6418
102,1995,2.7479
102,1996,2.7656
102,1997,2.8537
102,1998,2.7801
102,1999,2.4784
102,2000,2.5104
102,2001,2.6024
102,2002,2.5708
102,2003,2.4039
102,2004,2.2478
102,2005,2.1617
102,2006,2.1572
102,2007,2.127
102,2008,2.1439
102,2009,2.0198
102,2010,1.9966
102,2011,2.1683
102,2012,2.1471
102,2013,2.1162
102,2014,2.0074
102,2015,1.9841
102,2016,1.8931
102,2017,1.7669
102,2018,1.4359
102,2019,1.3347
103,1990,4.5568
103,1991,7.6512
103,1992,5.6927
103,1993,4.8237
103,1994,4.1763
103,1995,3.7797
103,1996,3.7441
103,1997,3.0612
103,1998,2.6709
103,1999,2.3712
103,2000,2.167
103,2001,1.8682
103,2002,1.8418
103,2003,1.7691
103,2004,1.9744
103,2005,2.3004
103,2006,2.798
103,2007,4.1067
103,2008,3.5386
103,2009,3.3898
103,2010,3.2975
103,2011,3.0775
103,2012,2.9003
103,2013,2.9975
103,2014,2.9588
103,2015,2.9764
103,2016,2.5738
103,2017,2.5016
103,2018,2.4433
103,2019,2.4175
104,1990,1.1244
104,1991,1.1457
104,1992,1.1585
104,1993,1.136
104,1994,1.08
104,1995,1.0986
104,1996,1.0884
104,1997,1.0812
104,1998,1.0313
104,1999,1.0037
104,2000,0.9323
104,2001,0.9158
104,2002,0.9128
104,2003,0.9421
104,2004,0.9457
104,2005,0.971
104,2006,1.0052
104,2007,1.0323
104,2008,1.0795
104,2009,1.144
104,2010,1.1991
104,2011,1.3014
104,2012,1.2931
104,2013,1.3388
104,2014,1.3139
104,2015,1.292
104,2016,1.2768
104,2017,1.314
104,2018,1.3861
104,2019,1.4584
105,1990,3.5894
105,1991,3.743
105,1992,3.4376
105,1993,3.4133
105,1994,3.3113
105,1995,3.2655
105,1996,3.2226
105,1997,3.1503
105,1998,3.1205
105,1999,3.238
105,2000,3.0736
105,2001,2.9842
105,2002,3.2032
105,2003,3.0978
105,2004,3.2389
105,2005,3.3479
105,2006,3.1368
105,2007,3.117
105,2008,2.979
105,2009,3.1678
105,2010,3.0087
105,2011,2.9592
105,2012,2.7962
105,2013,3.0531
105,2014,3.1291
105,2015,2.9565
105,2016,2.958
105,2017,2.9284
105,2018,2.9335
105,2019,2.8893
106,1990,1.8337
106,1991,1.9364
106,1992,2.0806
106,1993,2.2236
106,1994,2.363
106,1995,2.3847
106,1996,2.5162
106,1997,2.5846
106,1998,2.6368
106,1999,2.7094
106,2000,2.7287
106,2001,2.8369
106,2002,2.8931
106,2003,3.0494
106,2004,2.9594
106,2005,2.6451
106,2006,2.5646
106,2007,2.4654
106,2008,2.4248
106,2009,2.5457
106,2010,2.3744
106,2011,2.2723
106,2012,2.2421
106,2013,2.2208
106,2014,2.1893
106,2015,1.9035
106,2016,1.7589
106,2017,1.7677
106,2018,1.7762
106,2019,1.8053
107,1990,4.4072
107,1991,4.4914
107,1992,4.5688
107,1993,4.54
107,1994,4.587
107,1995,4.4793
107,1996,4.4327
107,1997,4.4467
107,1998,4.4748
107,1999,4.531
107,2000,4.5108
107,2001,7.6457
107,2002,7.6028
107,2003,8.0066
107,2004,7.8268
107,2005,7.5576
107,2006,7.7217
107,2007,7.7485
107,2008,7.8835
107,2009,8.1898
107,2010,8.0859
107,2011,7.8996
107,2012,7.5746
107,2013,7.355
107,2014,7.4454
107,2015,7.5125
107,2016,7.0395
107,2017,7.2484
107,2018,7.2833
107,2019,7.2928
108,1992,0.3203
108,1993,0.3912
108,1994,0.4465
108,1995,0.5432
108,1996,0.6481
108,1997,0.7105
108,1998,0.7515
108,1999,0.8526
108,2000,0.9448
108,2001,0.9166
108,2002,0.8908
108,2003,0.9186
108,2004,0.8663
108,2005,0.7543
108,2006,0.7382
108,2007,0.7282
108,2008,0.6979
108,2009,0.7882
108,2010,0.7153
108,2011,0.7654
108,2012,0.7672
108,2013,0.7409
108,2014,0.7861
108,2015,0.7844
108,2016,0.7083
108,2017,0.6507
108,2018,0.6147
108,2019,0.6227
109,1990,11.8343
109,1991,11.5486
109,1992,11.4918
109,1993,11.2471
109,1994,11.107
109,1995,10.441
109,1996,10.0684
109,1997,9.6803
109,1998,9.9743
109,1999,9.7592
109,2000,9.5093
109,2001,11.9383
109,2002,12.3698
109,2003,11.7042
109,2004,11.9132
109,2005,12.262
109,2006,11.175
109,2007,12.2086
109,2008,12.2407
109,2009,17.2081
109,2010,17.9666
109,2011,12.2866
109,2012,12.7266
109,2013,12.032
109,2014,13.0268
109,2015,12.6935
109,2016,12.5464
109,2017,13.0538
109,2018,12.8075
109,2019,12.5139
11,1990,2.393
11,1991,2.1879
11,1992,2.2644
11,1993,2.1466
11,1994,2.0156
11,1995,1.8551
11,1996,1.8083
11,1997,1.9554
11,1998,2.0397
11,1999,1.9687
11,2000,2.0303
11,2001,1.7905
11,2002,1.8706
11,2003,1.7777
11,2004,1.7829
11,2005,1.7526
11,2006,1.7516
11,2007,1.7975
11,2008,1.8007
11,2009,1.7293
11,2010,1.5209
11,2011,1.5824
11,2012,1.6841
11,2013,1.6764
11,2014,1.7022
11,2015,1.6156
11,2016,1.5521
11,2017,1.5121
11,2018,1.5894
11,2019,1.5395
110,1990,0.9899
110,1991,0.9958
110,1992,0.9863
110,1993,0.996
110,1994,0.9562
110,1995,0.9477
110,1996,0.9364
110,1997,0.9363
110,1998,0.977
110,1999,0.9521
110,2000,0.9411
110,2001,0.9731
110,2002,0.9533
110,2003,0.9391
110,2004,0.9238
110,2005,0.9357
110,2006,0.9306
110,2007,0.9224
110,2008,0.943
110,2009,1.0331
110,2010,0.9727
110,2011,0.9267
110,2012,0.897
110,2013,0.883
110,2014,0.8845
110,2015,0.9059
110,2016,0.9037
110,2017,0.9273
110,2018,0.9679
110,2019,1.0233
112,1990,8.8316
112,1991,9.4858
112,1992,8.3634
112,1993,8.7317
112,1994,8.2944
112,1995,8.512
112,1996,8.4489
112,1997,8.2676
112,1998,8.3299
112,1999,8.6001
112,2000,8.3546
112,2001,8.2991
112,2002,8.0283
112,2003,7.9289
112,2004,7.3457
112,2005,6.8829
112,2006,6.9315
112,2007,6.6783
112,2008,6.8791
112,2009,6.8552
112,2010,7.1065
112,2011,6.9162
112,2012,6.4112
112,2013,6.414
112,2014,5.9743
112,2015,6.1104
112,2016,6.3942
112,2017,6.1216
112,2018,7.2814
112,2019,7.1461
113,1992,2.1582
113,1993,2.7636
113,1994,3.6467
113,1995,4.8567
113,1996,4.6891
113,1997,5.0905
113,1998,5.0775
113,1999,5.9684
113,2000,6.247
113,2001,6.1558
113,2002,5.7174
113,2003,5.5639
113,2004,5.6328
113,2005,5.8201
113,2006,6.0534
113,2007,5.6754
113,2008,5.1938
113,2009,5.4883
113,2010,5.632
113,2011,5.573
113,2012,4.2861
113,2013,4.9016
113,2014,4.5859
113,2015,4.3984
113,2016,5.151
113,2017,5.2566
113,2018,4.4423
113,2019,4.6165
114,1990,12.5371
114,1991,13.3692
114,1992,13.2183
114,1993,13.0008
114,1994,12.9747
114,1995,12.8025
114,1996,12.7631
114,1997,13.057
114,1998,12.4111
114,1999,11.9583
114,2000,12.4094
114,2001,8.8321
114,2002,8.9346
114,2003,8.8517
114,2004,8.5164
114,2005,8.5384
114,2006,8.5779
114,2007,6.9054
114,2008,6.8734
114,2009,6.9195
114,2010,6.9478
114,2011,7.3573
114,2012,7.5202
114,2013,7.5611
114,2014,7.3723
114,2015,7.1789
114,2016,8.2297
114,2017,8.7636
114,2018,8.5503
114,2019,7.8121
115,1990,1.3025
115,1991,1.3671
115,1992,1.384
115,1993,2.6275
115,1994,3.4916
115,1995,3.5814
115,1996,4.4227
115,1997,4.4697
115,1998,4.0486
115,1999,4.2393
115,2000,4.5884
115,2001,4.6116
115,2002,4.2997
115,2003,4.0358
115,2004,4.0462
115,2005,4.2663
115,2006,3.9504
115,2007,3.9156
115,2008,3.969
115,2009,3.7448
115,2010,3.8442
115,2011,1.5271
115,2012,1.5681
115,2013,1.582
115,2014,1.5858
115,2015,1.5579
115,2016,2.2986
115,2017,2.2244
115,2018,2.244
115,2019,2.1367
116,1990,0
116,1991,0
116,1992,0
116,1993,0
116,1994,0
116,1995,0
116,1996,0
116,1997,0
116,1998,0
116,1999,0
116,2000,0
116,2001,0
116,2002,0
116,2003,0
116,2004,0
116,2005,0
116,2006,0
116,2007,0
116,2008,0
116,2009,0
116,2010,0
116,2011,0
116,2012,0
116,2013,0
116,2014,0
116,2015,0
116,2016,0
116,2017,0
116,2018,0
116,2019,0
117,1990,3.1816
117,1991,3.007
117,1992,2.8598
117,1993,2.5253
117,1994,2.3764
117,1995,2.2003
117,1996,2.0912
117,1997,2.0232
117,1998,1.9433
117,1999,1.9996
117,2000,1.7558
117,2001,1.9912
117,2002,1.8514
117,2003,1.8616
117,2004,1.8181
117,2005,1.7817
117,2006,1.7274
117,2007,1.679
117,2008,1.7601
117,2009,1.6246
117,2010,1.5721
117,2011,1.5279
117,2012,1.591
117,2013,1.5224
117,2014,1.3207
117,2015,1.3351
117,2016,1.2134
117,2017,1.1555
117,2018,1.0802
117,2019,1.0596
118,1990,1.7298
118,1991,0.2169
118,1992,1.9424
118,1993,1.2715
118,1994,1.1819
118,1995,1.3395
118,1996,1.4546
118,1997,1.364
118,1998,1.5278
118,1999,1.5565
118,2000,1.5259
118,2001,1.5103
118,2002,1.499
118,2003,1.3937
118,2004,1.3709
118,2005,1.2606
118,2006,1.2569
118,2007,1.2864
118,2008,1.2384
118,2009,1.2381
118,2010,1.2287
118,2011,1.2431
118,2012,1.1256
118,2013,1.1923
118,2014,1.2519
118,2015,1.2102
118,2016,1.1582
118,2017,1.1515
118,2018,1.1611
118,2019,1.1599
119,1992,1.7107
119,1993,2.6313
119,1994,5.4706
119,1995,23.3831
119,1996,30.2349
119,1997,171.7517
119,1998,-68.8875
119,1999,-33.0473
119,2000,-23.8389
119,2001,-8.1956
119,2002,-8.0583
119,2003,-10.7607
119,2004,-13.4334
119,2005,-21.4121
119,2006,1015.6523
119,2007,31.6884
119,2008,182.4896
119,2009,-67.7181
119,2010,55.1938
119,2011,2.5654
119,2012,2.5593
119,2013,2.7357
119,2014,2.7774
119,2015,2.6472
119,2016,2.4831
119,2017,2.4107
119,2018,2.3416
119,2019,2.1796
12,1990,10.8816
12,1991,10.9255
12,1992,10.9073
12,1993,11.3964
12,1994,11.4478
12,1995,11.4422
12,1996,11.1888
12,1997,12.5149
12,1998,10.3935
12,1999,10.2893
12,2000,10.1936
12,2001,11.1323
12,2002,10.8721
12,2003,10.8589
12,2004,10.5788
12,2005,11.3425
12,2006,11.6702
12,2007,11.5869
12,2008,9.0832
12,2009,12.6118
12,2010,9.1676
12,2011,11.3088
12,2012,10.9867
12,2013,7.6367
12,2014,9.1445
12,2015,10.3616
12,2016,11.4045
12,2017,10.4401
12,2018,10.4838
12,2019,10.1148
120,1990,1.8598
120,1991,1.913
120,1992,1.9208
120,1993,1.9524
120,1994,1.9479
120,1995,1.9583
120,1996,1.9352
120,1997,1.9879
120,1998,1.8509
120,1999,1.984
120,2000,2.0441
120,2001,2.0268
120,2002,1.951
120,2003,1.9213
120,2004,1.6449
120,2005,1.8429
120,2006,1.9297
120,2007,1.6308
120,2008,1.9379
120,2009,1.8614
120,2010,1.663
120,2011,2.2073
120,2012,2.0601
120,2013,1.9935
120,2014,1.9988
120,2015,1.7023
120,2016,1.4029
120,2017,1.3466
120,2018,1.354
120,2019,1.145
121,1990,5.7987
121,1991,6.6653
121,1992,6.5726
121,1993,6.9053
121,1994,7.1167
121,1995,7.0222
121,1996,7.1297
121,1997,6.5214
121,1998,6.3286
121,1999,6.5129
121,2000,7.0858
121,2001,6.8626
121,2002,7.0606
121,2003,6.4487
121,2004,6.9553
121,2005,7.2534
121,2006,8.0392
121,2007,8.6588
121,2008,7.1881
121,2009,6.1804
121,2010,6.447
121,2011,6.3919
121,2012,5.9104
121,2013,6.0068
121,2014,5.6182
121,2015,5.3138
121,2016,5.2086
121,2017,4.9898
121,2018,6.6835
121,2019,6.5073
122,1990,2.5392
122,1991,2.5544
122,1992,2.4634
122,1993,2.5101
122,1994,2.5371
122,1995,2.5904
122,1996,2.6666
122,1997,2.698
122,1998,2.7098
122,1999,2.3742
122,2000,2.52
122,2001,2.4971
122,2002,2.6078
122,2003,2.5242
122,2004,2.5687
122,2005,2.4431
122,2006,2.4543
122,2007,2.4182
122,2008,2.4157
122,2009,2.347
122,2010,2.3475
122,2011,2.3059
122,2012,2.2659
122,2013,2.3078
122,2014,2.2725
122,2015,2.3062
122,2016,2.284
122,2017,2.1805
122,2018,2.1744
122,2019,2.2655
123,1990,0.5026
123,1991,0.5007
123,1992,0.4944
123,1993,0.4846
123,1994,0.4856
123,1995,0.5027
123,1996,0.5328
123,1997,0.5709
123,1998,0.6111
123,1999,0.654
123,2000,1.5482
123,2001,2.0632
123,2002,2.41
123,2003,2.611
123,2004,2.7639
123,2005,2.8601
123,2006,2.8962
123,2007,3.0076
123,2008,3.0815
123,2009,2.9912
123,2010,3.1145
123,2011,3.1297
123,2012,3.1404
123,2013,3.1832
123,2014,3.0863
123,2015,2.992
123,2016,3.1328
123,2017,3.1662
123,2018,3.1659
123,2019,3.1259
124,1990,0.3003
124,1991,0.3764
124,1992,0.4957
124,1993,0.5906
124,1994,0.5619
124,1995,0.5777
124,1996,0.6125
124,1997,0.7342
124,1998,0.8111
124,1999,0.8924
124,2000,0.8737
124,2001,0.9417
124,2002,0.9937
124,2003,0.9366
124,2004,0.959
124,2005,0.9594
124,2006,0.9897
124,2007,1.0825
124,2008,1.0471
124,2009,1.0771
124,2010,1.0277
124,2011,1.7956
124,2012,1.1893
124,2013,1.3063
124,2014,1.4737
124,2015,1.6944
124,2016,1.9069
124,2017,1.6306
124,2018,1.5481
124,2019,1.7712
126,1992,0.5885
126,1993,0.7022
126,1994,0.7314
126,1995,1.5043
126,1996,1.2631
126,1997,1.4324
126,1998,1.7682
126,1999,1.9368
126,2000,2.19
126,2001,2.3578
126,2002,2.2544
126,2003,2.3383
126,2004,2.3131
126,2005,2.4258
126,2006,2.3915
126,2007,2.1649
126,2008,2.1728
126,2009,2.4186
126,2010,2.3074
126,2011,2.7598
126,2012,2.7573
126,2013,3.1153
126,2014,2.8901
126,2015,2.6195
126,2016,2.1785
126,2017,2.0738
126,2018,2.094
126,2019,2.0549
127,1991,2.0628
127,1992,2.1227
127,1993,1.973
127,1994,1.9872
127,1995,1.9182
127,1996,1.9136
127,1997,1.9108
127,1998,1.8346
127,1999,1.9083
127,2000,1.6934
127,2001,1.6541
127,2002,1.5832
127,2003,1.6696
127,2004,1.5494
127,2005,1.6058
127,2006,1.5277
127,2007,1.4812
127,2008,1.4417
127,2009,1.392
127,2010,1.3456
127,2011,1.3319
127,2012,1.3588
127,2013,1.333
127,2014,1.3005
127,2015,1.3024
127,2016,1.3051
127,2017,1.2763
127,2018,1.2497
127,2019,0.9196
128,1990,15.1274
128,1991,14.4379
128,1992,14.5692
128,1993,13.491
128,1994,12.6115
128,1995,13.0316
128,1996,10.9621
128,1997,10.9625
128,1998,10.7034
128,1999,10.9105
128,2000,10.377
128,2001,10.2108
128,2002,11.2377
128,2003,11.1031
128,2004,9.9846
128,2005,9.4407
128,2006,10.504
128,2007,12.234
128,2008,14.2586
128,2009,9.1773
128,2010,13.2311
128,2011,12.6151
128,2012,14.1407
128,2013,15.1744
128,2014,12.3819
128,2015,9.3937
128,2016,10.6483
128,2017,9.8603
128,2018,9.0496
128,2019,6.6562
129,1990,4.4001
129,1991,4.4819
129,1992,4.5464
129,1993,4.5913
129,1994,4.646
129,1995,4.6908
129,1996,4.6606
129,1997,4.7564
129,1998,4.6721
129,1999,4.6603
129,2000,4.7413
129,2001,5.4854
129,2002,5.7112
129,2003,5.4372
129,2004,5.5339
129,2005,5.1775
129,2006,5.3237
129,2007,5.2312
129,2008,5.3984
129,2009,5.3489
129,2010,5.3207
129,2011,6.7997
129,2012,6.768
129,2013,6.9095
129,2014,6.9729
129,2015,6.8893
129,2016,6.8628
129,2017,6.9943
129,2018,6.9818
129,2019,7.0524
13,1990,1.0582
13,1991,1.1176
13,1992,1.096
13,1993,0.9641
13,1994,0.9917
13,1995,1.004
13,1996,0.9902
13,1997,1.0382
13,1998,1.021
13,1999,1.0008
13,2000,1.0039
13,2001,1.1403
13,2002,1.1456
13,2003,1.1685
13,2004,1.1553
13,2005,1.0944
13,2006,1.1247
13,2007,0.9593
13,2008,0.8847
13,2009,0.9159
13,2010,0.9243
13,2011,0.9367
13,2012,0.9252
13,2013,0.8296
13,2014,0.8256
13,2015,0.8145
13,2016,0.8343
13,2017,0.8297
13,2018,0.9337
13,2019,0.9037
130,1990,2.6517
130,1991,2.6694
130,1992,2.6788
130,1993,2.6614
130,1994,2.7259
130,1995,2.7873
130,1996,2.8226
130,1997,2.8611
130,1998,2.8816
130,1999,2.9839
130,2000,3.0471
130,2001,3.1287
130,2002,3.1497
130,2003,3.0929
130,2004,3.1899
130,2005,3.2032
130,2006,3.308
130,2007,3.3036
130,2008,3.319
130,2009,3.4303
130,2010,3.3114
130,2011,3.4413
130,2012,3.4608
130,2013,3.5277
130,2014,3.5345
130,2015,3.4756
130,2016,3.4614
130,2017,3.5305
130,2018,3.4368
130,2019,3.459
131,1990,3.0876
131,1991,2.8651
131,1992,2.7324
131,1993,2.532
131,1994,2.4406
131,1995,2.2005
131,1996,2.2213
131,1997,2.1202
131,1998,1.9851
131,1999,2.2627
131,2000,2.0791
131,2001,2.1245
131,2002,2.046
131,2003,1.8895
131,2004,1.7533
131,2005,1.7284
131,2006,1.7985
131,2007,1.7474
131,2008,1.6755
131,2009,1.6463
131,2010,1.6589
131,2011,3.8301
131,2012,3.6574
131,2013,3.2606
131,2014,2.8629
131,2015,3.1395
131,2016,1.6002
131,2017,1.6617
131,2018,1.6004
131,2019,1.5665
132,1990,26.74
132,1991,27.8398
132,1992,19.659
132,1993,21.247
132,1994,20.1603
132,1995,15.931
132,1996,14.1419
132,1997,12.8135
132,1998,13.825
132,1999,10.5533
132,2000,9.9113
132,2001,9.8312
132,2002,7.9738
132,2003,9.1743
132,2004,7.2527
132,2005,8.0286
132,2006,6.5684
132,2007,6.4175
132,2008,6.0349
132,2009,5.8122
132,2010,5.6005
132,2011,5.3314
132,2012,4.8453
132,2013,5.0049
132,2014,4.2161
132,2015,4.349
132,2016,4.0267
132,2017,3.8946
132,2018,3.8441
132,2019,3.728
133,1990,3.5474
133,1991,3.681
133,1992,3.7922
133,1993,3.8666
133,1994,3.9024
133,1995,3.956
133,1996,4.008
133,1997,3.9674
133,1998,3.3847
133,1999,3.3342
133,2000,3.6184
133,2001,4.2125
133,2002,4.2203
133,2003,4.183
133,2004,3.9143
133,2005,3.8881
133,2006,3.9428
133,2007,3.8881
133,2008,3.759
133,2009,3.8434
133,2010,3.6659
133,2011,3.6656
133,2012,3.6504
133,2013,3.5769
133,2014,3.5261
133,2015,3.4422
133,2016,3.2364
133,2017,3.2547
133,2018,3.1997
133,2019,3.1349
134,1990,4.6366
134,1991,5.0183
134,1992,5.1965
134,1993,4.2115
134,1994,4.7602
134,1995,5.2951
134,1996,5.3956
134,1997,4.9955
134,1998,5.6847
134,1999,5.2846
134,2000,5.8533
134,2001,5.1085
134,2002,5.5013
134,2003,4.9864
134,2004,5.0048
134,2005,4.7542
134,2006,4.9253
134,2007,4.7064
134,2008,4.9571
134,2009,5.0929
134,2010,4.9378
134,2011,4.9458
134,2012,4.773
134,2013,5.2996
134,2014,5.2796
134,2015,6.9757
134,2016,8.126
134,2017,7.392
134,2018,5.6038
134,2019,5.2941
136,1990,3.4863
136,1991,3.5514
136,1992,3.7461
136,1993,3.7641
136,1994,3.9365
136,1995,3.9943
136,1996,3.8403
136,1997,3.7582
136,1998,3.6848
136,1999,3.537
136,2000,3.4503
136,2001,3.4753
136,2002,3.4923
136,2003,3.4735
136,2004,3.4929
136,2005,3.4786
136,2006,3.3964
136,2007,3.4568
136,2008,3.7195
136,2009,3.55
136,2010,3.4882
136,2011,3.4813
136,2012,3.389
136,2013,3.4532
136,2014,3.2941
136,2015,3.1781
136,2016,3.5005
136,2017,3.3114
136,2018,3.4413
136,2019,3.3677
137,1990,9.444
137,1991,9.1788
137,1992,8.5548
137,1993,8.2537
137,1994,8.6708
137,1995,8.5059
137,1996,8.6126
137,1997,8.5926
137,1998,8.1348
137,1999,7.0431
137,2000,6.5627
137,2001,6.5124
137,2002,6.2887
137,2003,6.0681
137,2004,6.02
137,2005,5.7539
137,2006,5.3504
137,2007,5.2358
137,2008,5.1561
137,2009,5.3456
137,2010,5.1327
137,2011,5.1453
137,2012,5.0982
137,2013,5.0294
137,2014,4.8333
137,2015,4.618
137,2016,4.5192
137,2017,4.61
137,2018,4.8055
137,2019,4.9511
138,1990,8.584
138,1991,8.2529
138,1992,8.0058
138,1993,7.6307
138,1994,7.1376
138,1995,6.9935
138,1996,6.7503
138,1997,6.4776
138,1998,6.2862
138,1999,6.4766
138,2000,6.5057
138,2001,7.5213
138,2002,7.5568
138,2003,7.1918
138,2004,7.1847
138,2005,6.7586
138,2006,6.7382
138,2007,7.64
138,2008,7.639
138,2009,8.0264
138,2010,7.5953
138,2011,7.1298
138,2012,7.068
138,2013,7.0685
138,2014,7.2278
138,2015,7.4834
138,2016,7.47
138,2017,7.3616
138,2018,7.2084
138,2019,6.9842
14,1990,11.4777
14,1991,10.5199
14,1992,12.2484
14,1993,11.2129
14,1994,15.0865
14,1995,14.2296
14,1996,14.1922
14,1997,13.4356
14,1998,11.2771
14,1999,10.8377
14,2000,10.9688
14,2001,10.8966
14,2002,10.9574
14,2003,10.5885
14,2004,10.3853
14,2005,10.1737
14,2006,10.1003
14,2007,10.026
14,2008,8.6963
14,2009,8.7784
14,2010,9.4985
14,2011,9.1343
14,2012,9.4237
14,2013,9.5484
14,2014,10.6855
14,2015,10.5713
14,2016,10.5508
14,2017,12.174
14,2018,12.5667
14,2019,12.8731
141,1990,4.4255
141,1991,4.2401
141,1992,4.6421
141,1993,5.1544
141,1994,5.6689
141,1995,5.7097
141,1996,5.7803
141,1997,5.5887
141,1998,5.8125
141,1999,5.9762
141,2000,5.9737
141,2001,6.6975
141,2002,7.3567
141,2003,7.5596
141,2004,7.679
141,2005,7.1093
141,2006,6.7074
141,2007,5.9273
141,2008,5.9995
141,2009,5.6074
141,2010,5.4177
141,2011,4.4488
141,2012,3.6297
141,2013,3.2402
141,2014,3.8132
141,2015,4.216
141,2016,3.7839
141,2017,3.2074
141,2018,3.167
141,2019,2.6896
143,1990,8.8226
143,1991,8.9264
143,1992,9.1198
143,1993,9.194
143,1994,9.022
143,1995,9.258
143,1996,9.1541
143,1997,9.1633
143,1998,9.1404
143,1999,8.9842
143,2000,8.8775
143,2001,8.3909
143,2002,8.3384
143,2003,8.4665
143,2004,7.6821
143,2005,7.4249
143,2006,7.2478
143,2007,7.0497
143,2008,6.8763
143,2009,6.9644
143,2010,6.6516
143,2011,6.3405
143,2012,6.2253
143,2013,6.2087
143,2014,6.1459
143,2015,6.0195
143,2016,6.14
143,2017,5.858
143,2018,5.7568
143,2019,5.4679
144,1990,0.5456
144,1991,1.0661
144,1992,1.3474
144,1993,1.5671
144,1994,1.7381
144,1995,1.8786
144,1996,2.3907
144,1997,2.6031
144,1998,2.5973
144,1999,2.7214
144,2000,2.8788
144,2001,2.3385
144,2002,2.3945
144,2003,2.3033
144,2004,2.3565
144,2005,2.2783
144,2006,2.3404
144,2007,2.3415
144,2008,2.3068
144,2009,2.4658
144,2010,2.3014
144,2011,2.7121
144,2012,2.5723
144,2013,2.5562
144,2014,2.4868
144,2015,2.5936
144,2016,2.352
144,2017,2.3408
144,2018,2.2407
144,2019,2.3628
145,1991,4.976
145,1992,4.7744
145,1993,4.9008
145,1994,4.8228
145,1995,2.7689
145,1996,2.7879
145,1997,2.6623
145,1998,2.6574
145,1999,2.5784
145,2000,2.5217
145,2001,2.3029
145,2002,2.3973
145,2003,2.2443
145,2004,2.2901
145,2005,2.6135
145,2006,2.5961
145,2007,2.3879
145,2008,2.7351
145,2009,2.1234
145,2010,2.812
145,2011,2.4969
145,2012,2.3964
145,2013,2.2486
145,2014,2.2772
145,2015,2.2043
145,2016,2.2797
145,2017,2.289
145,2018,2.2473
145,2019,1.6539
146,1992,0.6033
146,1993,0.7545
146,1994,0.8853
146,1995,3.1927
146,1996,4.2389
146,1997,7.211
146,1998,9.2457
146,1999,12.3616
146,2000,15.8303
146,2001,18.1261
146,2002,18.2675
146,2003,17.9134
146,2004,21.7032
146,2005,20.9298
146,2006,21.1493
146,2007,24.4987
146,2008,23.3293
146,2009,25.4419
146,2010,24.2063
146,2011,22.3947
146,2012,25.1125
146,2013,25.0491
146,2014,25.3088
146,2015,24.4332
146,2016,23.2953
146,2017,22.0701
146,2018,18.8885
146,2019,19.4685
147,1990,0.5715
147,1991,0.5862
147,1992,0.6092
147,1993,0.628
147,1994,0.6432
147,1995,0.659
147,1996,0.6799
147,1997,0.6852
147,1998,0.6913
147,1999,0.7146
147,2000,0.7041
147,2001,0.7132
147,2002,0.7659
147,2003,0.7525
147,2004,0.7418
147,2005,0.7262
147,2006,0.6922
147,2007,0.7252
147,2008,0.7588
147,2009,0.6877
147,2010,0.7147
147,2011,0.6106
147,2012,0.5787
147,2013,0.7941
147,2014,0.781
147,2015,0.773
147,2016,0.7565
147,2017,0.7582
147,2018,0.7924
147,2019,0.8376
148,1990,0.2647
148,1991,0.2718
148,1992,0.2879
148,1993,0.3127
148,1994,0.3301
148,1995,0.3463
148,1996,0.3574
148,1997,0.3565
148,1998,0.3675
148,1999,0.3912
148,2000,0.4199
148,2001,0.432
148,2002,0.4462
148,2003,0.5104
148,2004,0.5056
148,2005,0.5311
148,2006,0.7322
148,2007,0.7301
148,2008,0.7309
148,2009,0.7943
148,2010,0.7527
148,2011,0.8175
148,2012,0.7703
148,2013,0.7502
148,2014,0.7591
148,2015,0.7485
148,2016,0.9565
148,2017,0.8774
148,2018,0.845
148,2019,0.6106
149,1990,9.8748
149,1991,10.0176
149,1992,10.3011
149,1993,10.1348
149,1994,9.9925
149,1995,9.565
149,1996,9.6422
149,1997,9.5873
149,1998,9.6691
149,1999,9.2298
149,2000,9.2804
149,2001,10.1847
149,2002,10.5249
149,2003,10.0963
149,2004,10.185
149,2005,9.9695
149,2006,10.1425
149,2007,10.1561
149,2008,9.606
149,2009,9.1501
149,2010,8.8993
149,2011,7.294
149,2012,7.1703
149,2013,6.9481
149,2014,6.6549
149,2015,6.9313
149,2016,6.1892
149,2017,6.1533
149,2018,6.0054
149,2019,5.5284
15,1990,1.3256
15,1991,1.3807
15,1992,1.4731
15,1993,1.6092
15,1994,1.6531
15,1995,1.7425
15,1996,1.6867
15,1997,1.7534
15,1998,1.7278
15,1999,1.5637
150,1990,1.1503
150,1991,1.1995
150,1992,1.2993
150,1993,1.351
150,1994,1.408
150,1995,1.352
150,1996,0.6821
150,1997,0.7149
150,1998,0.7141
150,1999,0.7415
150,2000,0.8653
150,2001,0.7493
150,2002,0.8567
150,2003,0.8191
150,2004,0.8263
150,2005,0.8514
150,2006,0.7476
150,2007,0.8598
150,2008,0.8429
150,2009,0.8338
150,2010,0.7671
150,2011,0.8414
150,2012,0.8503
150,2013,0.8573
150,2014,0.8954
150,2015,0.8878
150,2016,0.942
150,2017,1.0126
150,2018,1.0907
150,2019,1.1679
151,1990,0
151,1991,0
151,1992,0
151,1993,0
151,1994,0
151,1995,0
151,1996,0
151,1997,0
151,1998,0
151,1999,0
151,2000,0
151,2001,0
151,2002,0
151,2003,0
151,2004,0
151,2005,0
151,2006,0
151,2007,0
151,2008,0
151,2009,0
151,2010,0
154,1992,1.8683
154,1993,2.2068
154,1994,2.3743
154,1995,2.5058
154,1996,2.4575
154,1997,2.8099
154,1998,2.5644
154,1999,2.8412
154,2000,2.8554
154,2001,2.953
154,2002,3.2745
154,2003,3.2461
154,2004,3.3128
154,2005,3.3253
154,2006,3.4252
154,2007,3.8249
154,2008,3.8932
154,2009,4.3433
154,2010,4.2591
154,2011,3.9866
154,2012,4.2845
154,2013,4.6736
154,2014,4.8117
154,2015,5.0815
154,2016,5.1866
154,2017,4.9185
154,2018,5.1968
154,2019,4.758
155,1990,1.4681
155,1991,1.4693
155,1992,1.4361
155,1993,1.3877
155,1994,1.4011
155,1995,1.4016
155,1996,1.386
155,1997,1.4078
155,1998,1.4376
155,1999,1.4395
155,2000,1.5243
155,2001,1.5985
155,2002,1.6331
155,2003,1.6284
155,2004,1.7256
155,2005,1.7272
155,2006,1.7786
155,2007,1.4843
155,2008,1.5107
155,2009,1.5502
155,2010,1.5601
155,2011,1.5373
155,2012,1.6079
155,2013,1.6618
155,2014,1.5224
155,2015,1.5866
155,2016,1.5961
155,2017,1.6231
155,2018,1.6561
155,2019,1.5413
156,1990,1.9842
156,1991,2.0631
156,1992,2.0894
156,1993,2.041
156,1994,2.0251
156,1995,2.0004
156,1996,1.7389
156,1997,1.6742
156,1998,1.7403
156,1999,1.6515
156,2000,1.6702
156,2001,1.5659
156,2002,1.5728
156,2003,1.5826
156,2004,1.6081
156,2005,1.6415
156,2006,1.6734
156,2007,1.6931
156,2008,1.726
156,2009,1.7707
156,2010,1.8113
156,2011,1.6978
156,2012,1.6253
156,2013,1.6746
156,2014,1.6536
156,2015,1.7008
156,2016,1.6054
156,2017,1.6182
156,2018,1.6457
156,2019,1.631
157,1990,5.6072
157,1991,5.8847
157,1992,5.6788
157,1993,5.5458
157,1994,5.5414
157,1995,5.7201
157,1996,5.7667
157,1997,5.6242
157,1998,5.5072
157,1999,5.4264
157,2000,5.3724
157,2001,4.7999
157,2002,4.7612
157,2003,4.6478
157,2004,4.7071
157,2005,4.6616
157,2006,4.6822
157,2007,4.6935
157,2008,4.7287
157,2009,4.7272
157,2010,4.7196
157,2011,6.6743
157,2012,6.6783
157,2013,6.6689
157,2014,6.4581
157,2015,6.1743
157,2016,4.808
157,2017,4.8769
157,2018,4.806
157,2019,4.6769
158,1990,5.7048
158,1991,5.8385
158,1992,5.9635
158,1993,5.9883
158,1994,6.026
158,1995,6.0428
158,1996,6.0498
158,1997,6.0731
158,1998,6.0192
158,1999,6.1226
158,2000,6.3577
158,2001,7.8345
158,2002,7.8114
158,2003,7.7834
158,2004,7.6273
158,2005,7.4921
158,2006,7.3654
158,2007,7.1841
158,2008,6.9915
158,2009,6.7919
158,2010,6.9344
158,2011,6.807
158,2012,6.4689
158,2013,6.2124
158,2014,6.0129
158,2015,5.9272
158,2016,5.7629
158,2017,5.6343
158,2018,5.4516
158,2019,5.3272
159,1990,7.3125
159,1991,7.1402
159,1992,6.8055
159,1993,6.738
159,1994,6.4418
159,1995,6.0949
159,1996,5.3255
159,1997,5.6463
159,1998,6.0281
159,1999,6.2582
159,2000,5.7877
159,2001,5.923
159,2002,6.7129
159,2003,6.1503
159,2004,6.3711
159,2005,6.4229
159,2006,6.9234
159,2007,7.3543
159,2008,7.4168
159,2009,7.8703
159,2010,7.0565
159,2011,6.6285
159,2012,6.8888
159,2013,6.985
159,2014,6.8507
159,2015,7.1041
159,2016,7.1109
159,2017,6.7986
159,2018,6.6534
159,2019,6.8443
16,1990,10.7211
16,1991,10.7296
16,1992,10.6215
16,1993,10.5836
16,1994,10.4075
16,1995,10.0428
16,1996,10.0902
16,1997,10.0691
16,1998,10.1658
16,1999,9.8821
16,2000,9.785
16,2001,9.4816
16,2002,9.3988
16,2003,9.3275
16,2004,9.2656
16,2005,9.0719
16,2006,8.7942
16,2007,8.7572
16,2008,8.4344
16,2009,8.3168
16,2010,8.1116
16,2011,7.9993
16,2012,7.8699
16,2013,7.8456
16,2014,7.6862
16,2015,7.4338
16,2016,7.4039
16,2017,7.216
16,2018,7.0372
16,2019,6.7898
160,1990,0
160,1991,0
160,1992,0
160,1993,0
160,1994,0
160,1995,0
160,1996,0
160,1997,0
160,1998,0
160,1999,0
160,2000,0
160,2001,0
160,2002,0
160,2003,0
160,2004,0
160,2005,0
160,2006,0
160,2007,0
160,2008,0
160,2009,0
160,2010,0
160,2011,0
160,2012,0
160,2013,0
160,2014,0
160,2015,0
160,2016,0
160,2017,0
160,2018,0
160,2019,0
162,1990,0.6115
162,1991,0.6199
162,1992,0.6533
162,1993,0.6062
162,1994,0.61
162,1995,0.6008
162,1996,0.6067
162,1997,0.5598
162,1998,0.5516
162,1999,0.5281
162,2000,0.531
162,2001,0.5758
162,2002,1.851
162,2003,1.9983
162,2004,2.1543
162,2005,2.0587
162,2006,2.118
162,2007,1.9555
162,2008,1.5319
162,2009,1.5096
162,2010,1.5522
162,2011,1.498
162,2012,1.3156
162,2013,1.1256
162,2014,0.9701
162,2015,0.8367
162,2016,0.7827
162,2017,0.7084
162,2018,0.7112
162,2019,0.7341
163,1991,1.1646
163,1992,1.1599
163,1993,1.142
163,1994,1.1321
163,1995,1.1447
163,1996,1.186
163,1997,1.2492
163,1998,1.3226
163,1999,1.3885
163,2000,1.4338
163,2001,1.4552
163,2002,1.4577
163,2003,1.4459
163,2004,1.4284
163,2005,1.4108
163,2006,1.3944
163,2007,1.3778
163,2008,1.363
163,2009,1.3522
163,2010,1.3467
163,2011,1.0525
163,2012,1.0583
163,2013,1.0675
163,2014,1.0777
163,2015,1.087
163,2016,0.2071
163,2017,0.2085
163,2018,0.2096
163,2019,0.2109
164,1990,1.0692
165,1990,8.9952
165,1991,9.4756
165,1992,9.5064
165,1993,9.5036
165,1994,9.4696
165,1995,9.678
165,1996,9.3601
165,1997,9.4256
165,1998,9.3165
165,1999,9.2878
165,2000,9.1054
165,2001,9.1442
165,2002,8.9432
165,2003,8.7384
165,2004,8.3846
165,2005,8.2007
165,2006,7.8685
165,2007,7.6996
165,2008,7.6642
165,2009,7.6064
165,2010,7.7222
165,2011,7.7445
165,2012,7.8054
165,2013,7.8152
165,2014,7.64
165,2015,7.3285
165,2016,6.7392
165,2017,6.2556
165,2018,6.1297
165,2019,6.104
166,1990,18.0146
166,1991,16.0837
166,1992,13.6983
166,1993,12.7793
166,1994,11.2847
166,1995,10.5204
166,1996,9.9711
166,1997,10.3592
166,1998,10.1926
166,1999,10.4584
166,2000,10.3847
166,2001,10.2901
166,2002,10.9809
166,2003,10.6355
166,2004,10.9319
166,2005,10.12
166,2006,9.662
166,2007,9.7663
166,2008,9.5398
166,2009,8.88
166,2010,8.5199
166,2011,8.0506
166,2012,8.0619
166,2013,7.413
166,2014,7.6579
166,2015,7.6232
166,2016,7.7252
166,2017,7.2698
166,2018,7.3634
166,2019,6.946
167,1993,0.8136
167,1994,0.8992
167,1995,0.9776
167,1996,1.0628
167,1997,1.0231
167,1998,1.0744
167,1999,1.1785
167,2000,1.0886
167,2001,1.0816
167,2002,1.1431
167,2003,1.1284
167,2004,1.1651
167,2005,1.1572
167,2006,1.1428
167,2007,1.138
167,2008,1.2065
167,2009,1.235
167,2010,1.2344
167,2011,1.2491
167,2012,1.2873
167,2013,1.3225
167,2014,1.3819
167,2015,1.2798
167,2016,1.2862
167,2017,1.3559
167,2018,1.4397
167,2019,1.5445
168,1990,0.5702
168,1991,0.5681
168,1992,0.5683
168,1993,0.5694
168,1994,0.5715
168,1995,0.5433
168,1996,0.5635
168,1997,0.4123
168,1998,0.5265
168,1999,0.56
168,2000,0.5424
168,2001,0.5623
168,2002,0.5582
168,2003,0.5728
168,2004,0.5579
168,2005,0.5583
168,2006,0.5648
168,2007,0.5787
168,2008,0.5983
168,2009,0.6476
168,2010,0.6744
168,2011,0.5898
168,2012,0.6023
168,2013,0.6097
168,2014,0.5772
168,2015,0.5476
168,2016,0.5525
168,2017,0.5654
168,2018,0.559
168,2019,0.5546
169,1990,2.1272
169,1991,2.2132
169,1992,2.2063
169,1993,2.1608
169,1994,2.1297
169,1995,2.0912
169,1996,2.1202
169,1997,2.1086
169,1998,2.122
169,1999,2.0465
169,2000,2.2124
169,2001,1.8093
169,2002,1.8154
169,2003,1.7759
169,2004,1.8318
169,2005,1.8162
169,2006,1.822
169,2007,1.7489
169,2008,1.8116
169,2009,1.7957
169,2010,1.7687
169,2011,1.5695
169,2012,1.561
169,2013,1.5612
169,2014,1.5273
169,2015,1.5257
169,2016,1.8975
169,2017,1.8503
169,2018,1.9339
169,2019,1.8933
170,1990,6.6832
170,1991,6.8966
170,1992,7.0151
170,1993,6.9299
170,1994,7.0004
170,1995,6.9761
170,1996,7.0435
170,1997,6.9144
170,1998,6.9064
170,1999,6.7955
170,2000,6.8742
170,2001,6.8064
170,2002,6.7908
170,2003,6.815
170,2004,6.6319
170,2005,6.4758
170,2006,6.6562
170,2007,6.3421
170,2008,6.4047
170,2009,6.1815
170,2010,6.0199
170,2011,5.1883
170,2012,5.1044
170,2013,5.1888
170,2014,4.9922
170,2015,4.9573
170,2016,4.8453
170,2017,4.8838
170,2018,4.8542
170,2019,4.8437
171,1990,7.5156
171,1991,7.4005
171,1992,7.2346
171,1993,7.1724
171,1994,6.7647
171,1995,6.5208
171,1996,6.4147
171,1997,6.1228
171,1998,6.5447
171,1999,6.2487
171,2000,6.1082
171,2001,6.2073
171,2002,6.2151
171,2003,6.1934
171,2004,6.08
171,2005,6.112
171,2006,6.391
171,2007,6.2414
171,2008,6.0115
171,2009,6.0088
171,2010,5.8346
171,2011,5.8597
171,2012,5.7067
171,2013,5.5168
171,2014,5.3048
171,2015,5.0773
171,2016,4.8393
171,2017,4.5504
171,2018,4.4838
171,2019,4.4076
173,1990,1.3361
173,1991,1.2927
173,1992,1.221
173,1993,1.1311
173,1994,1.0469
173,1995,0.9283
173,1996,0.9572
173,1997,0.9879
173,1998,1.0961
173,1999,1.1469
173,2000,2.1379
173,2001,2.5843
173,2002,2.5668
173,2003,2.6831
173,2004,2.765
173,2005,2.7999
173,2006,2.4556
173,2007,2.3733
173,2008,2.4049
173,2009,3.2187
173,2010,3.0591
173,2011,2.2281
173,2012,2.3678
173,2013,2.4495
173,2014,2.5662
173,2015,2.5654
173,2016,2.7664
173,2017,2.5556
173,2018,2.3456
173,2019,2.3416
174,1990,3.7407
174,1991,3.5167
174,1992,3.1993
174,1993,3.1533
174,1994,2.9801
174,1995,2.6217
174,1996,2.8152
174,1997,2.8283
174,1998,2.873
174,1999,2.7978
174,2000,3.0637
174,2001,3.0151
174,2002,2.8804
174,2003,3.3589
174,2004,3.2799
174,2005,3.2168
174,2006,3.4922
174,2007,3.6087
174,2008,3.9202
174,2009,3.7214
174,2010,3.7864
174,2011,3.7904
174,2012,3.693
174,2013,3.5639
174,2014,3.5732
174,2015,3.2321
174,2016,3.4433
174,2017,3.0797
174,2018,3.0293
174,2019,2.9324
175,1990,6.0363
175,1991,6.0912
175,1992,6.0732
175,1993,6.0746
175,1994,6.0096
175,1995,5.9757
175,1996,6.612
175,1997,6.5642
175,1998,6.1502
175,1999,5.5851
175,2000,6.0854
175,2001,5.8808
175,2002,5.7163
175,2003,5.6337
175,2004,5.6566
175,2005,5.7541
175,2006,5.4198
175,2007,5.4518
175,2008,5.8104
175,2009,5.7424
175,2010,5.6041
175,2011,5.7624
175,2012,5.2896
175,2013,5.5949
175,2014,5.5035
175,2015,5.2642
175,2016,5.5637
175,2017,5.6455
175,2018,5.5084
175,2019,5.5214
176,1990,2.664
176,1991,2.522
176,1992,2.5714
176,1993,2.5757
176,1994,2.4785
176,1995,2.4764
176,1996,2.4312
176,1997,2.4099
176,1998,2.3392
176,1999,2.3956
176,2000,3.0462
176,2001,3.3126
176,2002,3.6058
176,2003,3.8767
176,2004,3.0479
176,2005,2.6785
176,2006,2.2522
176,2007,1.6279
176,2008,1.6411
176,2009,1.5625
176,2010,1.7497
176,2011,1.6604
176,2012,1.6658
176,2013,1.6661
176,2014,1.583
176,2015,1.3308
176,2016,1.5309
176,2017,1.6301
176,2018,1.6317
176,2019,1.396
178,1993,1.695
178,1994,1.6586
178,1995,1.6292
178,1996,1.4723
178,1997,1.3601
178,1998,1.4081
178,1999,1.3806
178,2000,1.3565
178,2001,1.4544
178,2002,1.5139
178,2003,1.5109
178,2004,1.5373
178,2005,1.5575
178,2006,1.6889
178,2007,1.6343
178,2008,1.6859
178,2009,1.6836
178,2010,1.7306
178,2011,1.6838
178,2012,1.5272
178,2013,1.5205
178,2014,1.5209
178,2015,1.5222
178,2016,1.504
178,2017,1.5053
178,2018,1.4955
178,2019,1.5053
179,1990,1.1038
179,1991,0.966
179,1992,0.7684
179,1993,0.7375
179,1994,0.762
179,1995,0.7859
179,1996,0.7299
179,1997,0.5391
179,1998,0.5856
179,1999,0.5714
179,2000,0.5225
179,2001,0.5185
179,2002,0.5322
179,2003,0.5091
179,2004,0.5042
179,2005,0.5216
179,2006,0.4609
179,2007,0.4534
179,2008,0.4322
179,2009,0.4181
179,2010,0.3716
179,2011,0.3423
179,2012,0.311
179,2013,0.3196
179,2014,0.2898
179,2015,0.2895
179,2016,0.2965
179,2017,0.3026
179,2018,0.3219
179,2019,0.2935
18,1990,-1.1618
18,1991,-1.2206
18,1992,-1.2671
18,1993,-1.2991
18,1994,-1.3563
18,1995,-1.4677
18,1996,-1.5343
18,1997,-1.6073
18,1998,-1.6577
18,1999,-1.7301
18,2000,-1.7423
18,2001,-1.7631
18,2002,-1.8212
18,2003,-1.8418
18,2004,-1.8577
18,2005,-1.9687
18,2006,-1.9976
18,2007,-2.0692
18,2008,-2.0605
18,2009,-2.193
18,2010,-2.3049
18,2011,10.5624
18,2012,9.6467
18,2013,9.5498
18,2014,8.9013
18,2015,8.4128
18,2016,7.5098
18,2017,6.8985
18,2018,6.9693
18,2019,6.2818
180,1991,0.1391
180,1992,0.1635
180,1993,0.1664
180,1994,0.1409
180,1995,0.1637
180,1996,0.1741
180,1997,0.1842
180,1998,0.1995
180,1999,0.1926
180,2000,0.2175
180,2001,0.2142
180,2002,0.2582
180,2003,0.2507
180,2004,0.2489
180,2005,0.2205
180,2006,0.2155
180,2007,0.2085
180,2008,0.2371
180,2009,0.2166
180,2010,0.2168
180,2011,0.2075
180,2012,0.1914
180,2013,0.2277
180,2014,0.2302
180,2015,0.2283
180,2016,0.2307
180,2017,0.2236
180,2018,0.2217
180,2019,0.1677
181,1990,1.7286
181,1991,1.8187
181,1992,1.777
181,1993,1.9544
181,1994,1.9405
181,1995,2.1487
181,1996,2.0624
181,1997,2.1607
181,1998,2.1518
181,1999,2.0692
181,2000,2.2347
181,2001,2.2678
181,2002,2.3765
181,2003,2.4475
181,2004,2.53
181,2005,2.4373
181,2006,2.5139
181,2007,2.522
181,2008,2.6853
181,2009,2.8072
181,2010,2.5995
181,2011,2.4788
181,2012,2.6736
181,2013,2.4723
181,2014,2.5552
181,2015,2.4797
181,2016,0.9325
181,2017,0.9472
181,2018,0.9535
181,2019,0.9602
183,1990,1.0957
183,1991,1.4134
183,1992,1.5711
183,1993,1.6811
183,1994,1.8251
183,1995,1.8197
183,1996,1.8901
183,1997,2.1121
183,1998,2.367
183,1999,2.6274
183,2000,2.6124
183,2001,2.606
183,2002,2.6798
183,2003,2.6357
183,2004,2.6009
183,2005,2.7467
183,2006,2.6348
183,2007,2.7583
183,2008,3.1771
183,2009,3.2942
183,2010,3.3875
183,2011,-2.4849
183,2012,-2.4004
183,2013,-2.2454
183,2014,-2.2253
183,2015,-2.2263
183,2016,4.5186
183,2017,4.3397
183,2018,4.3944
183,2019,4.6059
184,1990,36.4409
184,1991,37.0829
184,1992,37.9452
184,1993,38.9026
184,1994,38.7083
184,1995,41.0077
184,1996,39.873
184,1997,38.2186
184,1998,38.0323
184,1999,36.6061
184,2000,37.7872
184,2001,38.202
184,2002,37.5879
184,2003,36.3668
184,2004,35.5699
184,2005,34.9024
184,2006,33.9209
184,2007,33.2064
184,2008,32.6434
184,2009,32.3644
184,2010,31.5934
184,2011,35.7278
184,2012,35.2678
184,2013,34.7963
184,2014,34.8612
184,2015,32.4202
184,2016,33.0492
184,2017,32.8477
184,2018,32.6054
184,2019,32.5142
185,1992,0.9089
185,1993,1.053
185,1994,1.2601
185,1995,1.3877
185,1996,1.4229
185,1997,1.5716
185,1998,1.6145
185,1999,1.64
185,2000,1.6214
185,2001,2.081
185,2002,2.1141
185,2003,1.9983
185,2004,2.0163
185,2005,2.013
185,2006,1.9837
185,2007,2.01
185,2008,1.9712
185,2009,2.1746
185,2010,2.07
185,2011,1.8534
185,2012,1.787
185,2013,1.8609
185,2014,1.8364
185,2015,1.844
185,2016,1.671
185,2017,1.6532
185,2018,1.5764
185,2019,1.6155
186,1992,0.7514
186,1993,0.8554
186,1994,0.8844
186,1995,1.4063
186,1996,1.4712
186,1997,1.5613
186,1998,1.6512
186,1999,2.402
186,2000,2.1592
186,2001,4.5648
186,2002,4.255
186,2003,3.9931
186,2004,3.5369
186,2005,4.5706
187,1990,0
187,1991,0
187,1992,0
187,1993,0
187,1994,0
187,1995,0
187,1996,0
187,1997,0
187,1998,0
187,1999,0
187,2000,0
187,2001,0
187,2002,0
187,2003,0
187,2004,0
187,2005,0
187,2006,0
187,2007,0
187,2008,0
187,2009,0
187,2010,0
187,2011,0
187,2012,0
187,2013,0
187,2014,0
187,2015,0
187,2016,0
187,2017,0
187,2018,0
187,2019,0
188,1990,20.8208
188,1991,20.9143
188,1992,20.5979
188,1993,19.9103
188,1994,19.1734
188,1995,19.0453
188,1996,18.6006
188,1997,17.8231
188,1998,17.0014
188,1999,15.9129
188,2000,14.9705
188,2001,14.8129
188,2002,13.7752
188,2003,13.5298
188,2004,12.7903
188,2005,13.2914
188,2006,13.2134
188,2007,12.4718
188,2008,12.4081
188,2009,12.029
188,2010,12.1681
188,2011,11.7226
188,2012,12.5275
188,2013,12.3707
188,2014,12.1034
188,2015,11.8991
188,2016,11.785
188,2017,11.5692
188,2018,11.2471
188,2019,10.8876
189,1990,57.406
189,1991,52.8057
189,1992,58.5375
189,1993,37.3379
189,1994,31.5985
189,1995,25.4052
189,1996,23.3523
189,1997,24.1438
189,1998,27.86
189,1999,24.4775
189,2000,23.7972
189,2001,22.8423
189,2002,28.1753
189,2003,22.5351
189,2004,22.667
189,2005,24.9042
189,2006,23.1961
189,2007,28.7902
189,2008,28.2391
189,2009,25.9689
189,2010,23.5629
189,2011,27.6166
189,2012,27.9041
189,2013,30.0266
189,2014,26.3894
189,2015,25.6494
189,2016,27.6855
189,2017,26.6009
189,2018,25.8654
189,2019,24.9562
19,1990,1.0319
19,1991,1.0634
19,1992,1.0793
19,1993,1.0959
19,1994,1.1056
19,1995,1.1694
19,1996,1.0975
19,1997,1.0112
19,1998,1.0189
19,1999,0.9927
19,2000,1.1209
19,2001,1.4754
19,2002,1.4769
19,2003,1.4783
19,2004,1.2577
19,2005,1.2594
19,2006,1.2315
19,2007,1.2224
19,2008,1.2599
19,2009,1.2663
19,2010,1.0968
19,2011,1.1705
19,2012,1.1609
19,2013,1.164
19,2014,1.1435
19,2015,1.1271
19,2016,1.0613
19,2017,1.0681
19,2018,1.0666
19,2019,1.0027
191,1990,37.8357
191,1991,37.0375
191,1992,36.9637
191,1993,31.2055
191,1994,26.7747
191,1995,25.4712
191,1996,24.7727
191,1997,24.7918
191,1998,20.4639
191,1999,19.8499
191,2000,22.0713
191,2001,14.7599
191,2002,14.4243
191,2003,13.8557
191,2004,12.7386
191,2005,12.7087
191,2006,12.8707
191,2007,11.1223
191,2008,14.0408
191,2009,9.498
191,2010,12.5484
191,2011,13.5344
191,2012,11.2166
191,2013,13.071
191,2014,10.5593
191,2015,12.8492
191,2016,11.1815
191,2017,11.1171
191,2018,10.8278
191,2019,10.4686
193,1990,4.5526
193,1991,4.5957
193,1992,4.6573
193,1993,4.7409
193,1994,4.7046
193,1995,4.7082
193,1996,4.748
193,1997,4.7475
193,1998,4.7753
193,1999,4.7723
193,2000,4.7648
193,2001,7.1273
193,2002,8.0691
193,2003,8.5328
193,2004,8.696
193,2005,8.8475
193,2006,8.7483
193,2007,8.9104
193,2008,9.0468
193,2009,8.7506
193,2010,8.4798
193,2011,3.9728
193,2012,3.9104
193,2013,3.94
193,2014,3.962
193,2015,3.9787
193,2016,3.9302
193,2017,3.9007
193,2018,3.985
193,2019,4.1199
194,1990,2.3649
194,1991,1.8427
194,1992,1.8268
194,1993,1.7591
194,1994,1.8183
194,1995,2.3088
194,1996,2.1873
194,1997,2.5229
194,1998,2.6475
194,1999,2.5795
194,2000,2.0967
194,2001,2.0933
194,2002,1.9772
194,2003,1.9577
194,2004,1.7127
194,2005,1.7039
194,2006,1.6051
194,2007,1.7581
194,2008,1.6258
194,2009,1.5608
194,2010,1.4368
194,2011,1.4717
194,2012,1.3498
194,2013,1.4059
194,2014,1.2934
194,2015,1.2625
194,2016,1.4
194,2017,1.3722
194,2018,1.4063
194,2019,1.4014
195,1990,7.0108
195,1991,7.157
195,1992,7.3751
195,1993,7.5156
195,1994,7.5607
195,1995,7.9134
195,1996,7.6365
195,1997,7.942
195,1998,7.7652
195,1999,7.2557
195,2000,7.4341
195,2001,7.8823
195,2002,8.1906
195,2003,8.3967
195,2004,8.023
195,2005,7.9377
195,2006,8.2283
195,2007,8.3343
195,2008,8.3045
195,2009,8.3298
195,2010,7.5211
195,2011,7.9193
195,2012,8.2798
195,2013,8.1658
195,2014,8.0329
195,2015,7.8377
195,2016,7.6695
195,2017,7.7631
195,2018,7.6276
195,2019,7.4453
196,1990,33.1659
196,1991,29.0665
196,1992,28.758
196,1993,26.8573
196,1994,24.3874
196,1995,24.2214
196,1996,21.944
196,1997,16.0287
196,1998,13.2042
196,1999,10.9065
196,2000,9.8339
196,2001,8.8603
196,2002,9.9697
196,2003,10.5803
196,2004,7.9984
196,2005,6.2997
196,2006,6.7298
196,2007,7.865
196,2008,6.544
196,2009,8.1715
196,2010,9.2727
196,2011,11.7137
196,2012,9.2258
196,2013,11.0712
196,2014,7.7698
196,2015,7.7016
196,2016,6.2483
196,2017,6.172
196,2018,7.8843
196,2019,7.9759
197,1990,6.9894
197,1991,7.0179
197,1992,7.1699
197,1993,7.1071
197,1994,7.0944
197,1995,7.3788
197,1996,8.2511
197,1997,8.2447
197,1998,8.064
197,1999,8.4451
197,2000,8.1721
197,2001,7.8136
197,2002,7.48
197,2003,6.8115
197,2004,6.5903
197,2005,6.692
197,2006,5.8575
197,2007,6.3943
197,2008,7.0162
197,2009,6.829
197,2010,7.0878
197,2011,6.7176
197,2012,6.0971
197,2013,6.2091
197,2014,5.9782
197,2015,5.972
197,2016,6.1278
197,2017,6.2297
197,2018,6.3451
197,2019,6.5925
198,1992,4.0247
198,1993,4.1367
198,1994,4.1996
198,1995,4.3834
198,1996,2.6581
198,1997,3.8086
198,1998,4.4506
198,1999,5.0087
198,2000,5.5496
198,2001,3.1024
198,2002,3.0482
198,2003,3.1265
198,2004,2.9034
198,2005,2.8427
198,2006,2.6938
198,2007,2.7716
198,2008,4.0413
198,2009,4.8313
198,2010,4.798
198,2011,2.5139
198,2012,2.4705
198,2013,2.4812
198,2014,2.748
198,2015,2.7681
198,2016,2.3118
198,2017,2.2189
198,2018,2.1834
198,2019,2.2239
199,1993,1.8846
199,1994,2.1642
199,1995,2.2594
199,1996,2.041
199,1997,2.1058
199,1998,2.2518
199,1999,2.3358
199,2000,2.601
199,2001,2.4755
199,2002,2.6471
199,2003,2.5292
199,2004,2.4817
199,2005,3.0091
199,2006,3.0399
199,2007,2.3535
199,2008,2.5178
199,2009,2.6203
199,2010,2.4465
199,2011,2.5782
199,2012,2.5734
199,2013,2.497
199,2014,2.6216
199,2015,2.4855
199,2016,2.0791
199,2017,2.0311
199,2018,2.0991
199,2019,2.2721
2,1990,6.3649
2,1991,6.376
2,1992,7.2908
2,1993,7.6412
2,1994,7.8909
2,1995,7.7525
2,1996,7.227
2,1997,6.7985
2,1998,6.4632
2,1999,6.1034
2,2000,7.0205
2,2001,6.7608
2,2002,7.4949
2,2003,8.1265
2,2004,9.1502
2,2005,9.5762
2,2006,10.1171
2,2007,10.3871
2,2008,9.4425
2,2009,8.7902
2,2010,8.0807
2,2011,7.5045
2,2012,8.3522
2,2013,9.2281
2,2014,9.5784
2,2015,10.3221
2,2016,10.8898
2,2017,11.3198
2,2018,11.6738
2,2019,10.5912
20,1990,0.179
20,1991,0.1897
20,1992,0.1978
20,1993,0.203
20,1994,0.2074
20,1995,0.213
20,1996,0.2114
20,1997,0.2201
20,1998,0.2246
20,1999,0.229
20,2000,0.2343
20,2001,0.2324
20,2002,0.2345
20,2003,0.2756
20,2004,0.2776
20,2005,0.2733
20,2006,0.2658
20,2007,0.2795
20,2008,0.2437
20,2009,0.2948
20,2010,0.2427
20,2011,0.2325
20,2012,0.2795
20,2013,0.2832
20,2014,0.2911
20,2015,0.3032
20,2016,0.3057
20,2017,0.2876
20,2018,0.3012
20,2019,0.3165
200,1990,0.4614
200,1991,0.4576
200,1992,0.434
200,1993,0.421
200,1994,0.3797
200,1995,0.5465
200,1996,0.4739
200,1997,0.4099
200,1998,0.4728
200,1999,0.4618
200,2000,0.4292
200,2001,0.4152
200,2002,0.4808
200,2003,0.449
200,2004,0.4652
200,2005,0.5723
200,2006,0.5098
200,2007,0.4797
200,2008,0.4299
200,2009,0.2995
200,2010,0.4321
200,2011,0.6895
200,2012,0.5126
200,2013,0.4487
200,2014,0.4408
200,2015,0.4021
200,2016,0.5695
200,2017,0.5602
200,2018,0.5709
200,2019,0.5715
201,1990,0.5832
201,1991,0.5876
201,1992,0.6203
201,1993,0.5923
201,1994,0.568
201,1995,0.5681
201,1996,0.5748
201,1997,0.5865
201,1998,0.6082
201,1999,0.6277
201,2000,0.6443
201,2001,0.6571
201,2002,0.672
201,2003,0.6882
201,2004,0.7043
201,2005,0.7171
201,2006,0.7569
201,2007,0.7988
201,2008,0.8166
201,2009,0.8358
201,2010,0.8528
201,2011,0.8698
201,2012,0.8861
201,2013,0.9079
201,2014,0.9298
201,2015,0.9527
201,2016,0.9783
201,2017,1.0041
201,2018,1.0306
201,2019,1.0669
202,1990,1.501
202,1991,1.5206
202,1992,1.6605
202,1993,1.6469
202,1994,1.623
202,1995,1.5792
202,1996,1.5832
202,1997,1.5687
202,1998,1.5644
202,1999,1.5422
202,2000,1.4581
202,2001,1.564
202,2002,1.6308
202,2003,1.5099
202,2004,1.3838
202,2005,1.4366
202,2006,1.3693
202,2007,1.3292
202,2008,1.2783
202,2009,1.2822
202,2010,1.3852
202,2011,1.3782
202,2012,1.4034
202,2013,1.4197
202,2014,1.3405
202,2015,1.3985
202,2016,1.3841
202,2017,1.3639
202,2018,1.4019
202,2019,1.3808
203,1990,5.1456
203,1991,5.2854
203,1992,5.4705
203,1993,6.0723
203,1994,5.9698
203,1995,6.0788
203,1996,6.0997
203,1997,6.3327
203,1998,6.8661
203,1999,6.2069
203,2000,6.0414
203,2001,5.6842
203,2002,5.5097
203,2003,5.7724
203,2004,5.2839
203,2005,3.2806
203,2006,3.4116
203,2007,3.413
203,2008,3.1894
203,2009,3.5145
203,2010,3.6825
203,2011,3.5948
203,2012,3.6804
203,2013,4.0407
203,2014,3.9905
203,2015,3.7494
203,2016,3.8588
203,2017,3.6663
203,2018,3.8142
203,2019,4.1259
206,1990,1.8829
206,1991,1.9219
206,1992,1.8906
206,1993,1.8888
206,1994,1.8472
206,1995,1.8677
206,1996,1.8165
206,1997,1.727
206,1998,1.6571
206,1999,1.6361
206,2000,1.6662
206,2001,1.9072
206,2002,1.8514
206,2003,1.8389
206,2004,1.8265
206,2005,1.8182
206,2006,1.9059
206,2007,1.848
206,2008,1.8962
206,2009,1.9019
206,2010,1.9856
206,2011,2.0332
207,1990,1.1411
207,1991,1.0884
207,1992,1.0641
207,1993,1.0825
207,1994,1.0878
207,1995,1.0845
207,1996,1.0672
207,1997,1.0883
207,1998,1.0876
207,1999,1.1227
207,2000,1.143
207,2001,1.0595
207,2002,1.2247
207,2003,1.2052
207,2004,1.1773
207,2005,1.2028
207,2006,1.1827
207,2007,1.203
207,2008,1.1624
207,2009,1.1517
207,2010,1.1043
207,2011,0.7219
207,2012,0.6989
207,2013,0.6957
207,2014,0.6869
207,2015,0.6935
207,2016,0.6546
207,2017,0.6436
207,2018,0.6254
207,2019,0.6179
208,1992,2.6617
208,1993,3.9535
208,1994,5.7142
208,1995,6.372
208,1996,7.0504
208,1997,8.2292
208,1998,8.842
208,1999,9.1911
208,2000,9.7842
208,2001,10.7685
208,2002,11.9572
208,2003,11.7609
208,2004,10.7701
208,2005,10.8567
208,2006,10.2436
208,2007,9.6253
208,2008,9.5851
208,2009,10.1936
208,2010,10.4449
208,2011,11.1979
208,2012,10.4839
208,2013,10.4325
208,2014,8.9299
208,2015,8.0153
208,2016,7.1197
208,2017,6.5233
208,2018,6.9425
208,2019,7.1941
209,1990,3.2973
209,1991,3.3657
209,1992,3.4753
209,1993,3.9879
209,1994,3.4694
209,1995,4.1434
209,1996,4.6402
209,1997,4.3742
209,1998,4.1343
209,1999,4.2511
209,2000,4.6006
209,2001,5.0734
209,2002,5.2178
209,2003,5.6466
209,2004,5.5084
209,2005,5.6586
209,2006,5.8992
209,2007,5.4521
209,2008,5.8488
209,2009,6.2666
209,2010,6.7926
209,2011,7.184
209,2012,6.7995
209,2013,6.1452
209,2014,7.8729
209,2015,7.0332
209,2016,6.5481
209,2017,7.0545
209,2018,7.0071
209,2019,7.4517
21,1990,4
21,1991,3.95
21,1992,3.891
21,1993,3.8299
21,1994,3.7634
21,1995,3.7214
21,1996,3.8521
21,1997,3.888
21,1998,3.7509
21,1999,3.7367
21,2000,3.7268
21,2001,3.5912
21,2002,3.2673
21,2003,3.2614
21,2004,3.188
21,2005,3.2243
21,2006,3.3241
21,2007,3.3079
21,2008,3.7905
21,2009,3.8686
21,2010,3.8022
21,2011,6.3129
21,2012,6.065
21,2013,5.6888
21,2014,5.4374
21,2015,5.4141
21,2016,4.9651
21,2017,4.8509
21,2018,4.8805
21,2019,4.7784
210,1990,1.8506
210,1991,1.9756
210,1992,2.1795
210,1993,2.2858
210,1994,2.3219
210,1995,2.4657
210,1996,1.6022
210,1997,1.6986
210,1998,1.7246
210,1999,1.8428
210,2000,1.7589
210,2001,2.1046
210,2002,2.9814
210,2003,3.0277
210,2004,2.852
210,2005,2.6167
210,2006,2.8031
210,2007,3.0558
210,2008,1.1958
210,2009,1.3657
210,2010,1.1783
210,2011,1.4333
210,2012,1.5083
210,2013,1.6233
210,2014,1.6678
210,2015,1.9249
210,2016,1.5056
210,2017,1.6881
210,2018,1.8441
210,2019,1.8616
211,1990,2.1279
211,1991,2.1718
211,1992,2.2108
211,1993,2.3437
211,1994,2.3488
211,1995,2.4956
211,1996,2.4858
211,1997,2.4286
211,1998,2.4453
211,1999,2.5056
211,2000,2.6111
211,2001,2.4571
211,2002,2.5962
211,2003,2.6338
211,2004,2.644
211,2005,2.5963
211,2006,2.5666
211,2007,2.8014
211,2008,2.6719
211,2009,2.6586
211,2010,2.8134
211,2011,2.9689
211,2012,2.9182
211,2013,2.7862
211,2014,3.0626
211,2015,3.0776
211,2016,3.1794
211,2017,3.1726
211,2018,3.2952
211,2019,3.2486
212,1990,1.0336
212,1991,0.9111
212,1992,0.9192
212,1993,0.8633
212,1994,0.8544
212,1995,0.867
212,1996,0.8843
212,1997,0.9078
212,1998,0.8897
212,1999,0.9001
212,2000,0.9333
212,2001,1.066
212,2002,1.2605
212,2003,1.0543
212,2004,1.1553
212,2005,1.5611
212,2006,1.6193
212,2007,1.453
212,2008,0.7799
212,2009,0.8324
212,2010,0.852
212,2011,0.9075
212,2012,1.1088
212,2013,1.308
212,2014,1.4408
212,2015,1.4438
212,2016,1.399
212,2017,1.4497
212,2018,1.1811
212,2019,1.1882
213,1992,0.4455
213,1993,0.473
213,1994,0.521
213,1995,0.5485
213,1996,0.5564
213,1997,0.677
213,1998,0.6487
213,1999,0.5482
213,2000,0.5086
213,2001,0.5067
213,2002,0.4753
213,2003,0.425
213,2004,0.4245
213,2005,0.4222
213,2006,0.4146
213,2007,0.4056
213,2008,0.395
213,2009,0.4941
213,2010,0.4543
213,2011,0.4088
213,2012,0.3929
213,2013,0.3821
213,2014,0.3702
213,2015,0.367
213,2016,0.3802
213,2017,0.3901
213,2018,0.3724
213,2019,0.2966
214,1990,0
214,1991,0
214,1992,0
214,1993,0
214,1994,0
214,1995,0
214,1996,0
214,1997,0
214,1998,0
214,1999,0
214,2000,0
214,2001,0
214,2002,0
214,2003,0
214,2004,0
214,2005,0
214,2006,0
214,2007,0
214,2008,0
214,2009,0
214,2010,0
214,2011,0
214,2012,0
214,2013,0
214,2014,0
214,2015,0
214,2016,0
214,2017,0
214,2018,0
214,2019,0
215,1990,4.5609
215,1991,5.2307
215,1992,5.7516
215,1993,6.1111
215,1994,6.4355
215,1995,6.4685
215,1996,7.1298
215,1997,7.3083
215,1998,7.1751
215,1999,7.2811
215,2000,7.5707
215,2001,7.3162
215,2002,7.0562
215,2003,6.6524
215,2004,6.8005
215,2005,6.5192
215,2006,6.8409
215,2007,6.7861
215,2008,6.6938
215,2009,6.6524
215,2010,6.5414
215,2011,6.5382
215,2012,6.3914
215,2013,6.372
215,2014,6.3705
215,2015,6.1465
215,2016,5.7501
215,2017,5.8213
215,2018,5.8884
215,2019,5.8092
216,1990,7.7373
216,1991,7.33
216,1992,7.0534
216,1993,6.6518
216,1994,6.3567
216,1995,6.036
216,1996,5.7462
216,1997,5.6018
216,1998,5.9298
216,1999,5.8073
216,2000,5.7235
216,2001,6.4231
216,2002,6.2169
216,2003,5.9072
216,2004,5.507
216,2005,5.4079
216,2006,5.3691
216,2007,5.1837
216,2008,5.2811
216,2009,4.985
216,2010,4.7247
216,2011,4.4496
216,2012,4.2552
216,2013,4.1313
216,2014,4.2046
216,2015,4.1848
216,2016,4.0639
216,2017,4.0386
216,2018,4.0418
216,2019,4.0461
217,1990,11.8772
217,1991,12.0546
217,1992,12.4015
217,1993,12.3866
217,1994,12.4489
217,1995,12.3138
217,1996,11.8909
217,1997,11.9602
217,1998,10.6551
217,1999,10.1476
217,2000,10.9383
217,2001,14.5655
217,2002,13.6751
217,2003,12.6639
217,2004,13.1961
217,2005,11.8155
217,2006,12.8504
217,2007,13.3424
217,2008,12.9765
217,2009,10.9236
217,2010,11.1501
217,2011,10.6891
217,2012,11.3267
217,2013,11.0827
217,2014,11.1088
217,2015,10.1479
217,2016,10.0419
217,2017,10.0242
217,2018,9.6501
217,2019,9.5031
218,1990,0
218,1991,0
218,1992,0
218,1993,0
218,1994,0
218,1995,0
218,1996,0
218,1997,0
218,1998,0
218,1999,0
218,2000,0
218,2001,0
218,2002,0
218,2003,0
218,2004,0
218,2005,0
218,2006,0
218,2007,0
218,2008,0
218,2009,0
218,2010,0
218,2011,0
218,2012,0
218,2013,0
218,2014,0
218,2015,0
218,2016,0
218,2017,0
218,2018,0
218,2019,0
219,1990,1.7818
219,1991,1.6376
219,1992,1.8139
219,1993,1.6896
219,1994,1.6325
219,1995,1.6474
219,1996,1.8072
219,1997,1.6296
219,1998,1.7211
219,1999,1.5571
219,2000,1.6552
219,2001,1.716
219,2002,1.6104
219,2003,1.5224
219,2004,1.5727
219,2005,1.5525
219,2006,1.4779
219,2007,1.583
219,2008,1.5443
219,2009,1.4859
219,2010,1.5781
219,2011,1.6579
219,2012,1.6201
219,2013,1.5523
219,2014,1.4983
219,2015,1.4483
219,2016,1.413
219,2017,1.2793
219,2018,1.2755
219,2019,1.0167
22,1990,12.951
22,1991,12.4558
22,1992,12.6585
22,1993,10.8488
22,1994,10.796
22,1995,10.105
22,1996,9.8577
22,1997,9.3473
22,1998,8.7774
22,1999,8.6852
22,2000,3.1913
22,2001,3.172
22,2002,3.1451
22,2003,3.0052
22,2004,2.9423
22,2005,2.845
22,2006,2.8812
22,2007,2.7897
22,2008,2.9653
22,2009,2.9985
22,2010,3.1604
22,2011,3.1571
22,2012,5.7879
22,2013,8.7912
22,2014,8.7248
22,2015,8.5344
22,2016,8.7138
22,2017,8.3405
22,2018,4.6506
22,2019,3.137
220,1990,2.9558
220,1991,2.9652
220,1992,2.7579
220,1993,2.9529
220,1994,2.8285
220,1995,2.9311
220,1996,2.4691
220,1997,2.4437
220,1998,1.9932
220,1999,1.9551
220,2000,1.7853
220,2001,1.6304
220,2002,1.5162
220,2003,1.3261
220,2004,1.2747
220,2005,1.1421
220,2006,1.0048
220,2007,0.9697
220,2008,1.0027
220,2009,0.9879
220,2010,0.9553
220,2011,0.9811
220,2012,1.0044
220,2013,1.0138
220,2014,1.0003
220,2015,1.0252
220,2016,1.1393
220,2017,1.1303
220,2018,1.1655
220,2019,1.1492
221,1990,0.6803
221,1991,0.6331
221,1992,0.6896
221,1993,0.7102
221,1994,0.7055
221,1995,0.6583
221,1996,0.6596
221,1997,0.6519
221,1998,0.728
221,1999,0.5981
221,2000,0.5564
221,2001,0.5933
221,2002,0.5786
221,2003,0.4826
221,2004,0.5382
221,2005,0.5132
221,2006,0.4608
221,2007,0.4446
221,2008,0.4603
221,2009,0.4778
221,2010,0.4453
221,2011,0.4055
221,2012,0.3896
221,2013,0.3843
221,2014,0.3898
221,2015,0.3863
221,2016,0.3907
221,2017,0.3782
221,2018,0.3778
221,2019,0.3754
222,1990,10.9311
222,1991,9.7979
222,1992,10.0473
222,1993,9.6046
222,1994,10.1232
222,1995,10.3184
222,1996,9.6587
222,1997,9.6544
222,1998,9.1516
222,1999,8.8946
222,2000,8.4405
222,2001,8.3438
222,2002,8.397
222,2003,8.3255
222,2004,7.8594
222,2005,7.7232
222,2006,7.5058
222,2007,7.2959
222,2008,7.0363
222,2009,7.0041
222,2010,6.6061
222,2011,6.1219
222,2012,5.955
222,2013,5.9856
222,2014,5.8724
222,2015,5.7419
222,2016,6.9346
222,2017,6.9674
222,2018,7.8825
222,2019,7.4751
223,1990,8.3784
223,1991,8.3756
223,1992,8.0118
223,1993,7.8381
223,1994,7.9604
223,1995,7.3064
223,1996,6.9764
223,1997,6.4933
223,1998,6.5443
223,1999,6.7197
223,2000,6.3626
223,2001,7.6973
223,2002,7.6353
223,2003,7.3638
223,2004,7.3886
223,2005,7.2767
223,2006,6.5598
223,2007,6.1689
223,2008,6.2882
223,2009,6.277
223,2010,5.9812
223,2011,5.8732
223,2012,5.5639
223,2013,6.8324
223,2014,6.6558
223,2015,6.6845
223,2016,6.0454
223,2017,5.4384
223,2018,5.3198
223,2019,5.3535
224,1990,1.2476
224,1991,1.3051
224,1992,1.2429
224,1993,1.104
224,1994,1.0749
224,1995,1.0428
224,1996,1.0824
224,1997,0.9919
224,1998,0.9686
224,1999,0.9067
224,2000,0.8982
224,2001,0.914
224,2002,0.7469
224,2003,0.8067
224,2004,0.8373
224,2005,0.7558
224,2006,0.6763
224,2007,0.6105
224,2008,0.599
224,2009,0.5864
224,2010,0.592
224,2011,0.6028
224,2012,0.6134
224,2013,0.6119
224,2014,0.5945
224,2015,0.5846
224,2016,0.5686
224,2017,0.5407
224,2018,0.5334
224,2019,0.5198
225,1990,1.5059
225,1991,1.4395
225,1992,1.4744
225,1993,1.3486
225,1994,1.3097
225,1995,1.3573
225,1996,1.3405
225,1997,1.4116
225,1998,1.371
225,1999,1.4335
225,2000,1.1056
225,2001,1.2025
225,2002,1.4069
225,2003,1.1987
225,2004,1.1778
225,2005,1.1719
225,2006,1.1309
225,2007,1.0909
225,2008,1.0091
225,2009,0.9762
225,2010,1.0283
225,2011,0.9683
225,2012,0.7977
225,2013,0.7868
225,2014,0.8047
225,2015,0.736
225,2016,0.7641
225,2017,0.8922
225,2018,0.9034
225,2019,0.9072
226,1990,12.2197
226,1991,12.2164
226,1992,12.2403
226,1993,12.2491
226,1994,12.2744
226,1995,12.1946
226,1996,12.0977
226,1997,11.8099
226,1998,11.508
226,1999,11.5933
226,2000,11.6377
226,2001,11.8298
226,2002,11.7159
226,2003,11.2813
226,2004,11.3323
226,2005,10.8978
226,2006,11.3142
226,2007,10.7821
226,2008,9.61
226,2009,9.6729
226,2010,9.3984
226,2011,9.4465
226,2012,9.2732
226,2013,9.3332
226,2014,9.2377
226,2015,9.0504
226,2016,8.8186
226,2017,8.6857
226,2018,8.6966
226,2019,8.6886
227,1990,23.9501
227,1991,18.6146
227,1992,14.4364
227,1993,10.4611
227,1994,6.2683
227,1995,2.168
227,1996,2.1637
227,1997,2.1571
227,1998,2.1534
227,1999,2.1371
227,2000,2.145
227,2001,2.154
227,2002,1.7614
227,2003,1.7795
227,2004,1.7992
227,2005,1.8203
227,2006,2.2353
227,2007,1.8474
227,2008,1.8503
227,2009,1.862
227,2010,2.2704
227,2011,2.274
227,2012,1.8906
227,2013,1.9022
227,2014,1.8777
227,2015,11.8363
227,2016,21.7108
227,2017,31.503
227,2018,40.6436
227,2019,41.5551
228,1990,0.6999
228,1991,0.8102
229,1990,1.0155
229,1991,1.0132
229,1992,1.0555
229,1993,1.0984
229,1994,1.1128
229,1995,1.1419
229,1996,1.1147
229,1997,1.1784
229,1998,1.8243
229,1999,1.1794
229,2000,1.1585
229,2001,1.1307
229,2002,1.2391
229,2003,1.2094
229,2004,1.207
229,2005,2.6226
229,2006,2.7948
229,2007,1.1719
229,2008,1.2027
229,2009,1.3762
229,2010,1.3373
229,2011,1.4568
229,2012,1.3557
229,2013,1.3918
229,2014,1.4567
229,2015,1.5331
229,2016,1.69
229,2017,1.7959
229,2018,1.8921
229,2019,2.0335
23,1990,3.613
23,1991,3.3868
23,1992,3.2127
23,1993,3.0274
23,1994,2.8453
23,1995,2.7313
23,1996,2.8011
23,1997,2.8825
23,1998,2.7241
23,1999,2.9405
23,2000,3.8409
23,2001,6.705
23,2002,6.5295
23,2003,5.9614
23,2004,6.3605
23,2005,5.9655
23,2006,5.9048
23,2007,5.5212
23,2008,5.4384
23,2009,5.1664
23,2010,5.0105
23,2011,3.054
23,2012,3.183
23,2013,2.9811
23,2014,2.9648
23,2015,2.7484
23,2016,2.7764
23,2017,2.6715
23,2018,2.6162
23,2019,2.5002
230,1992,1.0049
230,1993,1.2079
230,1994,1.5085
230,1995,1.5453
230,1996,1.7376
230,1997,2.0367
230,1998,2.1322
230,1999,2.1202
230,2000,2.1773
230,2001,2.0878
230,2002,2.1224
230,2003,2.0095
230,2004,2.0935
230,2005,2.1546
230,2006,2.2503
230,2007,2.2839
230,2008,2.3613
230,2009,2.7961
230,2010,2.4672
230,2011,2.4868
230,2012,2.4336
230,2013,2.5973
230,2014,3.0182
230,2015,3.3666
230,2016,3.3589
230,2017,3.7384
230,2018,3.7154
230,2019,3.9606
231,1990,1.1126
231,1991,1.1272
231,1992,1.1191
231,1993,1.1042
231,1994,1.0957
231,1995,1.1026
231,1996,1.0874
231,1997,1.0739
231,1998,1.0715
231,1999,1.0644
231,2000,1.038
231,2001,1.0599
231,2002,1.0567
231,2003,1.0516
231,2004,1.0394
231,2005,1.0372
231,2006,1.054
231,2007,1.04
231,2008,1.0687
231,2009,1.1395
231,2010,1.1137
231,2011,1.1402
231,2012,1.1862
231,2013,1.1742
231,2014,1.1644
231,2015,1.1805
231,2016,1.1778
231,2017,1.1805
231,2018,1.147
231,2019,1.1697
233,1990,4.671
233,1991,4.8136
233,1992,4.9584
233,1993,5.0994
233,1994,5.1606
233,1995,5.2429
233,1996,5.3874
233,1997,5.4028
233,1998,5.3697
233,1999,5.6218
233,2000,5.467
233,2001,5.2348
233,2002,5.2555
233,2003,4.8721
233,2004,4.8547
233,2005,4.8132
233,2006,4.8922
233,2007,4.8856
233,2008,4.8712
233,2009,4.8613
233,2010,4.8
233,2011,6.3016
233,2012,6.266
233,2013,6.1774
233,2014,6.1731
233,2015,6.1165
233,2016,4.07
233,2017,4.0483
233,2018,4.0949
233,2019,4.0918
234,1990,5.4252
234,1991,5.0585
234,1992,4.6871
234,1993,4.7337
234,1994,4.9183
234,1995,4.9245
234,1996,4.7044
234,1997,4.8551
234,1998,5.0245
234,1999,4.8078
234,2000,5.3425
234,2001,4.5684
234,2002,4.5175
234,2003,4.3377
234,2004,4.0437
234,2005,4.0301
234,2006,3.7566
234,2007,3.8979
234,2008,3.3775
234,2009,3.4296
234,2010,3.8051
234,2011,3.2855
234,2012,3.2297
234,2013,3.2949
234,2014,3.1356
234,2015,3.0786
234,2016,2.655
234,2017,2.7141
234,2018,2.6042
234,2019,2.5288
235,1992,0.9847
235,1993,1.0371
235,1994,1.1347
235,1995,1.2368
235,1996,1.2503
235,1997,1.274
235,1998,1.1227
235,1999,1.1697
235,2000,1.1914
235,2001,1.2643
235,2002,1.2093
235,2003,1.2668
235,2004,1.3127
235,2005,1.3649
235,2006,1.3491
235,2007,1.4122
235,2008,1.3711
235,2009,1.6227
235,2010,1.6822
235,2011,1.5237
235,2012,1.5096
235,2013,1.6314
235,2014,1.7318
235,2015,1.7858
235,2016,1.7934
235,2017,1.8264
235,2018,1.8024
235,2019,1.8165
236,1990,0.2984
236,1991,0.3157
236,1992,0.3379
236,1993,0.3282
236,1994,0.3263
236,1995,0.3297
236,1996,0.3425
236,1997,0.3384
236,1998,0.3079
236,1999,0.3115
236,2000,0.3388
236,2001,0.3841
236,2002,0.3672
236,2003,0.366
236,2004,0.4157
236,2005,0.4132
236,2006,0.4234
236,2007,0.4542
236,2008,0.4369
236,2009,0.4404
236,2010,0.4298
236,2011,0.4357
236,2012,0.4028
236,2013,0.4176
236,2014,0.3954
236,2015,0.3433
236,2016,0.427
236,2017,0.4629
236,2018,0.4885
236,2019,0.5068
237,1990,29.085
237,1991,24.6293
237,1992,22.6462
237,1993,20.0957
237,1994,16.6018
237,1995,14.5874
237,1996,12.4813
237,1997,10.608
237,1998,9.5289
237,1999,9.1173
237,2000,8.5059
237,2001,4.021
237,2002,3.774
237,2003,3.6636
237,2004,3.3908
237,2005,3.2765
237,2006,3.2499
237,2007,3.2157
237,2008,3.1281
237,2009,2.9586
237,2010,2.8366
237,2011,3.1718
237,2012,3.2868
237,2013,3.16
237,2014,2.9249
237,2015,2.7072
237,2016,2.6527
237,2017,2.6234
237,2018,2.3476
237,2019,2.0904
238,1993,5.508
238,1994,5.5009
238,1995,5.5301
238,1996,5.4551
238,1997,5.3073
238,1998,5.0885
238,1999,5.1084
238,2000,5.339
238,2001,5.1222
238,2002,4.7887
238,2003,4.8949
238,2004,4.867
238,2005,4.8084
238,2006,4.6967
238,2007,4.4407
238,2008,4.3969
238,2009,4.364
238,2010,4.2877
238,2011,4.3431
238,2012,4.2907
238,2013,4.2665
238,2014,4.2085
238,2015,4.157
238,2016,4.0457
238,2017,4.0095
238,2018,4.0475
238,2019,4.0772
239,1990,0.8867
239,1991,0.824
239,1992,0.7382
239,1993,0.7224
239,1994,0.6548
239,1995,0.5988
239,1996,0.5681
239,1997,0.5726
239,1998,0.5583
239,1999,0.5633
239,2000,0.5493
239,2001,0.5459
239,2002,0.5263
239,2003,0.5001
239,2004,0.4721
239,2005,0.438
239,2006,0.4481
239,2007,0.4571
239,2008,0.4657
239,2009,0.4807
239,2010,0.4765
239,2011,0.4745
239,2012,0.4799
239,2013,0.4826
239,2014,0.4606
239,2015,0.4633
239,2016,0.4663
239,2017,0.5846
239,2018,0.5734
239,2019,0.556
244,1990,1.8315
244,1991,1.8216
244,1992,1.838
244,1993,1.8353
244,1994,1.8222
244,1995,1.8188
244,1996,1.816
244,1997,1.7579
244,1998,1.745
244,1999,1.7519
244,2000,1.7625
244,2001,1.7109
244,2002,1.7165
244,2003,1.6885
244,2004,1.6977
244,2005,1.6781
244,2006,1.6677
244,2007,1.6835
244,2008,1.6804
244,2009,1.6311
244,2010,1.6192
244,2011,1.547
244,2012,1.5956
244,2013,1.587
244,2014,1.4911
244,2015,1.4033
244,2016,1.3824
244,2017,1.4096
244,2018,1.3857
244,2019,1.206
248,1990,0.878
248,1991,1.2084
249,1990,3.4606
249,1991,4.4059
249,1992,5.0631
249,1993,5.9128
249,1994,5.9528
249,1995,6.3505
249,1996,6.651
249,1997,6.6713
249,1998,6.8754
249,1999,6.5492
249,2000,6.3549
249,2001,6.392
249,2002,6.7686
249,2003,6.2257
249,2004,6.1928
249,2005,5.7987
249,2006,5.28
249,2007,5.3377
249,2008,5.5671
249,2009,5.3373
249,2010,5.3455
249,2011,5.9457
249,2012,6.6411
249,2013,5.6299
249,2014,5.9457
249,2015,9.6927
249,2016,11.3267
249,2017,11.5747
249,2018,9.6406
249,2019,8.3125
25,1990,0.4058
25,1991,0.4057
25,1992,0.4028
25,1993,0.4006
25,1994,0.3991
25,1995,0.3985
25,1996,0.4002
25,1997,0.4107
25,1998,0.4156
25,1999,0.4183
25,2000,0.4193
25,2001,0.8728
25,2002,0.8854
25,2003,0.9039
25,2004,0.9171
25,2005,0.9345
25,2006,0.95
25,2007,0.9648
25,2008,0.9807
25,2009,0.9933
25,2010,1.0098
25,2011,-0.1344
25,2012,-0.1374
25,2013,-0.141
25,2014,-0.1436
25,2015,-0.147
25,2016,0.0568
25,2017,0.0582
25,2018,0.0597
25,2019,0.0621
250,1990,1.4051
250,1991,1.4242
250,1992,1.4364
250,1993,1.4534
250,1994,1.4546
250,1995,1.4566
250,1996,1.4713
250,1997,1.4574
250,1998,1.4598
250,1999,1.4918
250,2000,1.5339
250,2001,1.5765
250,2002,1.5447
250,2003,1.533
250,2004,1.5374
250,2005,1.5535
250,2006,1.5652
250,2007,1.6081
250,2008,1.6155
250,2009,1.6367
250,2010,1.6481
250,2011,1.0962
250,2012,1.1046
250,2013,1.1132
250,2014,1.1262
250,2015,1.1362
250,2016,1.1495
250,2017,1.1586
250,2018,1.1822
250,2019,1.1911
251,1990,2.4074
251,1991,2.4404
251,1992,2.4713
251,1993,2.4947
251,1994,2.5382
251,1995,2.5968
251,1996,3.0352
251,1997,3.0298
251,1998,2.9878
251,1999,3.1042
251,2000,3.3626
251,2001,3.0489
251,2002,2.9054
251,2003,2.6703
251,2004,2.6635
251,2005,2.5972
251,2006,2.8262
251,2007,2.7526
251,2008,2.6974
251,2009,2.8849
251,2010,2.6778
251,2011,2.2613
251,2012,2.2031
251,2013,2.2033
251,2014,2.2107
251,2015,2.0997
251,2016,2.1373
251,2017,2.1551
251,2018,2.2043
251,2019,2.1661
255,2000,1.5344
255,2001,1.6078
255,2002,1.6388
255,2003,1.7375
255,2004,1.6611
255,2005,1.6457
255,2006,1.6091
255,2007,1.5887
255,2008,1.5058
255,2009,1.4734
255,2010,1.3054
255,2011,1.319
255,2012,1.2968
255,2013,1.1898
255,2014,1.085
255,2015,0.9647
255,2016,0.8746
255,2017,0.8792
255,2018,0.8571
255,2019,0.8911
256,2000,1.0025
256,2001,0.9578
256,2002,0.8995
256,2003,0.8701
256,2004,0.7733
256,2005,0.7621
256,2006,0.7843
256,2007,0.8164
256,2008,0.8329
256,2009,0.8787
256,2010,0.8422
256,2011,0.8394
256,2012,0.862
256,2013,0.9102
256,2014,0.9431
256,2015,0.9943
256,2016,1.0291
256,2017,1.0069
256,2018,0.9809
256,2019,0.9776
26,1990,1.236
26,1991,1.4601
26,1992,1.4937
26,1993,1.4455
26,1994,1.4857
26,1995,1.4856
26,1996,1.4959
26,1997,1.4361
26,1998,1.0192
26,1999,1.5446
26,2000,1.3947
26,2001,1.3411
26,2002,1.4542
26,2003,1.3723
26,2004,1.3877
26,2005,1.3914
26,2006,1.296
26,2007,1.0332
26,2008,0.8986
26,2009,1.0439
26,2010,1.0573
26,2011,1.0053
26,2012,1.0223
26,2013,1.1846
26,2014,1.0941
26,2015,1.2561
26,2016,1.2058
26,2017,1.0651
26,2018,1.0672
26,2019,0.8623
27,1990,1.1675
27,1991,1.4548
27,1992,1.5699
27,1993,1.3134
27,1994,1.7167
27,1995,1.7493
27,1996,1.7715
27,1997,1.8944
27,1998,2.1498
27,1999,2.4865
27,2000,3.2104
27,2001,2.9284
27,2002,3.2794
27,2003,3.266
27,2004,3.412
27,2005,3.7086
27,2006,3.9056
27,2007,3.6883
27,2008,2.3587
27,2009,2.9316
27,2010,2.795
27,2011,1.8748
27,2012,2.0791
27,2013,2.3366
27,2014,2.1866
27,2015,2.0012
27,2016,3.9652
27,2017,3.6421
27,2018,4.1827
27,2019,4.5979
272,2006,3.4372
272,2007,3.4633
272,2008,3.5451
272,2009,3.999
272,2010,4.0171
272,2011,2.1287
272,2012,2.2858
272,2013,2.2514
272,2014,2.5937
272,2015,2.2633
272,2016,2.1314
272,2017,2.1471
272,2018,2.1397
272,2019,2.0068
273,2006,-27.5913
273,2007,-36.6328
273,2008,76.7311
273,2009,-19.7386
273,2010,128.9533
273,2011,3.6064
273,2012,3.8572
273,2013,3.9116
273,2014,4.0243
273,2015,3.7823
273,2016,3.9979
273,2017,3.8716
273,2018,3.7737
273,2019,3.6314
276,2012,2.713
276,2013,2.6937
276,2014,2.7235
276,2015,2.6493
276,2016,2.6944
276,2017,2.6769
276,2018,2.6675
276,2019,2.6992
277,2012,0.5816
277,2013,0.5988
277,2014,0.6026
277,2015,0.6037
277,2016,0.5434
277,2017,0.5711
277,2018,0.5489
277,2019,0.6226
28,1990,0.7596
28,1991,0.7733
28,1992,0.7706
28,1993,0.7731
28,1994,0.772
28,1995,0.7728
28,1996,0.7901
28,1997,0.8112
28,1998,0.7971
28,1999,0.7867
28,2000,1.591
28,2001,2.2219
28,2002,2.553
28,2003,2.6598
28,2004,2.6254
28,2005,2.8447
28,2006,2.8452
28,2007,2.8065
28,2008,3.0401
28,2009,2.964
28,2010,2.9282
28,2011,3.3399
28,2012,3.3391
28,2013,3.3327
28,2014,3.2099
28,2015,3.087
28,2016,3.1706
28,2017,3.1606
28,2018,3.1045
28,2019,3.0123
29,1990,8.0654
29,1991,8.4037
29,1992,8.7741
29,1993,9.114
29,1994,9.3735
29,1995,9.4344
29,1996,9.6134
29,1997,9.7742
29,1998,10.034
29,1999,10.5902
29,2000,10.6676
29,2001,13.664
29,2002,13.9474
29,2003,14.1615
29,2004,14.2244
29,2005,14.3339
29,2006,14.3056
29,2007,14.2934
29,2008,14.2809
29,2009,14.2407
29,2010,13.8215
29,2011,31.5949
29,2012,35.1929
29,2013,29.552
29,2014,30.3948
29,2015,30.5157
29,2016,13.5982
29,2017,12.8988
29,2018,12.9092
29,2019,13.6578
3,1990,3.9669
3,1991,4.5397
3,1992,6.2909
3,1993,6.2267
3,1994,5.8497
3,1995,5.7704
3,1996,6.3347
3,1997,7.16
3,1998,7.2264
3,1999,6.1726
3,2000,6.1519
3,2001,7.612
3,2002,6.9649
3,2003,6.4901
3,2004,6.9787
3,2005,7.0202
3,2006,7.4236
3,2007,8.1165
3,2008,8.0219
3,2009,8.0903
3,2010,8.403
3,2011,7.2832
3,2012,7.78
3,2013,8.1735
3,2014,7.4439
3,2015,8.8321
3,2016,8.6234
3,2017,7.6163
3,2018,7.8144
3,2019,7.3374
32,1990,1.9933
32,1991,2.0396
32,1992,2.0223
32,1993,2.0485
32,1994,2.0836
32,1995,2.0726
32,1996,2.0227
32,1997,2.0543
32,1998,1.9941
32,1999,2.0398
32,2000,2.0268
32,2001,2.4394
32,2002,2.4918
32,2003,2.4175
32,2004,2.5483
32,2005,2.5035
32,2006,2.632
32,2007,2.6162
32,2008,2.64
32,2009,2.6575
32,2010,2.6939
32,2011,3.0949
32,2012,3.1492
32,2013,3.1805
32,2014,3.1168
32,2015,3.0029
32,2016,3.0042
32,2017,3.1467
32,2018,3.1631
32,2019,3.2187
33,1990,0.9163
33,1991,0.9439
33,1992,0.9361
33,1993,0.9321
33,1994,0.9242
33,1995,0.91
33,1996,0.8979
33,1997,0.8912
33,1998,0.8829
33,1999,0.8939
33,2000,0.8837
33,2001,0.6977
33,2002,0.7092
33,2003,0.687
33,2004,0.6988
33,2005,0.6995
33,2006,0.6995
33,2007,0.7043
33,2008,0.722
33,2009,0.7504
33,2010,0.7604
33,2011,0.9121
33,2012,0.9157
33,2013,0.9142
33,2014,0.8744
33,2015,0.8649
33,2016,0.9871
33,2017,0.9631
33,2018,0.9446
33,2019,0.9415
35,1990,-32.6829
35,1991,-34.5998
35,1992,-41.33
35,1993,-43.1392
35,1994,-40.7353
35,1995,-49.0893
35,1996,-49.0341
35,1997,-57.0406
35,1998,-73.4823
35,1999,-105.2943
35,2000,-199.2271
35,2001,21.0492
35,2002,19.3412
35,2003,19.2712
35,2004,18.2275
35,2005,15.1591
35,2006,14.5823
35,2007,14.0432
35,2008,14.9458
35,2009,13.8145
35,2010,13.1454
35,2011,12.7766
35,2012,14.9636
35,2013,15.18
35,2014,15.3302
35,2015,15.3039
35,2016,14.3408
35,2017,14.0074
35,2018,11.5903
35,2019,11.4803
351,1990,4.4272
351,1991,4.3574
351,1992,4.302
351,1993,4.1771
351,1994,4.0141
351,1995,3.7896
351,1996,3.6993
351,1997,3.7228
351,1998,3.9016
351,1999,3.8846
351,2000,3.8122
351,2001,3.756
351,2002,3.4899
351,2003,3.0655
351,2004,2.7303
351,2005,2.4845
351,2006,2.2921
351,2007,2.1767
351,2008,2.089
351,2009,2.0167
351,2010,1.8804
351,2011,1.7823
351,2012,1.7515
351,2013,1.7187
351,2014,1.6729
351,2015,1.6858
351,2016,1.7023
351,2017,1.6747
351,2018,1.6476
351,2019,1.5899
37,1990,1.0293
37,1991,1.0339
37,1992,1.0429
37,1993,1.0511
37,1994,1.0494
37,1995,1.0557
37,1996,1.3939
37,1997,1.2741
37,1998,1.1332
37,1999,1.2442
37,2000,1.2245
37,2001,1.0427
37,2002,1.1441
37,2003,0.8828
37,2004,1.0893
37,2005,0.9733
37,2006,1.0008
37,2007,0.9677
37,2008,0.9814
37,2009,1.2178
37,2010,1.0563
37,2011,1.0155
37,2012,1.1101
37,2013,1.132
37,2014,1.1881
37,2015,1.141
37,2016,1.0006
37,2017,1.0993
37,2018,1.105
37,2019,1.2761
38,1990,12.9579
38,1991,13.2487
38,1992,12.6362
38,1993,12.6559
38,1994,12.3322
38,1995,12.2789
38,1996,12.0566
38,1997,11.8163
38,1998,12.182
38,1999,11.6223
38,2000,10.9911
38,2001,11.9746
38,2002,11.5849
38,2003,11.5149
38,2004,11.2059
38,2005,10.9455
38,2006,11.0714
38,2007,11.0989
38,2008,10.7582
38,2009,10.6646
38,2010,10.4735
38,2011,10.4405
38,2012,10.0912
38,2013,10.5742
38,2014,9.8351
38,2015,8.9672
38,2016,8.2427
38,2017,8.5037
38,2018,8.4086
38,2019,8.0081
39,1990,2.7536
39,1991,2.3167
39,1992,2.352
39,1993,2.3761
39,1994,2.3941
39,1995,2.3891
39,1996,2.2588
39,1997,2.2221
39,1998,2.0564
39,1999,2.0232
39,2000,2.0622
39,2001,2.0173
39,2002,1.9566
39,2003,1.9188
39,2004,1.8718
39,2005,1.8544
39,2006,1.8467
39,2007,1.8061
39,2008,1.8241
39,2009,1.8469
39,2010,1.7858
39,2011,1.5586
39,2012,1.5407
39,2013,1.5382
39,2014,1.5115
39,2015,1.4677
39,2016,1.4489
39,2017,1.4407
39,2018,1.4037
39,2019,1.3762
4,1990,3.6342
4,1991,3.7652
4,1992,3.8321
4,1993,3.8402
4,1994,3.894
4,1995,3.6856
4,1996,3.6961
4,1997,4.1237
4,1998,3.7548
4,1999,4.056
4,2000,4.0067
4,2001,4.4587
4,2002,4.4982
4,2003,4.2423
4,2004,4.4499
4,2005,4.0325
4,2006,4.1109
4,2007,4.1576
4,2008,4.1222
4,2009,4.1638
4,2010,4.1145
4,2011,4.0718
4,2012,3.8476
4,2013,3.8304
4,2014,3.6231
4,2015,3.5122
4,2016,3.4572
4,2017,3.4567
4,2018,3.3538
4,2019,3.3513
40,1990,6.774
40,1991,7.4995
40,1992,7.4997
40,1993,7.3952
40,1994,7.0518
40,1995,6.642
40,1996,6.0202
40,1997,5.4797
40,1998,5.5584
40,1999,5.2696
40,2000,6.2846
40,2001,10.5295
40,2002,11.2378
40,2003,12.205
40,2004,12.2239
40,2005,13.189
40,2006,13.0366
40,2007,9.7196
40,2008,10.0474
40,2009,10.4757
40,2010,10.1881
40,2011,25.514
40,2012,23.037
40,2013,15.0182
40,2014,16.9794
40,2015,14.9724
40,2016,8.693
40,2017,8.6459
40,2018,8.7835
40,2019,8.769
41,1990,4.5676
41,1991,4.5035
41,1992,4.4547
41,1993,4.3331
41,1994,4.1539
41,1995,3.9148
41,1996,3.8212
41,1997,3.8601
41,1998,4.0683
41,1999,4.0592
41,2000,3.9917
41,2001,3.9286
41,2002,3.6433
41,2003,3.1823
41,2004,2.8205
41,2005,2.5564
41,2006,2.3476
41,2007,2.2317
41,2008,2.1342
41,2009,2.0543
41,2010,1.9137
41,2011,1.8119
41,2012,1.7774
41,2013,1.7439
41,2014,1.6975
41,2015,1.7098
41,2016,1.7284
41,2017,1.7002
41,2018,1.6718
41,2019,1.6113
44,1990,4.02
44,1991,4.0667
44,1992,3.9791
44,1993,3.9558
44,1994,3.8968
44,1995,4.0187
44,1996,4.1217
44,1997,4.1178
44,1998,4.3939
44,1999,4.65
44,2000,4.602
44,2001,4.8213
44,2002,4.8418
44,2003,4.7603
44,2004,4.8118
44,2005,4.7114
44,2006,4.6698
44,2007,4.6396
44,2008,4.5433
44,2009,4.427
44,2010,4.3131
44,2011,4.8218
44,2012,4.8081
44,2013,4.6341
44,2014,4.5642
44,2015,4.6671
44,2016,3.9983
44,2017,4.1017
44,2018,4.0064
44,2019,3.8603
45,1990,13.4842
45,1991,13.439
45,1992,13.3456
45,1993,13.1374
45,1994,12.9777
45,1995,12.748
45,1996,12.5663
45,1997,12.3731
45,1998,11.9995
45,1999,11.7698
45,2000,11.9204
45,2001,11.5856
45,2002,11.4718
45,2003,11.1388
45,2004,10.9187
45,2005,10.4207
45,2006,10.2839
45,2007,11.611
45,2008,11.0895
45,2009,10.6358
45,2010,10.016
45,2011,10.1112
45,2012,9.8929
45,2013,9.4302
45,2014,9.5938
45,2015,9.3321
45,2016,8.8828
45,2017,8.4193
45,2018,8.2439
45,2019,8.4851
46,1990,0.9589
46,1991,0.9815
46,1992,0.9871
46,1993,0.9976
46,1994,1.0065
46,1995,0.963
46,1996,0.8848
46,1997,0.837
46,1998,0.819
46,1999,0.8111
46,2000,0.8061
46,2001,0.8647
46,2002,1.1132
46,2003,1.0159
46,2004,0.999
46,2005,0.8575
46,2006,0.8284
46,2007,0.9406
46,2008,0.9725
46,2009,0.944
46,2010,0.8966
46,2011,0.9357
46,2012,0.9509
46,2013,0.9871
46,2014,1.0124
46,2015,1.0166
46,2016,0.9918
46,2017,0.9741
46,2018,0.9612
46,2019,1.019
47,1990,0
47,1991,0
47,1992,0
47,1993,0
47,1994,0
47,1995,0
47,1996,0
47,1997,0
47,1998,0
47,1999,0
47,2000,0
47,2001,0
47,2002,0
47,2003,0
47,2004,0
47,2005,0
47,2006,0
47,2007,0
47,2008,0
47,2009,0
47,2010,0
47,2011,0
47,2012,0
47,2013,0
47,2014,0
47,2015,0
47,2016,0
47,2017,0
47,2018,0
47,2019,0
48,1990,10.761
48,1991,10.5119
48,1992,10.1737
48,1993,10.1076
48,1994,9.4752
48,1995,10.276
48,1996,10.3444
48,1997,10.1417
48,1998,9.9395
48,1999,10.0867
48,2000,10.3636
48,2001,13.0869
48,2002,12.5173
48,2003,12.0312
48,2004,11.9693
48,2005,12.3315
48,2006,12.125
48,2007,11.0271
48,2008,10.8592
48,2009,11.2127
48,2010,11.3253
48,2011,22.9548
48,2012,23.5159
48,2013,21.8814
48,2014,21.7033
48,2015,22.1337
48,2016,19.7484
48,2017,18.8643
48,2018,17.2588
48,2019,15.4166
49,1990,6.8856
49,1991,7.6089
49,1992,9.539
49,1993,10.0815
49,1994,9.6584
49,1995,8.7141
49,1996,8.3229
49,1997,8.7768
49,1998,8.8604
49,1999,8.8699
49,2000,8.7432
49,2001,8.7583
49,2002,8.6423
49,2003,8.6443
49,2004,8.9767
49,2005,8.8248
49,2006,8.4974
49,2007,8.6351
49,2008,8.2217
49,2009,8.1017
49,2010,7.1347
49,2011,8.4736
49,2012,8.4827
49,2013,8.8804
49,2014,8.9704
49,2015,8.5943
49,2016,7.0083
49,2017,8.1133
49,2018,8.4509
49,2019,4.2828
50,1990,4.2195
50,1991,4.1264
50,1992,3.8613
50,1993,3.6532
50,1994,3.2789
50,1995,3.7363
50,1996,3.4157
50,1997,3.5299
50,1998,3.3969
50,1999,3.3975
50,2000,3.1996
50,2001,3.3184
50,2002,3.2954
50,2003,3.0811
50,2004,3.2395
50,2005,3.2202
50,2006,3.104
50,2007,3.0002
50,2008,2.9257
50,2009,3.0261
50,2010,3.0651
50,2011,3.1805
50,2012,3.3771
50,2013,3.6867
50,2014,3.5145
50,2015,3.525
50,2016,3.3409
50,2017,3.4566
50,2018,3.6952
50,2019,3.9114
5000,1990,2.7972
5000,1991,2.811
5000,1992,2.8723
5000,1993,2.8997
5000,1994,2.917
5000,1995,2.9162
5000,1996,2.9142
5000,1997,2.8259
5000,1998,2.9799
5000,1999,2.9752
5000,2000,2.9729
5000,2001,3.0232
5000,2002,2.9046
5000,2003,2.8533
5000,2004,2.7312
5000,2005,2.6974
5000,2006,2.6261
5000,2007,2.6299
5000,2008,2.607
5000,2009,2.6267
5000,2010,2.5587
5000,2011,2.5712
5000,2012,2.542
5000,2013,2.5501
5000,2014,2.4907
5000,2015,2.4846
5000,2016,2.4692
5000,2017,2.4414
5000,2018,2.3939
5000,2019,2.366
51,1990,0.6307
51,1991,0.798
51,1992,0.9434
5100,1990,3.5888
5100,1991,3.6597
5100,1992,3.7545
5100,1993,3.7784
5100,1994,3.759
5100,1995,3.6944
5100,1996,3.6705
5100,1997,3.7183
5100,1998,3.6815
5100,1999,3.7471
5100,2000,3.7152
5100,2001,3.8105
5100,2002,3.8899
5100,2003,3.7215
5100,2004,3.7003
5100,2005,3.6594
5100,2006,3.698
5100,2007,3.6934
5100,2008,3.6609
5100,2009,3.7288
5100,2010,3.6793
5100,2011,3.5331
5100,2012,3.5244
5100,2013,3.5514
5100,2014,3.4967
5100,2015,3.5261
5100,2016,3.4724
5100,2017,3.444
5100,2018,3.4578
5100,2019,3.4802
5101,1990,4.6642
5101,1991,4.9498
5101,1992,5.1065
5101,1993,5.2968
5101,1994,5.3684
5101,1995,5.4491
5101,1996,5.7376
5101,1997,5.7988
5101,1998,5.6894
5101,1999,5.7234
5101,2000,5.9406
5101,2001,5.6088
5101,2002,5.5328
5101,2003,5.3973
5101,2004,5.4232
5101,2005,5.278
5101,2006,5.4055
5101,2007,5.1958
5101,2008,5.1349
5101,2009,5.2148
5101,2010,5.0661
5101,2011,5.2278
5101,2012,4.8468
5101,2013,4.8299
5101,2014,4.7966
5101,2015,4.7273
5101,2016,4.2932
5101,2017,4.3349
5101,2018,4.3227
5101,2019,4.3535
5102,1990,1.4757
5102,1991,1.4956
5102,1992,1.5108
5102,1993,1.5218
5102,1994,1.5128
5102,1995,1.4857
5102,1996,1.4875
5102,1997,1.4875
5102,1998,1.4394
5102,1999,1.4781
5102,2000,1.5223
5102,2001,1.5258
5102,2002,1.5382
5102,2003,1.4846
5102,2004,1.5087
5102,2005,1.5046
5102,2006,1.5449
5102,2007,1.5745
5102,2008,1.5834
5102,2009,1.624
5102,2010,1.5993
5102,2011,1.2772
5102,2012,1.2938
5102,2013,1.3093
5102,2014,1.313
5102,2015,1.3197
5102,2016,1.3232
5102,2017,1.3446
5102,2018,1.3731
5102,2019,1.3861
5103,1990,4.2815
5103,1991,4.3179
5103,1992,4.451
5103,1993,4.4263
5103,1994,4.433
5103,1995,4.31
5103,1996,4.319
5103,1997,4.4326
5103,1998,4.2669
5103,1999,4.351
5103,2000,4.2525
5103,2001,4.6075
5103,2002,4.6102
5103,2003,4.3775
5103,2004,4.3602
5103,2005,4.1382
5103,2006,4.1294
5103,2007,4.1044
5103,2008,4.0665
5103,2009,4.0858
5103,2010,4.0495
5103,2011,4.2193
5103,2012,4.2435
5103,2013,4.2791
5103,2014,4.17
5103,2015,4.1879
5103,2016,4.2004
5103,2017,4.0481
5103,2018,4.0212
5103,2019,4.036
5104,1990,1.3513
5104,1991,1.374
5104,1992,1.4876
5104,1993,1.4832
5104,1994,1.468
5104,1995,1.4405
5104,1996,1.4455
5104,1997,1.441
5104,1998,1.4355
5104,1999,1.4172
5104,2000,1.3507
5104,2001,1.4337
5104,2002,1.4933
5104,2003,1.4143
5104,2004,1.3072
5104,2005,1.3483
5104,2006,1.2872
5104,2007,1.259
5104,2008,1.2045
5104,2009,1.2199
5104,2010,1.2878
5104,2011,1.2694
5104,2012,1.3061
5104,2013,1.3358
5104,2014,1.2723
5104,2015,1.3208
5104,2016,1.3073
5104,2017,1.2838
5104,2018,1.3208
5104,2019,1.3097
5105,1990,6.3881
5105,1991,6.3466
5105,1992,6.235
5105,1993,6.2051
5105,1994,6.0527
5105,1995,5.8599
5105,1996,5.3973
5105,1997,5.6024
5105,1998,5.7565
5105,1999,5.8955
5105,2000,5.662
5105,2001,5.8574
5105,2002,6.2963
5105,2003,5.9776
5105,2004,6.0836
5105,2005,6.0621
5105,2006,6.3174
5105,2007,6.54
5105,2008,6.5958
5105,2009,6.8045
5105,2010,6.3471
5105,2011,6.2993
5105,2012,6.3841
5105,2013,6.3945
5105,2014,6.2978
5105,2015,6.3697
5105,2016,6.5748
5105,2017,6.4165
5105,2018,6.293
5105,2019,6.3616
52,1992,1.3146
52,1993,1.6637
52,1994,2.0805
52,1995,2.7094
52,1996,3.0255
52,1997,3.2704
52,1998,3.2632
52,1999,3.5798
52,2000,3.7896
52,2001,4.065
52,2002,4.3372
52,2003,4.1684
52,2004,4.1046
52,2005,3.9725
52,2006,3.9201
52,2007,4.0327
52,2008,3.6749
52,2009,4.1756
52,2010,4.3423
52,2011,4.2812
52,2012,4.0822
52,2013,4.0596
52,2014,4.0028
52,2015,4.0351
52,2016,4.0264
52,2017,4.1193
52,2018,3.9534
52,2019,3.6608
5200,1990,2.4063
5200,1991,2.4115
5200,1992,2.3756
5200,1993,2.3276
5200,1994,2.2857
5200,1995,2.2693
5200,1996,2.2679
5200,1997,2.2558
5200,1998,2.2302
5200,1999,2.2249
5200,2000,2.2088
5200,2001,2.2181
5200,2002,2.1673
5200,2003,2.1495
5200,2004,2.1315
5200,2005,2.1274
5200,2006,2.1649
5200,2007,2.1936
5200,2008,2.3304
5200,2009,2.4407
5200,2010,2.3765
5200,2011,2.6738
5200,2012,2.6969
5200,2013,2.6158
5200,2014,2.5729
5200,2015,2.5922
5200,2016,2.5956
5200,2017,2.5799
5200,2018,2.5276
5200,2019,2.51
5203,1990,1.0923
5203,1991,1.1083
5203,1992,1.1001
5203,1993,1.0864
5203,1994,1.0779
5203,1995,1.0822
5203,1996,1.0671
5203,1997,1.0544
5203,1998,1.0511
5203,1999,1.0461
5203,2000,1.0215
5203,2001,1.0108
5203,2002,1.0101
5203,2003,1.0015
5203,2004,0.9932
5203,2005,0.9913
5203,2006,1.005
5203,2007,0.9942
5203,2008,1.0211
5203,2009,1.0848
5203,2010,1.0653
5203,2011,1.113
5203,2012,1.1528
5203,2013,1.1422
5203,2014,1.1283
5203,2015,1.1402
5203,2016,1.1561
5203,2017,1.155
5203,2018,1.1234
5203,2019,1.1425
5204,1990,8.7457
5204,1991,8.4493
5204,1992,8.1729
5204,1993,7.8342
5204,1994,7.3655
5204,1995,7.2506
5204,1996,7.0426
5204,1997,6.7853
5204,1998,6.5785
5204,1999,6.7665
5204,2000,6.7795
5204,2001,7.6891
5204,2002,7.706
5204,2003,7.3321
5204,2004,7.3526
5204,2005,6.9501
5204,2006,6.9355
5204,2007,7.6467
5204,2008,7.6621
5204,2009,7.9652
5204,2010,7.6054
5204,2011,7.3572
5204,2012,7.3095
5204,2013,7.2835
5204,2014,7.4072
5204,2015,7.5718
5204,2016,7.5194
5204,2017,7.4138
5204,2018,7.2767
5204,2019,7.0327
5206,1990,11.8093
5206,1991,12.3059
5206,1992,13.2062
5206,1993,13.2864
5206,1994,12.9733
5206,1995,12.0753
5206,1996,11.2046
5206,1997,11.196
5206,1998,11.0046
5206,1999,10.7772
5206,2000,9.9096
5206,2001,9.4752
5206,2002,9.1068
5206,2003,8.6508
5206,2004,8.7375
5206,2005,8.2496
5206,2006,7.6531
5206,2007,7.4785
5206,2008,7.4754
5206,2009,7.5554
5206,2010,7.2803
5206,2011,7.3461
5206,2012,7.4228
5206,2013,7.5196
5206,2014,7.4727
5206,2015,7.3733
5206,2016,7.4438
5206,2017,7.7085
5206,2018,7.775
5206,2019,6.6692
5207,1990,3.4632
5207,1991,3.4682
5207,1992,3.4402
5207,1993,3.3987
5207,1994,3.3639
5207,1995,3.333
5207,1996,3.4072
5207,1997,3.4065
5207,1998,3.3171
5207,1999,3.3032
5207,2000,3.3735
5207,2001,3.372
5207,2002,3.1925
5207,2003,3.1809
5207,2004,3.1458
5207,2005,3.1717
5207,2006,3.2217
5207,2007,3.1764
5207,2008,3.4435
5207,2009,3.4859
5207,2010,3.4236
5207,2011,4.579
5207,2012,4.4144
5207,2013,4.1732
5207,2014,4.0425
5207,2015,4.032
5207,2016,3.9169
5207,2017,3.902
5207,2018,3.927
5207,2019,3.878
53,1990,1.9176
53,1991,1.9737
53,1992,2.0362
53,1993,2.0867
53,1994,2.112
53,1995,2.1975
53,1996,2.1917
53,1997,2.2428
53,1998,2.2067
53,1999,2.2517
53,2000,2.314
53,2001,3.0688
53,2002,2.994
53,2003,3.0575
53,2004,3.1165
53,2005,3.0486
53,2006,3.0357
53,2007,2.9957
53,2008,3.1054
53,2009,3.0902
53,2010,3.0172
53,2011,3.0605
53,2012,3.1352
53,2013,3.094
53,2014,3.1048
53,2015,3.0686
53,2016,2.985
53,2017,2.9521
53,2018,2.9428
53,2019,2.9555
5300,1990,4.7729
5300,1991,4.4986
5300,1992,4.3692
5300,1993,4.3141
5300,1994,4.2207
5300,1995,4.1553
5300,1996,4.1453
5300,1997,3.8527
5300,1998,4.1847
5300,1999,4.1689
5300,2000,4.0885
5300,2001,4.0906
5300,2002,3.8391
5300,2003,3.6841
5300,2004,3.3747
5300,2005,3.2834
5300,2006,3.0705
5300,2007,3.0672
5300,2008,2.9694
5300,2009,2.8473
5300,2010,2.7776
5300,2011,2.6571
5300,2012,2.5869
5300,2013,2.599
5300,2014,2.503
5300,2015,2.4874
5300,2016,2.5179
5300,2017,2.4799
5300,2018,2.4079
5300,2019,2.3344
5301,1992,0.6282
5301,1993,0.7396
5301,1994,0.8462
5301,1995,0.9847
5301,1996,1.0895
5301,1997,1.187
5301,1998,1.156
5301,1999,1.214
5301,2000,1.2454
5301,2001,1.2572
5301,2002,1.207
5301,2003,1.2179
5301,2004,1.1941
5301,2005,1.1578
5301,2006,1.1304
5301,2007,1.1222
5301,2008,1.0871
5301,2009,1.2607
5301,2010,1.1982
5301,2011,1.18
5301,2012,1.1671
5301,2013,1.1892
5301,2014,1.2389
5301,2015,1.2414
5301,2016,1.2051
5301,2017,1.1676
5301,2018,1.1214
5301,2019,1.1156
5302,1990,3.4578
5302,1991,3.4253
5302,1992,3.399
5302,1993,3.3276
5302,1994,3.2097
5302,1995,3.0688
5302,1996,3.0103
5302,1997,3.0244
5302,1998,3.1751
5302,1999,3.1477
5302,2000,3.075
5302,2001,3.0874
5302,2002,2.9098
5302,2003,2.634
5302,2004,2.4006
5302,2005,2.2308
5302,2006,2.0874
5302,2007,1.9992
5302,2008,1.9418
5302,2009,1.9011
5302,2010,1.7785
5302,2011,1.6899
5302,2012,1.6616
5302,2013,1.6303
5302,2014,1.5856
5302,2015,1.6019
5302,2016,1.6076
5302,2017,1.5844
5302,2018,1.5631
5302,2019,1.519
5303,1990,8.3357
5303,1991,8.0775
5303,1992,7.9317
5303,1993,7.9378
5303,1994,7.7159
5303,1995,7.6406
5303,1996,7.4327
5303,1997,7.3722
5303,1998,7.2696
5303,1999,6.9548
5303,2000,6.9001
5303,2001,6.4338
5303,2002,6.4308
5303,2003,6.2493
5303,2004,5.9875
5303,2005,5.8338
5303,2006,5.6349
5303,2007,5.475
5303,2008,5.2876
5303,2009,5.0232
5303,2010,5.0028
5303,2011,4.9601
5303,2012,4.787
5303,2013,4.8109
5303,2014,4.5671
5303,2015,4.4495
5303,2016,4.3193
5303,2017,4.191
5303,2018,4.002
5303,2019,3.9589
5304,1990,5.2477
5304,1991,5.1026
5304,1992,4.9667
5304,1993,4.8715
5304,1994,4.786
5304,1995,4.7163
5304,1996,5.0268
5304,1997,3.4357
5304,1998,4.6323
5304,1999,4.8834
5304,2000,5.0043
5304,2001,5.3405
5304,2002,4.3376
5304,2003,4.8778
5304,2004,4.1216
5304,2005,4.5662
5304,2006,3.9636
5304,2007,4.7399
5304,2008,4.6613
5304,2009,3.9244
5304,2010,4.4907
5304,2011,4.0092
5304,2012,3.896
5304,2013,4.0063
5304,2014,3.5547
5304,2015,3.3976
5304,2016,3.7979
5304,2017,3.8319
5304,2018,3.5278
5304,2019,3.2173
5305,1990,3.8226
5305,1991,2.6197
5305,1992,3.3779
5305,1993,3.1891
5305,1994,3.1751
5305,1995,3.3699
5305,1996,3.3107
5305,1997,3.2532
5305,1998,3.2938
5305,1999,3.2772
5305,2000,2.9714
5305,2001,3.0616
5305,2002,3.1066
5305,2003,2.9532
5305,2004,2.8751
5305,2005,2.9054
5305,2006,2.7985
5305,2007,2.8972
5305,2008,2.7392
5305,2009,2.7051
5305,2010,2.6023
5305,2011,2.5683
5305,2012,2.3937
5305,2013,2.6528
5305,2014,2.592
5305,2015,2.5571
5305,2016,2.5696
5305,2017,2.5171
5305,2018,2.5164
5305,2019,2.4538
54,1990,1.7605
54,1991,1.6524
54,1992,1.889
54,1993,1.9382
54,1994,1.9466
54,1995,2.1694
54,1996,1.604
54,1997,1.7778
54,1998,1.844
54,1999,2.0669
54,2000,2.1672
54,2001,2.2189
54,2002,2.314
54,2003,2.0585
54,2004,0.6689
54,2005,0.7174
54,2006,0.6435
54,2007,13.072
54,2008,0.7116
54,2009,0.7327
54,2010,0.7271
54,2011,0.7975
54,2012,0.8491
54,2013,0.8577
54,2014,0.9294
54,2015,0.9422
54,2016,0.8776
54,2017,1.1297
54,2018,1.3225
54,2019,1.6264
5400,1990,1.2455
5400,1991,1.3635
5400,1992,1.523
5400,1993,1.645
5400,1994,1.7913
5400,1995,1.8716
5400,1996,1.8841
5400,1997,1.8015
5400,1998,2.1825
5400,1999,2.1663
5400,2000,2.3074
5400,2001,2.449
5400,2002,2.239
5400,2003,2.291
5400,2004,2.2359
5400,2005,2.2332
5400,2006,2.2067
5400,2007,2.1916
5400,2008,2.023
5400,2009,2.1899
5400,2010,2.0938
5400,2011,2.1067
5400,2012,2.087
5400,2013,2.1662
5400,2014,2.1922
5400,2015,2.1783
5400,2016,2.0195
5400,2017,2.023
5400,2018,2.0268
5400,2019,2.1107
5401,1990,0.778
5401,1991,0.9057
5401,1992,1.0351
5401,1993,1.1567
5401,1994,1.3377
5401,1995,1.4166
5401,1996,1.476
5401,1997,1.6197
5401,1998,1.7043
5401,1999,1.7526
5401,2000,1.8967
5401,2001,2.2081
5401,2002,2.247
5401,2003,2.2123
5401,2004,2.2643
5401,2005,2.2733
5401,2006,2.2212
5401,2007,2.2343
5401,2008,2.2364
5401,2009,2.5583
5401,2010,2.4176
5401,2011,2.3545
5401,2012,2.3383
5401,2013,2.4568
5401,2014,2.5164
5401,2015,2.5222
5401,2016,2.2212
5401,2017,2.1944
5401,2018,2.1038
5401,2019,2.1571
5402,1990,1.1954
5402,1991,1.2098
5402,1992,1.2526
5402,1993,1.3217
5402,1994,1.3415
5402,1995,1.4287
5402,1996,1.3108
5402,1997,1.3608
5402,1998,1.7888
5402,1999,1.4055
5402,2000,1.4031
5402,2001,1.3628
5402,2002,1.5531
5402,2003,1.5165
5402,2004,1.4147
5402,2005,2.2939
5402,2006,2.3458
5402,2007,2.1405
5402,2008,1.2032
5402,2009,1.3224
5402,2010,1.2637
5402,2011,1.4338
5402,2012,1.3497
5402,2013,1.3972
5402,2014,1.4414
5402,2015,1.5043
5402,2016,1.4386
5402,2017,1.5012
5402,2018,1.5575
5402,2019,1.6911
5403,1990,2.8426
5403,1991,3.0573
5403,1992,3.171
5403,1993,3.4011
5403,1994,3.5284
5403,1995,3.5811
5403,1996,3.6423
5403,1997,3.7725
5403,1998,3.9398
5403,1999,3.904
5403,2000,3.9067
5403,2001,4.025
5403,2002,3.8477
5403,2003,4.2403
5403,2004,3.8537
5403,2005,3.0815
5403,2006,3.1003
5403,2007,3.0889
5403,2008,3.0246
5403,2009,3.2448
5403,2010,3.2607
5403,2011,3.0852
5403,2012,3.1525
5403,2013,3.3092
5403,2014,3.355
5403,2015,3.1285
5403,2016,3.0856
5403,2017,2.983
5403,2018,3.018
5403,2019,3.0545
5404,1990,1.6537
5404,1991,1.729
5404,1992,1.8445
5404,1993,1.9022
5404,1994,1.9625
5404,1995,1.9996
5404,1996,1.9649
5404,1997,1.2524
5404,1998,2.1291
5404,1999,2.2033
5404,2000,2.4699
5404,2001,2.432
5404,2002,1.6158
5404,2003,1.6177
5404,2004,1.6133
5404,2005,1.5898
5404,2006,1.5315
5404,2007,1.5614
5404,2008,1.5158
5404,2009,1.4803
5404,2010,1.3887
5404,2011,1.4373
5404,2012,1.4145
5404,2013,1.4551
5404,2014,1.397
5404,2015,1.4221
5404,2016,1.3217
5404,2017,1.3854
5404,2018,1.4924
5404,2019,1.619
55,1990,8.1122
55,1991,8.1216
55,1992,8.256
55,1993,7.4535
55,1994,7.1888
55,1995,6.8496
55,1996,6.9756
55,1997,6.7927
55,1998,7.7968
55,1999,6.8226
55,2000,6.2254
55,2001,8.13
55,2002,8.8059
55,2003,8.0798
55,2004,7.1513
55,2005,7.1889
55,2006,7.2234
55,2007,6.1451
55,2008,6.6335
55,2009,6.8654
55,2010,6.6941
55,2011,7.0571
55,2012,6.9149
55,2013,6.7717
55,2014,6.5835
55,2015,6.5478
55,2016,6.6798
55,2017,7.2234
55,2018,7.0775
55,2019,7.0099
5500,1990,0.7328
5500,1991,0.7612
5500,1992,0.7747
5500,1993,0.7841
5500,1994,0.8033
5500,1995,0.8524
5500,1996,0.8346
5500,1997,0.8209
5500,1998,0.8334
5500,1999,0.7809
5500,2000,0.775
5500,2001,0.7828
5500,2002,0.7934
5500,2003,0.8949
5500,2004,0.849
5500,2005,0.902
5500,2006,0.8444
5500,2007,0.8562
5500,2008,0.8884
5500,2009,0.8788
5500,2010,0.9169
5500,2011,0.8856
5500,2012,0.9046
5500,2013,1.0572
5500,2014,1.0206
5500,2015,1.0055
5500,2016,0.9205
5500,2017,0.8853
5500,2018,0.9
5500,2019,0.9125
5501,1990,0.7294
5501,1991,0.7598
5501,1992,0.7741
5501,1993,0.784
5501,1994,0.8042
5501,1995,0.8579
5501,1996,0.8373
5501,1997,0.8422
5501,1998,0.8412
5501,1999,0.7809
5501,2000,0.7764
5501,2001,0.7819
5501,2002,0.7933
5501,2003,0.9015
5501,2004,0.8535
5501,2005,0.911
5501,2006,0.8482
5501,2007,0.8605
5501,2008,0.8932
5501,2009,0.8786
5501,2010,0.9177
5501,2011,0.8689
5501,2012,0.8878
5501,2013,1.0459
5501,2014,1.0118
5501,2015,1.0024
5501,2016,0.9992
5501,2017,0.9512
5501,2018,0.9686
5501,2019,0.9848
5502,1990,0.7074
5502,1991,0.7066
5502,1992,0.7081
5502,1993,0.7117
5502,1994,0.7209
5502,1995,0.7094
5502,1996,0.7284
5502,1997,0.5385
5502,1998,0.6638
5502,1999,0.7142
5502,2000,0.6901
5502,2001,0.7315
5502,2002,0.729
5502,2003,0.7409
5502,2004,0.7225
5502,2005,0.7245
5502,2006,0.7297
5502,2007,0.7355
5502,2008,0.7614
5502,2009,0.8175
5502,2010,0.8405
5502,2011,1.1531
5502,2012,1.1754
5502,2013,1.1831
5502,2014,1.0994
5502,2015,0.9846
5502,2016,0.404
5502,2017,0.4215
5502,2018,0.4296
5502,2019,0.4324
5503,1990,1.8395
5503,1991,1.8617
5503,1992,1.9969
5503,1993,2.0063
5503,1994,1.8624
5503,1995,1.8606
5503,1996,1.9208
5503,1997,1.9563
5503,1998,2.0282
5503,1999,2.0236
5503,2000,2.0946
5503,2001,2.0652
5503,2002,2.2551
5503,2003,2.2363
5503,2004,2.2056
5503,2005,2.1669
5503,2006,2.1672
5503,2007,2.1335
5503,2008,2.2731
5503,2009,2.1528
5503,2010,2.2493
5503,2011,2.1063
5503,2012,2.0512
5503,2013,2.1371
5503,2014,2.1146
5503,2015,2.0905
5503,2016,1.2826
5503,2017,1.2746
5503,2018,1.2706
5503,2019,1.0878
5504,1990,4.701
5504,1991,4.4561
5504,1992,4.5248
5504,1993,4.2292
5504,1994,4.036
5504,1995,3.9607
5504,1996,4.0221
5504,1997,3.8614
5504,1998,3.9082
5504,1999,3.8096
5504,2000,3.8942
5504,2001,3.344
5504,2002,3.3808
5504,2003,3.2809
5504,2004,3.2443
5504,2005,3.1995
5504,2006,3.1839
5504,2007,3.2576
5504,2008,3.1969
5504,2009,3.1306
5504,2010,3.1468
5504,2011,2.9601
5504,2012,2.9692
5504,2013,2.9305
5504,2014,2.8175
5504,2015,2.9232
5504,2016,3.1104
5504,2017,3.2564
5504,2018,3.416
5504,2019,3.0225
56,1990,32.9495
56,1991,30.0304
56,1992,28.9432
56,1993,26.7998
56,1994,25.6582
56,1995,20.8389
56,1996,19.1569
56,1997,18.4149
56,1998,17.9927
56,1999,18.5034
56,2000,17.7275
56,2001,14.1287
56,2002,12.9587
56,2003,12.9601
56,2004,14.3959
56,2005,14.5664
56,2006,13.9474
56,2007,13.1953
56,2008,13.0184
56,2009,13.0702
56,2010,12.7166
56,2011,12.1721
56,2012,12.1271
56,2013,12.2914
56,2014,12.013
56,2015,11.3083
56,2016,11.085
56,2017,11.1463
56,2018,10.8888
56,2019,10.6571
57,1992,1.6262
57,1993,2.0943
57,1994,2.7253
57,1995,3.1473
57,1996,3.3155
57,1997,3.535
57,1998,3.7238
57,1999,3.919
57,2000,4.1404
57,2001,3.639
57,2002,3.6629
57,2003,3.6443
57,2004,3.4386
57,2005,3.4182
57,2006,3.2582
57,2007,3.3811
57,2008,3.2291
57,2009,3.3676
57,2010,3.2714
57,2011,2.5183
57,2012,2.5276
57,2013,2.5232
57,2014,2.5229
57,2015,2.6129
57,2016,2.8137
57,2017,2.7866
57,2018,2.652
57,2019,2.62
5706,1990,1.7534
5706,1991,1.8576
5706,1992,1.9429
5706,1993,1.9736
5706,1994,2.0324
5706,1995,2.0728
5706,1996,2.042
5706,1997,1.826
5706,1998,2.3648
5706,1999,2.326
5706,2000,2.5434
5706,2001,2.5501
5706,2002,2.2199
5706,2003,2.3443
5706,2004,2.2466
5706,2005,2.2371
5706,2006,2.2056
5706,2007,2.166
5706,2008,1.936
5706,2009,2.0768
5706,2010,1.9932
5706,2011,2.1166
5706,2012,2.1276
5706,2013,2.2005
5706,2014,2.2143
5706,2015,2.1725
5706,2016,2.008
5706,2017,2.0177
5706,2018,2.0758
5706,2019,2.182
5707,1990,1.8837
5707,1991,2.0134
5707,1992,2.1037
5707,1993,2.1226
5707,1994,2.1912
5707,1995,2.2306
5707,1996,2.1978
5707,1997,1.9324
5707,1998,2.4543
5707,1999,2.5148
5707,2000,2.7712
5707,2001,2.7822
5707,2002,2.3762
5707,2003,2.5245
5707,2004,2.4098
5707,2005,2.1765
5707,2006,2.1145
5707,2007,2.3174
5707,2008,2.048
5707,2009,2.1814
5707,2010,2.0909
5707,2011,2.2163
5707,2012,2.2515
5707,2013,2.3298
5707,2014,2.3324
5707,2015,2.2677
5707,2016,2.0487
5707,2017,2.0451
5707,2018,2.0985
5707,2019,2.2003
58,1990,4.9148
58,1991,4.9303
58,1992,4.5065
58,1993,4.3159
58,1994,4.8476
58,1995,4.2934
58,1996,4.1915
58,1997,4.4879
58,1998,4.4313
58,1999,4.5292
58,2000,4.7053
58,2001,4.9441
58,2002,4.895
58,2003,4.7556
58,2004,4.6147
58,2005,4.5758
58,2006,4.6708
58,2007,4.4785
58,2008,4.7041
58,2009,4.4573
58,2010,4.4722
58,2011,4.817
58,2012,4.9181
58,2013,4.7853
58,2014,4.6014
58,2015,4.7749
58,2016,4.8363
58,2017,4.8398
58,2018,4.711
58,2019,4.6984
5801,1990,3.415
5801,1991,3.5308
5801,1992,3.6075
5801,1993,3.6911
5801,1994,3.7139
5801,1995,3.7122
5801,1996,3.8136
5801,1997,3.8208
5801,1998,3.735
5801,1999,3.7659
5801,2000,3.9598
5801,2001,4.0696
5801,2002,4.067
5801,2003,3.9802
5801,2004,3.9819
5801,2005,3.9671
5801,2006,4.0149
5801,2007,3.9813
5801,2008,4.003
5801,2009,4.0125
5801,2010,3.9386
5801,2011,3.6277
5801,2012,3.621
5801,2013,3.6172
5801,2014,3.5934
5801,2015,3.5768
5801,2016,3.4775
5801,2017,3.4815
5801,2018,3.4858
5801,2019,3.4517
5802,1990,3.4904
5802,1991,3.5253
5802,1992,2.0896
5802,1993,2.5044
5802,1994,2.6443
5802,1995,2.8518
5802,1996,2.9808
5802,1997,3.0396
5802,1998,2.9888
5802,1999,3.0484
5802,2000,3.15
5802,2001,3.1979
5802,2002,3.1667
5802,2003,3.1333
5802,2004,3.0881
5802,2005,3.0485
5802,2006,3.0182
5802,2007,2.9635
5802,2008,2.912
5802,2009,3.1135
5802,2010,2.9383
5802,2011,2.8569
5802,2012,2.7891
5802,2013,2.7905
5802,2014,2.8449
5802,2015,2.8332
5802,2016,2.6522
5802,2017,2.6115
5802,2018,2.5762
5802,2019,2.5394
5803,1990,5.8553
5803,1991,5.8889
5803,1992,5.9033
5803,1993,5.7647
5803,1994,5.551
5803,1995,5.7552
5803,1996,5.4161
5803,1997,5.0274
5803,1998,5.1564
5803,1999,5.136
5803,2000,4.937
5803,2001,4.9236
5803,2002,4.9686
5803,2003,4.7805
5803,2004,4.7828
5803,2005,4.7501
5803,2006,4.4874
5803,2007,4.2872
5803,2008,4.1488
5803,2009,3.8907
5803,2010,4.109
5803,2011,4.4099
5803,2012,4.2465
5803,2013,4.0954
5803,2014,4.0262
5803,2015,3.8615
5803,2016,3.5776
5803,2017,3.649
5803,2018,3.7255
5803,2019,3.2801
5815,1990,5.9316
5815,1991,5.9729
5815,1992,5.7547
5815,1993,5.8051
5815,1994,5.7891
5815,1995,5.7819
5815,1996,5.7503
5815,1997,5.6905
5815,1998,5.5937
5815,1999,5.5309
5815,2000,5.5381
5815,2001,5.2055
5815,2002,5.2052
5815,2003,5.0905
5815,2004,4.9997
5815,2005,4.9089
5815,2006,4.8412
5815,2007,4.7403
5815,2008,4.6029
5815,2009,4.5016
5815,2010,4.4744
5815,2011,4.3763
5815,2012,4.2725
5815,2013,4.3007
5815,2014,4.1609
5815,2015,4.0828
5815,2016,3.95
5815,2017,3.9289
5815,2018,3.8217
5815,2019,3.7855
5817,1990,4.2848
5817,1991,4.4158
5817,1992,4.5218
5817,1993,4.5609
5817,1994,4.5984
5817,1995,4.5811
5817,1996,4.6494
5817,1997,4.6302
5817,1998,4.4902
5817,1999,4.5114
5817,2000,4.6363
5817,2001,4.7928
5817,2002,4.7579
5817,2003,4.6619
5817,2004,4.6762
5817,2005,4.5988
5817,2006,4.5913
5817,2007,4.5396
5817,2008,4.522
5817,2009,4.5307
5817,2010,4.4454
5817,2011,4.1975
5817,2012,4.1632
5817,2013,4.18
5817,2014,4.1353
5817,2015,4.1214
5817,2016,4.0793
5817,2017,4.0574
5817,2018,4.0779
5817,2019,4.0034
5848,1990,1.2464
5848,1991,1.3142
5848,1992,1.3886
5848,1993,1.4362
5848,1994,1.4869
5848,1995,1.5181
5848,1996,1.512
5848,1997,1.4546
5848,1998,1.6265
5848,1999,1.6019
5848,2000,1.6443
5848,2001,1.6871
5848,2002,1.5942
5848,2003,1.625
5848,2004,1.5887
5848,2005,1.5909
5848,2006,1.5833
5848,2007,1.5625
5848,2008,1.5166
5848,2009,1.6203
5848,2010,1.5701
5848,2011,1.5944
5848,2012,1.604
5848,2013,1.665
5848,2014,1.6583
5848,2015,1.6679
5848,2016,1.6239
5848,2017,1.6167
5848,2018,1.6018
5848,2019,1.6487
5849,1990,4.6802
5849,1991,4.5192
5849,1992,4.4418
5849,1993,4.391
5849,1994,4.3156
5849,1995,4.2521
5849,1996,4.2476
5849,1997,4.0405
5849,1998,4.2314
5849,1999,4.2461
5849,2000,4.201
5849,2001,4.2259
5849,2002,4.0294
5849,2003,3.8783
5849,2004,3.6351
5849,2005,3.5494
5849,2006,3.3946
5849,2007,3.4122
5849,2008,3.3614
5849,2009,3.2655
5849,2010,3.1876
5849,2011,3.1692
5849,2012,3.0953
5849,2013,3.0683
5849,2014,2.9653
5849,2015,2.9488
5849,2016,2.9604
5849,2017,2.9214
5849,2018,2.8535
5849,2019,2.7701
5873,1990,1.7562
5873,1991,1.7869
5873,1992,1.7973
5873,1993,1.7825
5873,1994,1.7699
5873,1995,1.7681
5873,1996,1.7414
5873,1997,1.6503
5873,1998,1.8247
5873,1999,1.7993
5873,2000,1.8417
5873,2001,1.8735
5873,2002,1.7707
5873,2003,1.8156
5873,2004,1.7697
5873,2005,1.7694
5873,2006,1.7678
5873,2007,1.7745
5873,2008,1.7535
5873,2009,1.8584
5873,2010,1.7868
5873,2011,1.8185
5873,2012,1.8382
5873,2013,1.8712
5873,2014,1.861
5873,2015,1.8771
5873,2016,1.8724
5873,2017,1.8489
5873,2018,1.8268
5873,2019,1.8619
59,1990,7.2824
59,1991,7.1282
59,1992,7.302
59,1993,6.903
59,1994,7.4855
59,1995,7.1093
59,1996,7.2828
59,1997,6.9438
59,1998,6.672
59,1999,6.5958
59,2000,6.223
59,2001,6.7418
59,2002,6.7574
59,2003,6.1704
59,2004,6.121
59,2005,5.6833
59,2006,5.4381
59,2007,5.3265
59,2008,5.2514
59,2009,5.2342
59,2010,5.2405
59,2011,5.1747
59,2012,5.2359
59,2013,5.2855
59,2014,5.0009
59,2015,5.1366
59,2016,4.9517
59,2017,4.69
59,2018,4.7425
59,2019,4.7475
60,1990,17.9721
60,1991,16.5935
60,1992,16.2125
60,1993,15.3827
60,1994,14.5327
60,1995,14.4574
60,1996,14.44
60,1997,13.37
60,1998,13.4509
60,1999,13.5554
60,2000,14.1633
60,2001,13.545
60,2002,13.1739
60,2003,12.8603
60,2004,12.962
60,2005,12.8095
60,2006,12.3293
60,2007,12.3128
60,2008,12.9164
60,2009,13.1782
60,2010,13.3679
60,2011,13.5857
60,2012,13.5287
60,2013,14.5252
60,2014,14.2948
60,2015,13.447
60,2016,13.7762
60,2017,14.4803
60,2018,13.2597
60,2019,12.6771
61,1990,1.6659
61,1991,1.6852
61,1992,1.4004
61,1993,1.0385
61,1994,0.7678
61,1995,0.7511
61,1996,0.7286
61,1997,0.5998
61,1998,0.5333
61,1999,0.5157
61,2000,0.5102
61,2001,0.4074
61,2002,0.4623
61,2003,0.4336
61,2004,0.3786
61,2005,0.3685
61,2006,0.3847
61,2007,0.3971
61,2008,0.3794
61,2009,0.4173
61,2010,0.4133
61,2011,0.4106
61,2012,0.4281
61,2013,0.4399
61,2014,0.4725
61,2015,0.505
61,2016,0.5208
61,2017,0.5643
61,2018,0.526
61,2019,0.5381
62,1990,4.8093
62,1991,4.9011
62,1992,4.9195
63,1992,0.3019
63,1993,0.7092
63,1994,0.6636
63,1995,0.6572
63,1996,0.6397
63,1997,0.6529
63,1998,0.7292
63,1999,0.7853
63,2000,0.7843
63,2001,0.7587
63,2002,0.8179
63,2003,0.7311
63,2004,1.0297
63,2005,1.0713
63,2006,1.5008
63,2007,0.7278
63,2008,1.3462
63,2009,1.7165
63,2010,1.5121
63,2011,1.6085
63,2012,1.5495
63,2013,1.3819
63,2014,1.4413
63,2015,1.6005
63,2016,1.0699
63,2017,1.0086
63,2018,0.9268
63,2019,1.0804
66,1990,-9.8404
66,1991,-7.7645
66,1992,-9.488
66,1993,-11.8343
66,1994,-14.5686
66,1995,-22.2709
66,1996,-28.0408
66,1997,-23.3253
66,1998,-17.9658
66,1999,-18.962
66,2000,-21.1374
66,2001,-159.3086
66,2002,-26.376
66,2003,-57.1154
66,2004,25.8345
66,2005,-196.2341
66,2006,73.3606
66,2007,192.4034
66,2008,-24.7905
66,2009,-16.475
66,2010,94.2972
66,2011,-138.9785
66,2012,-74.7992
66,2013,27.2316
66,2014,-125.9197
66,2015,10.7758
66,2016,13.6938
66,2017,19.2655
66,2018,18.6431
66,2019,6.5371
67,1990,2.5036
67,1991,2.667
67,1992,3.358
67,1993,3.3684
67,1994,3.1435
67,1995,3.6648
67,1996,3.5906
67,1997,3.4332
67,1998,3.6469
67,1999,3.2935
67,2000,3.7327
67,2001,2.6064
67,2002,2.2683
67,2003,2.0755
67,2004,1.9552
67,2005,2.2905
67,2006,1.6059
67,2007,1.5543
67,2008,0.7538
67,2009,0.7939
67,2010,0.6857
67,2011,1.5885
67,2012,1.9027
67,2013,1.9579
67,2014,1.9433
67,2015,2.2998
67,2016,0.6657
67,2017,0.7379
67,2018,0.7673
67,2019,0.8562
68,1990,1.4015
68,1991,1.3847
68,1992,1.4747
68,1993,1.4956
68,1994,1.5872
68,1995,1.6401
68,1996,1.57
68,1997,1.6712
68,1998,1.6114
68,1999,1.661
68,2000,2.6541
68,2001,2.778
68,2002,2.8814
68,2003,2.8489
68,2004,2.8282
68,2005,2.7162
68,2006,2.5895
68,2007,2.5211
68,2008,2.4621
68,2009,2.4845
68,2010,2.3696
68,2011,2.3862
68,2012,2.287
68,2013,2.2027
68,2014,2.1991
68,2015,2.0337
68,2016,1.9711
68,2017,1.9903
68,2018,2.1096
68,2019,2.2169
7,1990,1.5808
7,1991,1.6567
7,1992,1.7459
7,1993,1.7271
7,1994,1.6216
7,1995,1.4492
7,1996,1.3687
7,1997,1.4566
7,1998,1.3454
7,1999,1.4095
7,2000,1.5667
7,2001,1.3873
7,2002,1.3948
7,2003,1.364
7,2004,1.361
7,2005,1.3942
7,2006,1.5065
7,2007,1.5072
7,2008,1.531
7,2009,1.5429
7,2010,1.484
7,2011,1.5425
7,2012,1.5558
7,2013,1.5932
7,2014,1.5202
7,2015,1.5765
7,2016,1.602
7,2017,1.6165
7,2018,1.7613
7,2019,1.7089
72,1990,3.6208
72,1991,3.8015
72,1992,4.004
72,1993,4.1302
72,1994,4.3234
72,1995,4.3351
72,1996,4.4111
72,1997,4.503
72,1998,4.6301
72,1999,4.6593
72,2000,4.7374
72,2001,4.839
72,2002,4.8497
72,2003,4.8456
72,2004,4.921
72,2005,4.9751
72,2006,5.0583
72,2007,4.9773
72,2008,4.8961
72,2009,5.1267
72,2010,5.0327
72,2011,5.1957
72,2012,5.1805
72,2013,4.9914
72,2014,5.4702
72,2015,5.3127
72,2016,5.3904
72,2017,5.3942
72,2018,5.4016
72,2019,5.4615
73,1992,7.34
73,1993,-27.0428
73,1994,-6.6347
73,1995,-4.2735
73,1996,-5.5037
73,1997,-6.0542
73,1998,-6.4811
73,1999,-6.3034
73,2000,-6.7923
73,2001,7.1857
73,2002,7.2786
73,2003,6.8879
73,2004,6.5728
73,2005,6.1016
73,2006,5.5271
73,2007,5.51
73,2008,6.1763
73,2009,5.8638
73,2010,5.868
73,2011,3.9176
73,2012,3.7166
73,2013,3.7179
73,2014,3.5724
73,2015,3.4189
73,2016,3.3857
73,2017,3.3085
73,2018,3.5998
73,2019,3.4135
74,1990,0.5148
74,1991,0.5483
74,1992,0.5256
74,1993,0.5284
74,1994,0.5354
74,1995,0.4957
74,1996,0.4569
74,1997,0.5567
74,1998,0.4356
74,1999,0.4595
74,2000,0.4594
74,2001,0.4646
74,2002,0.4806
74,2003,0.4417
74,2004,0.4765
74,2005,0.5159
74,2006,0.595
74,2007,0.6825
74,2008,0.648
74,2009,0.6769
74,2010,0.6704
74,2011,0.6059
74,2012,0.6222
74,2013,0.6354
74,2014,0.6355
74,2015,0.6236
74,2016,0.6294
74,2017,0.6873
74,2018,0.7117
74,2019,0.7479
75,1990,5.6119
75,1991,5.8108
75,1992,6.0802
75,1993,6.3141
75,1994,6.3825
75,1995,6.4795
75,1996,6.7908
75,1997,7.068
75,1998,7.1176
75,1999,6.4705
75,2000,6.6841
75,2001,8.1685
75,2002,8.4106
75,2003,8.1324
75,2004,7.8379
75,2005,7.7904
75,2006,7.6376
75,2007,7.7905
75,2008,7.4596
75,2009,6.6666
75,2010,6.4351
75,2011,7.3881
75,2012,7.2424
75,2013,7.1726
75,2014,6.9233
75,2015,6.6478
75,2016,7.0382
75,2017,7.0769
75,2018,7.3158
75,2019,6.9782
79,1990,1.8357
79,1991,2.0025
79,1992,2.1525
79,1993,2.234
79,1994,2.2926
79,1995,2.3553
79,1996,2.5063
79,1997,0.9904
79,1998,2.8116
79,1999,2.9713
79,2000,2.9559
79,2001,2.8511
79,2002,1.1209
79,2003,1.1341
79,2004,1.1434
79,2005,1.1366
79,2006,1.1329
79,2007,1.1772
79,2008,1.1294
79,2009,1.0423
79,2010,0.9915
79,2011,1.0414
79,2012,1.0368
79,2013,1.1868
79,2014,1.0712
79,2015,1.2313
79,2016,1.0572
79,2017,1.1586
79,2018,1.3001
79,2019,1.4887
8,1990,9.7419
8,1991,9.9494
8,1992,10.1412
8,1993,9.9414
8,1994,9.9323
8,1995,9.6779
8,1996,9.3249
8,1997,8.8518
8,1998,8.531
8,1999,8.2507
8,2000,8.0617
8,2001,7.9766
8,2002,7.3845
8,2003,7.0074
8,2004,6.7861
8,2005,6.7236
8,2006,6.6003
8,2007,6.3646
8,2008,6.259
8,2009,5.9633
8,2010,6.0832
8,2011,6.1907
8,2012,6.0217
8,2013,5.9801
8,2014,5.9796
8,2015,5.8072
8,2016,5.6947
8,2017,5.6729
8,2018,5.5452
8,2019,5.4038
80,1992,0.9314
80,1993,1.0408
80,1994,3.6281
80,1995,4.4031
80,1996,4.752
80,1997,3.5384
80,1998,3.2704
80,1999,3.4624
80,2000,2.9894
80,2001,3.7341
80,2002,3.695
80,2003,3.7063
80,2004,3.5315
80,2005,3.4701
80,2006,3.2755
80,2007,3.3295
80,2008,3.0287
80,2009,2.9536
80,2010,2.885
80,2011,3.0088
80,2012,3.2153
80,2013,3.2703
80,2014,3.5826
80,2015,3.6375
80,2016,3.0248
80,2017,2.9817
80,2018,2.9812
80,2019,2.7981
81,1990,13.0084
81,1991,12.8467
81,1992,13.2743
81,1993,13.0441
81,1994,12.7748
81,1995,12.8001
81,1996,12.548
81,1997,12.0808
81,1998,11.489
81,1999,12.0797
81,2000,11.6694
81,2001,5.6682
81,2002,5.6754
81,2003,5.6596
81,2004,5.7851
81,2005,5.7148
81,2006,5.6038
81,2007,5.6694
81,2008,5.8218
81,2009,6.0199
81,2010,5.8554
81,2011,7.0962
81,2012,6.8624
81,2013,6.768
81,2014,6.7224
81,2015,6.5501
81,2016,34.4358
81,2017,35.0627
81,2018,26.4335
81,2019,26.716
83,1990,8.1921
83,1991,8.1996
83,1992,7.4895
83,1993,6.9142
83,1994,6.8138
83,1995,6.7993
83,1996,6.8344
83,1997,6.8736
83,1998,6.9547
83,1999,7.0156
83,2000,6.5037
83,2001,7.0809
83,2002,5.8436
83,2003,5.622
83,2004,5.4046
83,2005,4.7957
83,2006,4.4745
83,2007,4.9206
83,2008,4.5938
83,2009,5.3247
83,2010,5.156
83,2011,5.4276
83,2012,5.6984
83,2013,5.7303
83,2014,5.2242
83,2015,5.0673
83,2016,4.9122
83,2017,4.929
83,2018,4.8802
83,2019,3.8796
84,1990,4.6307
84,1991,4.6866
84,1992,4.6584
84,1993,4.7423
84,1994,4.6546
84,1995,4.6512
84,1996,4.703
84,1997,4.6156
84,1998,4.4643
84,1999,4.4849
84,2000,4.7608
84,2001,4.7591
84,2002,3.0882
84,2003,5.5916
84,2004,3.0911
84,2005,3.1689
84,2006,3.3977
84,2007,3.4996
84,2008,3.6584
84,2009,3.9643
84,2010,4.4093
84,2011,4.596
84,2012,4.7348
84,2013,5.4782
84,2014,5.5441
84,2015,5.7045
84,2016,5.9613
84,2017,5.5529
84,2018,5.5592
84,2019,5.1941
86,1990,18.7388
86,1991,18.3713
86,1992,17.6743
86,1993,17.3281
86,1994,15.4057
86,1995,14.921
86,1996,14.5697
86,1997,13.568
86,1998,13.218
86,1999,12.2666
86,2000,12.4434
86,2001,12.317
86,2002,11.8511
86,2003,11.3543
86,2004,11.849
86,2005,11.4017
86,2006,10.8499
86,2007,10.582
86,2008,10.0853
86,2009,10.0892
86,2010,9.8694
86,2011,10.0579
86,2012,9.531
86,2013,8.6729
86,2014,10.6652
86,2015,9.8734
86,2016,9.6502
86,2017,9.318
86,2018,9.0998
86,2019,8.8331
89,1990,7.7147
89,1991,7.7875
89,1992,7.5639
89,1993,7.6327
89,1994,7.4907
89,1995,7.5213
89,1996,7.5807
89,1997,7.5015
89,1998,6.9639
89,1999,7.1969
89,2000,6.8851
89,2001,7.6411
89,2002,7.536
89,2003,7.2313
89,2004,7.3841
89,2005,6.998
89,2006,7.1115
89,2007,7.0234
89,2008,7.2507
89,2009,7.0342
89,2010,7.0296
89,2011,8.0661
89,2012,8.042
89,2013,7.7842
89,2014,7.5875
89,2015,7.0312
89,2016,7.5243
89,2017,7.3164
89,2018,7.6105
89,2019,7.2102
9,1990,2.6731
9,1991,2.7312
9,1992,2.754
9,1993,2.8802
9,1994,2.89
9,1995,2.8955
9,1996,2.8959
9,1997,2.9065
9,1998,2.9578
9,1999,2.883
9,2000,2.9367
9,2001,2.67
9,2002,2.7122
9,2003,2.5915
9,2004,2.4619
9,2005,2.4771
9,2006,2.4034
9,2007,2.4498
9,2008,2.4175
9,2009,2.5394
9,2010,2.5554
9,2011,2.7118
9,2012,2.7004
9,2013,2.6985
9,2014,2.6588
9,2015,2.6258
9,2016,2.8418
9,2017,2.8306
9,2018,2.8771
9,2019,2.9839
90,1990,2.7877
90,1991,2.862
90,1992,2.9697
90,1993,2.9863
90,1994,2.9664
90,1995,2.9032
90,1996,2.9909
90,1997,3.0707
90,1998,2.9181
90,1999,2.9283
90,2000,2.8982
90,2001,2.8138
90,2002,2.712
90,2003,2.7137
90,2004,2.7351
90,2005,2.6091
90,2006,2.6141
90,2007,2.6199
90,2008,2.6096
90,2009,2.6024
90,2010,2.4418
90,2011,2.3743
90,2012,2.3221
90,2013,2.3558
90,2014,2.364
90,2015,2.3583
90,2016,2.1704
90,2017,2.1944
90,2018,2.21
90,2019,2.167
91,1990,1.6402
91,1991,1.6097
91,1992,1.6418
91,1993,1.6191
91,1994,1.5688
91,1995,1.5618
91,1996,1.5255
91,1997,2.4177
91,1998,1.4523
91,1999,1.4838
91,2000,1.4991
91,2001,1.4135
91,2002,1.4579
91,2003,1.3535
91,2004,1.3267
91,2005,1.3469
91,2006,1.3751
91,2007,1.3574
91,2008,1.344
91,2009,1.337
91,2010,1.334
91,2011,0.862
91,2012,0.87
91,2013,0.875
91,2014,0.8757
91,2015,0.8383
91,2016,0.9618
91,2017,0.9689
91,2018,0.9651
91,2019,0.9534
93,1990,38.732
93,1991,37.6764
93,1992,35.6935
93,1993,36.6842
93,1994,37.9056
93,1995,34.2332
93,1996,32.9616
93,1997,31.4093
93,1998,31.8362
93,1999,31.3957
93,2000,30.7227
93,2001,29.1976
93,2002,28.4877
93,2003,28.6916
93,2004,27.8731
93,2005,22.4326
93,2006,22.1918
93,2007,21.4951
93,2008,21.3681
93,2009,21.2886
93,2010,21.3603
93,2011,20.1998
93,2012,19.8515
93,2013,19.4773
93,2014,18.7738
93,2015,18.3354
93,2016,17.9925
93,2017,17.8962
93,2018,17.8185
93,2019,16.9939
95,1990,10.3526
95,1991,10.437
95,1992,10.3889
95,1993,10.6604
95,1994,10.3123
95,1995,10.0309
95,1996,10.1267
95,1997,9.7994
95,1998,9.3411
95,1999,10.0011
95,2000,9.6244
95,2001,9.7459
95,2002,9.568
95,2003,8.3286
95,2004,8.5819
95,2005,8.0726
95,2006,8.661
95,2007,8.0377
95,2008,8.1426
95,2009,8.164
95,2010,8.2492
95,2011,7.6681
95,2012,7.7479
95,2013,7.574
95,2014,7.509
95,2015,7.2892
95,2016,7.471
95,2017,7.4087
95,2018,7.1838
95,2019,6.8891
96,1990,8.4784
96,1991,8.196
96,1992,7.2771
96,1993,6.9838
96,1994,7.7704
96,1995,7.7901
96,1996,8.3679
96,1997,8.0255
96,1998,6.4936
96,1999,5.9873
96,2000,6.3168
96,2001,6.7815
96,2002,6.5192
96,2003,6.0083
96,2004,6.2163
96,2005,5.9424
96,2006,6.1628
96,2007,5.9656
96,2008,6.0631
96,2009,6.2105
96,2010,6.4191
96,2011,6.0158
96,2012,6.0785
96,2013,5.8772
96,2014,5.7525
96,2015,6.1112
96,2016,5.9834
96,2017,6.0906
96,2018,6.0616
96,2019,6.3037
97,1990,0.5903
97,1991,1.9772
97,1992,2.09
97,1993,1.9082
97,1994,1.8316
97,1995,1.7175
97,1996,1.6645
97,1997,1.7343
97,1998,1.8178
97,1999,1.8547
97,2000,1.9754
97,2001,1.9522
97,2002,1.9682
97,2003,3.3075
97,2004,3.5646
97,2005,2.9068
97,2006,2.8339
97,2007,2.8767
97,2008,3.3331
97,2009,4.3234
97,2010,3.852
97,2011,3.7022
97,2012,4.3144
97,2013,4.6687
97,2014,4.8526
97,2015,4.0717
97,2016,4.7143
97,2017,4.4153
97,2018,4.2103
97,2019,4.0792
98,1992,0.9894
98,1993,0.9969
98,1994,1.033
98,1995,1.8997
98,1996,2.1488
98,1997,2.1681
98,1998,2.3333
98,1999,2.4634
98,2000,2.6135
98,2001,3.7858
98,2002,4.406
98,2003,3.4038
98,2004,5.5094
98,2005,4.1356
98,2006,3.6309
98,2007,3.5081
98,2008,2.7707
98,2009,3.0936
98,2010,3.1884
98,2011,3.3645
98,2012,3.6973
98,2013,3.8137
98,2014,3.9006
98,2015,3.7425
98,2016,4.2486
98,2017,4.1401
98,2018,4.3866
98,2019,4.4115
99,1990,3.0913
99,1991,3.1201
99,1992,3.5317
99,1993,3.3562
99,1994,3.1821
99,1995,3.0582
99,1996,2.8139
99,1997,2.7003
99,1998,2.4445
99,1999,2.4154
99,2000,2.402
99,2001,2.1005
99,2002,1.6528
99,2003,1.3578
99,2004,1.1111
99,2005,0.9418
99,2006,0.796
99,2007,0.6765
99,2008,0.5759
99,2009,0.5026
99,2010,0.4388
99,2011,0.6288
99,2012,0.3823
99,2013,0.5858
99,2014,0.7445
99,2015,0.9825
99,2016,1.0772
99,2017,0.7126
99,2018,0.5316
99,2019,0.7824
