geo,year,cattle_export_value_tce
1,2013,235
1,2014,942
1,2015,1111
1,2016,552
1,2017,4927
1,2018,1042
1,2019,4169
10,1961,910
10,1962,680
10,1963,630
10,1964,690
10,1965,940
10,1966,1044
10,1967,1241
10,1968,631
10,1969,827
10,1970,439
10,1971,322
10,1972,1005
10,1973,3868
10,1974,11328
10,1975,4253
10,1976,6224
10,1977,8524
10,1978,11765
10,1979,23545
10,1980,24827
10,1981,44382
10,1982,45632
10,1983,27138
10,1984,28139
10,1985,17600
10,1986,32869
10,1987,41340
10,1988,33734
10,1989,47948
10,1990,41173
10,1991,50728
10,1992,58240
10,1993,56918
10,1994,86638
10,1995,160133
10,1996,306484
10,1997,353008
10,1998,184339
10,1999,269096
10,2000,279900
10,2001,282011
10,2002,331865
10,2003,316918
10,2004,351391
10,2005,311255
10,2006,337367
10,2007,436137
10,2008,545637
10,2009,527377
10,2010,624151
10,2011,581985
10,2012,627381
10,2013,731188
10,2014,1111396
10,2015,1102093
10,2016,1071125
10,2017,898089
10,2018,1088317
10,2019,1240645
100,1961,0
100,1962,0
100,1963,0
100,1964,0
100,1965,0
100,1966,0
100,1967,171
100,1968,9
100,1969,0
100,1970,1
100,1971,1
100,1972,0
100,1973,0
100,1974,0
100,1975,18
100,1976,430
100,1977,3567
100,1978,2965
100,1979,2273
100,1980,6573
100,1981,4342
100,1982,7246
100,1983,14477
100,1984,3705
100,1985,12000
100,1986,9500
100,1987,9118
100,1988,9000
100,1989,9000
100,1990,6000
100,1991,4000
100,1992,5000
100,1993,5000
100,1994,5000
100,1995,5700
100,1996,0
100,1997,0
100,1998,0
100,1999,0
100,2000,1
100,2001,1
100,2002,0
100,2003,75
100,2004,70
100,2005,8
100,2006,6
100,2007,24
100,2008,17
100,2009,13
100,2010,2
100,2011,4
100,2012,3
100,2013,0
100,2015,0
100,2018,132
101,1961,380
101,1962,560
101,1963,419
101,1964,501
101,1965,592
101,1966,612
101,1967,226
101,1968,603
101,1969,596
101,1970,1391
101,1971,1263
101,1972,2315
101,1973,3636
101,1974,8054
101,1975,5825
101,1976,3949
101,1977,1583
101,1978,70
101,1979,0
101,1980,0
101,1981,0
101,1982,0
101,1983,0
101,1984,0
101,1985,0
101,1986,0
101,1987,0
101,1988,0
101,1989,0
101,1990,0
101,1991,0
101,1992,0
101,1993,0
101,1994,0
101,1995,0
101,1996,0
101,1997,0
101,1998,942
101,1999,1160
101,2000,9
101,2001,4
101,2002,333
101,2003,30
101,2004,4
101,2005,1
101,2006,5
101,2007,177
101,2008,198
101,2009,0
101,2010,0
101,2011,1
101,2012,3
101,2013,0
102,1961,14
102,1962,301
102,1963,233
102,1964,543
102,1965,1303
102,1966,565
102,1967,671
102,1968,165
102,1969,939
102,1970,376
102,1971,587
102,1972,110
102,1973,0
102,1974,0
102,1975,0
102,1976,0
102,1977,0
102,1978,0
102,1979,0
102,1980,0
102,1981,0
102,1982,0
102,1983,0
102,1984,0
102,1985,0
102,1986,0
102,1987,0
102,1988,0
102,1989,0
102,1990,0
102,1991,0
102,1992,0
102,1993,0
102,1994,200
102,1995,430
102,1996,0
102,1997,0
102,1998,0
102,1999,0
102,2000,0
102,2001,0
102,2002,1303
102,2003,169
102,2004,276
102,2005,15
102,2006,67
102,2007,104
102,2008,39
102,2009,0
102,2010,937
102,2011,2256
102,2012,2256
102,2013,2256
102,2014,18039
102,2015,390
102,2016,13677
102,2017,11938
102,2018,244
102,2019,25
103,1961,0
103,1962,0
103,1963,40
103,1964,0
103,1965,0
103,1966,0
103,1967,0
103,1968,0
103,1969,2
103,1970,0
103,1971,0
103,1972,42
103,1973,0
103,1974,0
103,1975,2
103,1976,0
103,1977,0
103,1978,0
103,1979,0
103,1980,0
103,1981,0
103,1982,0
103,1983,0
103,1984,0
103,1985,0
103,1986,0
103,1987,0
103,1988,0
103,1989,0
103,1990,0
103,1991,0
103,1992,0
103,1993,0
103,1994,0
103,1995,0
103,1996,0
103,1997,0
103,1998,0
103,1999,0
103,2000,0
103,2001,0
103,2002,0
103,2003,0
103,2004,0
103,2005,0
103,2006,0
103,2007,0
103,2008,0
103,2009,0
103,2010,0
103,2011,0
103,2012,0
103,2013,0
103,2017,60
104,1961,123680
104,1962,101400
104,1963,116560
104,1964,153321
104,1965,125110
104,1966,121802
104,1967,120176
104,1968,114519
104,1969,106191
104,1970,109574
104,1971,143554
104,1972,177782
104,1973,182393
104,1974,150575
104,1975,247154
104,1976,142654
104,1977,226801
104,1978,301816
104,1979,230023
104,1980,341072
104,1981,333010
104,1982,197194
104,1983,241530
104,1984,224241
104,1985,192061
104,1986,217313
104,1987,172138
104,1988,230541
104,1989,157283
104,1990,192674
104,1991,113549
104,1992,114958
104,1993,140829
104,1994,176687
104,1995,175915
104,1996,89016
104,1997,20138
104,1998,59816
104,1999,143060
104,2000,130651
104,2001,31330
104,2002,37242
104,2003,59035
104,2004,49518
104,2005,72103
104,2006,100128
104,2007,126829
104,2008,124043
104,2009,166581
104,2010,192881
104,2011,180423
104,2012,161982
104,2013,156314
104,2014,167563
104,2015,99553
104,2016,75105
104,2017,96265
104,2018,114435
104,2019,124506
105,1961,0
105,1962,0
105,1963,100
105,1964,90
105,1965,343
105,1966,385
105,1967,620
105,1968,847
105,1969,729
105,1970,1010
105,1971,455
105,1972,772
105,1973,765
105,1974,1688
105,1975,886
105,1976,1616
105,1977,2524
105,1978,2877
105,1979,2005
105,1980,0
105,1981,0
105,1982,1152
105,1983,230
105,1984,2782
105,1985,0
105,1986,135
105,1987,690
105,1988,0
105,1989,462
105,1990,70
105,1991,12
105,1992,0
105,1993,21
105,1994,0
105,1995,14
105,1996,186
105,1997,39
105,1998,19
105,1999,7
105,2000,20
105,2001,0
105,2002,0
105,2003,0
105,2004,8
105,2005,0
105,2006,75
105,2007,0
105,2008,0
105,2009,0
105,2010,0
105,2011,0
105,2012,0
105,2013,0
105,2014,1
106,1961,5
106,1962,4
106,1963,48
106,1964,4
106,1965,9
106,1966,24
106,1967,2
106,1968,93
106,1969,130
106,1970,130
106,1971,71
106,1972,432
106,1973,3379
106,1974,3199
106,1975,1509
106,1976,511
106,1977,116
106,1978,177
106,1979,464
106,1980,812
106,1981,11464
106,1982,11822
106,1983,7293
106,1984,13702
106,1985,6895
106,1986,3490
106,1987,646
106,1988,3638
106,1989,4393
106,1990,6133
106,1991,6231
106,1992,11952
106,1993,11893
106,1994,21997
106,1995,21264
106,1996,29678
106,1997,40045
106,1998,35460
106,1999,31589
106,2000,22370
106,2001,5493
106,2002,9766
106,2003,13704
106,2004,19692
106,2005,14382
106,2006,20427
106,2007,22736
106,2008,18050
106,2009,11192
106,2010,15833
106,2011,15683
106,2012,19313
106,2013,20062
106,2014,19053
106,2015,22523
106,2016,15415
106,2017,12377
106,2018,7630
106,2019,7906
107,2015,0
107,2016,2
107,2017,5
108,1995,2127
108,1996,1193
108,1997,894
108,1998,210
108,1999,56
108,2000,19
108,2001,1
108,2002,1
108,2003,0
108,2004,295
108,2005,7
108,2006,323
108,2007,1688
108,2008,616
108,2009,0
108,2010,0
108,2011,1972
108,2012,0
108,2013,191
108,2014,2678
108,2015,3703
108,2016,2506
108,2017,2383
108,2018,22375
108,2019,81100
109,1961,1
109,1962,12
109,1963,38
109,1964,66
109,1965,73
109,1966,41
109,1967,162
109,1968,21
109,1969,52
109,1970,65
109,1971,1
109,1972,0
109,1973,65
109,1974,46
109,1975,14
109,1976,2
109,1977,8
109,1978,201
109,1979,6
109,1980,17
109,1981,68
109,1982,13
109,1983,3
109,1984,0
109,1985,25
109,1986,16
109,1987,0
109,1988,0
109,1989,0
109,1990,0
109,1991,0
109,1992,48
109,1993,26
109,1994,190
109,1995,190
109,1996,7
109,1997,0
109,1998,0
109,1999,0
109,2000,0
109,2001,0
109,2002,0
109,2003,0
109,2004,0
109,2005,0
109,2006,0
109,2007,0
109,2008,0
109,2009,0
109,2010,0
109,2011,0
109,2012,0
109,2013,0
11,1961,23080
11,1962,25450
11,1963,38590
11,1964,25720
11,1965,33720
11,1966,22794
11,1967,36975
11,1968,39792
11,1969,41774
11,1970,40184
11,1971,51625
11,1972,78228
11,1973,68939
11,1974,62666
11,1975,67828
11,1976,60406
11,1977,65665
11,1978,78154
11,1979,102823
11,1980,94806
11,1981,82600
11,1982,82201
11,1983,66189
11,1984,59126
11,1985,43558
11,1986,55899
11,1987,72430
11,1988,81090
11,1989,82344
11,1990,73543
11,1991,60866
11,1992,87267
11,1993,79067
11,1994,83628
11,1995,91984
11,1996,81317
11,1997,69986
11,1998,71809
11,1999,80021
11,2000,67584
11,2001,39997
11,2002,43028
11,2003,65206
11,2004,73029
11,2005,95416
11,2006,105990
11,2007,132875
11,2008,145483
11,2009,105478
11,2010,118007
11,2011,202839
11,2012,173464
11,2013,127193
11,2014,129424
11,2015,112061
11,2016,113268
11,2017,128671
11,2018,107676
11,2019,96837
110,1961,230
110,1962,220
110,1963,200
110,1964,220
110,1965,240
110,1966,258
110,1967,161
110,1968,344
110,1969,128
110,1970,164
110,1971,138
110,1972,129
110,1973,190
110,1974,703
110,1975,3394
110,1976,1369
110,1977,8
110,1978,149
110,1979,14
110,1980,80
110,1981,188
110,1982,898
110,1983,543
110,1984,878
110,1985,817
110,1986,192
110,1987,69
110,1988,37
110,1989,127
110,1990,86
110,1991,174
110,1992,1640
110,1993,234
110,1994,371
110,1995,4391
110,1996,180
110,1997,4996
110,1998,630
110,1999,39
110,2000,29
110,2001,0
110,2002,0
110,2003,0
110,2004,0
110,2005,0
110,2006,0
110,2007,0
110,2008,75
110,2009,0
110,2010,0
110,2011,0
110,2012,0
110,2013,0
112,1961,10
112,1962,14
112,1963,3
112,1964,0
112,1965,9
112,1966,0
112,1967,0
112,1968,0
112,1969,0
112,1970,0
112,1971,10
112,1972,20
112,1973,31
112,1974,0
112,1975,90
112,1976,0
112,1977,7
112,1978,0
112,1979,67
112,1980,45
112,1981,47
112,1982,0
112,1983,460
112,1984,386
112,1985,175
112,1986,76
112,1987,14
112,1988,1
112,1989,0
112,1990,76
112,1991,170
112,1992,98
112,1993,0
112,1994,0
112,1995,0
112,1996,0
112,1997,2
112,1998,3
112,1999,626
112,2000,85
112,2001,13
112,2002,0
112,2003,0
112,2004,2
112,2005,1
112,2006,0
112,2007,392
112,2008,160
112,2009,274
112,2010,0
112,2011,0
112,2012,570
112,2013,11593
112,2014,10396
112,2015,2359
112,2017,1983
112,2018,267
113,1993,1400
113,1994,0
113,1995,691
113,1996,435
113,1997,0
113,1998,21
113,1999,0
113,2000,0
113,2001,0
113,2002,1
113,2003,3
113,2004,906
113,2005,1344
113,2006,1341
113,2007,2346
113,2008,3049
113,2009,3000
113,2010,1719
113,2011,4131
113,2012,4409
113,2013,4400
113,2015,1957
113,2016,398
113,2017,403
113,2018,741
113,2019,994
114,1961,480
114,1962,1480
114,1963,2280
114,1964,1320
114,1965,910
114,1966,950
114,1967,1050
114,1968,1200
114,1969,1200
114,1970,1250
114,1971,1785
114,1972,1500
114,1973,1221
114,1974,657
114,1975,674
114,1976,570
114,1977,652
114,1978,329
114,1979,291
114,1980,595
114,1981,2982
114,1982,2285
114,1983,4082
114,1984,4583
114,1985,834
114,1986,2845
114,1987,1771
114,1988,806
114,1989,3098
114,1990,2280
114,1991,1363
114,1992,1411
114,1993,1378
114,1994,240
114,1995,1725
114,1996,97
114,1997,110
114,1998,11
114,1999,3
114,2000,17
114,2001,66
114,2002,1
114,2003,4
114,2004,331
114,2005,533
114,2006,649
114,2007,3
114,2008,86
114,2009,1576
114,2010,1771
114,2011,1592
114,2012,2642
114,2013,665
114,2014,2457
114,2015,3313
114,2016,132
114,2017,158
114,2018,600
114,2019,907
115,1961,100
115,1962,1500
115,1963,1700
115,1964,0
115,1965,0
115,1966,100
115,1967,900
115,1968,1000
115,1969,2232
115,1970,220
115,1971,46
115,1972,0
115,1973,0
115,1974,0
115,1975,0
115,1976,0
115,1977,0
115,1978,0
115,1979,0
115,1980,0
115,1981,0
115,1982,0
115,1983,0
115,1984,0
115,1985,0
115,1986,0
115,1987,0
115,1988,0
115,1989,0
115,1990,0
115,1991,0
115,1992,0
115,1993,0
115,1994,0
115,1995,0
115,1996,59
115,1997,32
115,1998,5
115,1999,2400
115,2000,29
115,2001,270
115,2002,1561
115,2003,794
115,2004,1149
115,2005,9
115,2006,0
115,2007,0
115,2008,0
115,2009,0
115,2010,0
115,2011,0
115,2012,0
115,2013,0
115,2017,2553
117,1961,0
117,1962,0
117,1963,0
117,1964,0
117,1965,1
117,1966,8
117,1967,0
117,1968,60
117,1969,36
117,1970,0
117,1971,0
117,1972,0
117,1973,194
117,1974,132
117,1975,958
117,1976,462
117,1977,0
117,1978,0
117,1979,0
117,1980,0
117,1981,0
117,1982,0
117,1983,0
117,1984,0
117,1985,0
117,1986,1867
117,1987,2565
117,1988,3931
117,1989,1655
117,1990,8
117,1991,0
117,1992,0
117,1993,0
117,1994,0
117,1995,0
117,1996,0
117,1997,361
117,1998,753
117,1999,542
117,2000,0
117,2001,8
117,2002,0
117,2003,0
117,2004,0
117,2005,1
117,2006,0
117,2007,0
117,2008,0
117,2009,0
117,2010,0
117,2011,0
117,2012,0
117,2013,0
118,1961,0
118,1962,0
118,1963,0
118,1964,0
118,1965,0
118,1966,0
118,1967,0
118,1968,0
118,1969,0
118,1970,0
118,1971,0
118,1972,0
118,1973,1
118,1974,1
118,1975,4
118,1976,1
118,1977,46
118,1978,5
118,1979,41
118,1980,24
118,1981,6
118,1982,70
118,1983,56
118,1984,106
118,1985,0
118,1986,24
118,1987,25
118,1988,0
118,1989,5
118,1990,1
118,1991,0
118,1992,41
118,1993,0
118,1994,11
118,1995,39
118,1996,4
118,1997,9
118,1998,9
118,1999,0
118,2000,2
118,2001,0
118,2002,0
118,2003,0
118,2004,0
118,2005,0
118,2006,0
118,2007,29
118,2008,100
118,2009,10
118,2010,3
118,2011,0
118,2012,0
118,2013,2
118,2014,10
118,2015,264
118,2016,6
118,2017,27
118,2018,33
118,2019,133
119,1961,0
119,1962,0
119,1963,0
119,1964,0
119,1965,0
119,1966,0
119,1967,0
119,1968,0
119,1969,0
119,1970,0
119,1971,0
119,1972,0
119,1973,0
119,1974,0
119,1975,0
119,1976,0
119,1977,0
119,1978,0
119,1979,0
119,1980,0
119,1981,0
119,1982,0
119,1983,0
119,1984,0
119,1985,0
119,1986,0
119,1987,0
119,1988,0
119,1989,0
119,1990,0
119,1991,0
119,1992,2976
119,1993,3059
119,1994,103
119,1995,16
119,1996,0
119,1997,0
119,1998,0
119,1999,0
119,2000,0
119,2001,9
119,2002,0
119,2003,0
119,2004,0
119,2005,404
119,2006,5415
119,2007,5046
119,2008,6160
119,2009,12037
119,2010,12846
119,2011,25154
119,2012,23238
119,2013,12527
119,2014,17985
119,2015,22504
119,2016,31504
119,2017,32958
119,2018,37248
119,2019,38398
120,1961,0
120,1962,0
120,1963,0
120,1964,0
120,1965,0
120,1966,0
120,1967,0
120,1968,0
120,1969,0
120,1970,0
120,1971,0
120,1972,0
120,1973,0
120,1974,0
120,1975,0
120,1976,0
120,1977,0
120,1978,0
120,1979,0
120,1980,0
120,1981,0
120,1982,0
120,1983,0
120,1984,0
120,1985,0
120,1986,0
120,1987,2600
120,1988,5300
120,1989,14500
120,1990,12000
120,1991,6000
120,1992,13000
120,1993,20000
120,1994,18600
120,1995,20000
120,1996,5000
120,1997,5000
120,1998,3000
120,1999,3000
120,2000,6500
120,2001,1030
120,2002,462
120,2003,113
120,2004,1524
120,2005,44
120,2006,14
120,2007,27
120,2008,4
120,2009,0
120,2010,0
120,2011,0
120,2012,0
120,2013,0
120,2014,5719
120,2015,39681
120,2016,37601
120,2017,12685
120,2018,14505
120,2019,143337
121,1961,10
121,1962,10
121,1963,10
121,1964,60
121,1965,30
121,1966,55
121,1967,71
121,1968,89
121,1969,1118
121,1970,24
121,1971,14
121,1972,0
121,1973,0
121,1974,0
121,1975,0
121,1976,0
121,1977,10
121,1978,0
121,1979,0
121,1980,0
121,1981,0
121,1982,0
121,1983,0
121,1984,0
121,1985,0
121,1986,0
121,1987,0
121,1988,0
121,1989,0
121,1990,0
121,1991,0
121,1992,0
121,1993,0
121,1994,0
121,1995,0
121,1996,0
121,1997,0
121,1998,0
121,1999,0
121,2000,0
121,2001,0
121,2002,0
121,2003,0
121,2004,0
121,2005,0
121,2006,0
121,2007,0
121,2008,0
121,2009,0
121,2010,0
121,2011,0
121,2012,0
121,2013,0
121,2014,2686
121,2015,16566
121,2019,3428
122,1961,3000
122,1962,3000
122,1963,3400
122,1964,3600
122,1965,3600
122,1966,3700
122,1967,3000
122,1968,4500
122,1969,5200
122,1970,3600
122,1971,3600
122,1972,3600
122,1973,4060
122,1974,3800
122,1975,3300
122,1976,3100
122,1977,3200
122,1978,3900
122,1979,4500
122,1980,5000
122,1981,5500
122,1982,5500
122,1983,5500
122,1984,5500
122,1985,474
122,1986,93
122,1987,718
122,1988,1118
122,1989,743
122,1990,339
122,1991,558
122,1992,144
122,1993,2573
122,1994,1726
122,1995,771
122,1996,664
122,1997,502
122,1998,643
122,1999,0
122,2000,0
122,2001,0
122,2002,0
122,2003,0
122,2004,7
122,2005,0
122,2007,0
122,2008,0
122,2009,0
122,2010,0
122,2011,0
122,2012,0
122,2013,156
122,2014,423
122,2015,177
122,2016,280
122,2017,212
122,2018,367
122,2019,83
124,1961,0
124,1962,0
124,1963,0
124,1964,0
124,1965,0
124,1966,16
124,1967,0
124,1968,0
124,1969,0
124,1970,0
124,1971,0
124,1972,0
124,1973,0
124,1974,0
124,1975,0
124,1976,0
124,1977,0
124,1978,0
124,1979,0
124,1980,0
124,1981,0
124,1982,0
124,1983,0
124,1984,0
124,1985,0
124,1986,0
124,1987,0
124,1988,0
124,1989,0
124,1990,0
124,1991,0
124,1992,0
124,1993,0
124,1994,0
124,1995,0
124,1996,0
124,1997,0
124,1998,0
124,1999,0
124,2000,0
124,2001,0
124,2002,0
124,2003,0
124,2004,0
124,2005,0
124,2006,0
124,2007,0
124,2008,0
124,2009,0
124,2010,0
124,2011,0
124,2012,0
124,2013,0
126,1992,11600
126,1993,18300
126,1994,21466
126,1995,1917
126,1996,566
126,1997,653
126,1998,59
126,1999,412
126,2000,3179
126,2001,1450
126,2002,1630
126,2003,3381
126,2004,7048
126,2005,16728
126,2006,30203
126,2007,36561
126,2008,41072
126,2009,40710
126,2010,41653
126,2011,55248
126,2012,37381
126,2013,27084
126,2014,29407
126,2015,28837
126,2016,40222
126,2017,48926
126,2018,55081
126,2019,46606
128,1961,0
128,1962,0
128,1963,0
128,1964,0
128,1965,0
128,1966,0
128,1967,0
128,1968,0
128,1969,0
128,1970,0
128,1971,0
128,1972,0
128,1973,0
128,1974,0
128,1975,0
128,1976,0
128,1977,0
128,1978,0
128,1979,0
128,1980,0
128,1981,0
128,1982,8
128,1983,0
128,1984,0
128,1985,0
128,1986,0
128,1987,0
128,1988,0
128,1989,0
128,1990,0
128,1991,0
128,1992,0
128,1993,0
128,1994,0
128,1995,0
128,1996,0
128,1997,0
128,1998,0
128,1999,0
128,2000,0
128,2001,0
128,2002,0
128,2003,0
128,2004,0
128,2005,0
128,2006,0
128,2007,0
128,2008,0
128,2009,0
128,2010,0
128,2011,0
128,2012,0
128,2013,0
129,1961,520
129,1962,790
129,1963,680
129,1964,840
129,1965,690
129,1966,847
129,1967,1198
129,1968,1123
129,1969,1163
129,1970,1168
129,1971,1230
129,1972,1223
129,1973,1034
129,1974,1236
129,1975,0
129,1976,0
129,1977,0
129,1978,0
129,1979,0
129,1980,0
129,1981,0
129,1982,0
129,1983,0
129,1984,0
129,1985,0
129,1986,70
129,1987,11414
129,1988,831
129,1989,1174
129,1990,2385
129,1991,2675
129,1992,860
129,1993,0
129,1994,0
129,1995,0
129,1996,119
129,1997,0
129,1998,14
129,1999,36
129,2000,10
129,2001,369
129,2002,318
129,2003,0
129,2004,0
129,2005,0
129,2006,0
129,2007,0
129,2008,0
129,2009,0
129,2010,0
129,2011,0
129,2012,342
129,2013,0
13,1961,0
13,1962,0
13,1963,0
13,1964,0
13,1965,0
13,1966,0
13,1967,0
13,1968,0
13,1969,0
13,1970,0
13,1971,0
13,1972,3
13,1973,0
13,1974,0
13,1975,0
13,1976,0
13,1977,0
13,1978,0
13,1979,0
13,1980,0
13,1981,0
13,1982,0
13,1983,0
13,1984,0
13,1985,0
13,1986,0
13,1987,1
13,1988,0
13,1989,0
13,1990,40
13,1991,0
13,1992,0
13,1993,0
13,1994,0
13,1995,0
13,1996,0
13,1997,0
13,1998,0
13,1999,0
13,2002,60
13,2003,40
13,2004,0
13,2005,4
13,2006,0
13,2007,40
13,2008,0
13,2009,0
13,2010,0
13,2011,0
13,2012,0
13,2013,0
13,2014,10
13,2016,0
13,2018,143
130,1961,0
130,1962,0
130,1963,0
130,1964,2
130,1965,0
130,1966,2
130,1967,1
130,1968,0
130,1969,0
130,1970,0
130,1971,0
130,1972,0
130,1973,2
130,1974,0
130,1975,1
130,1976,0
130,1977,0
130,1978,0
130,1979,1
130,1980,0
130,1981,87
130,1982,0
130,1983,0
130,1984,0
130,1985,0
130,1986,0
130,1987,0
130,1988,0
130,1989,0
130,1990,0
130,1991,0
130,1992,0
130,1993,0
130,1994,0
130,1995,0
130,1996,0
130,1997,33
130,1998,1
130,1999,0
130,2000,0
130,2001,0
130,2002,0
130,2003,0
130,2004,0
130,2005,0
130,2006,0
130,2007,0
130,2008,0
130,2009,0
130,2010,0
130,2011,0
130,2012,0
130,2013,0
130,2019,4
131,1961,8
131,1962,7
131,1963,95
131,1964,134
131,1965,8
131,1966,8
131,1967,1
131,1968,2
131,1969,7
131,1970,41
131,1971,33
131,1972,5
131,1973,10
131,1974,3
131,1975,11
131,1976,2
131,1977,0
131,1978,20
131,1979,0
131,1980,1
131,1981,10
131,1982,0
131,1983,3
131,1984,3
131,1985,86
131,1986,42
131,1987,189
131,1988,308
131,1989,523
131,1990,249
131,1991,437
131,1992,399
131,1993,455
131,1994,343
131,1995,39
131,1996,61
131,1997,61
131,1998,32
131,1999,48
131,2000,7
131,2001,101
131,2002,38
131,2003,128
131,2004,0
131,2005,2579
131,2006,685
131,2007,88
131,2008,2
131,2009,0
131,2010,4
131,2011,1
131,2012,70
131,2013,13
131,2014,13
131,2015,13
131,2016,12
131,2017,67
131,2018,19
131,2019,128
133,1961,5280
133,1962,4840
133,1963,5900
133,1964,8400
133,1965,9000
133,1966,9800
133,1967,11840
133,1968,13000
133,1969,17200
133,1970,19000
133,1971,20000
133,1972,22000
133,1973,19000
133,1974,18000
133,1975,21000
133,1976,24000
133,1977,35000
133,1978,54000
133,1979,65000
133,1980,80580
133,1981,100000
133,1982,100000
133,1983,100000
133,1984,90000
133,1985,52000
133,1986,59310
133,1987,69618
133,1988,74367
133,1989,70000
133,1990,55000
133,1991,57000
133,1992,80309
133,1993,72000
133,1994,50000
133,1995,75000
133,1996,28025
133,1997,41000
133,1998,38000
133,1999,47000
133,2000,98000
133,2001,80000
133,2002,20666
133,2003,32473
133,2004,81000
133,2005,10672
133,2006,43080
133,2007,58380
133,2008,80089
133,2009,80000
133,2010,55000
133,2011,50000
133,2012,84571
133,2013,84571
133,2014,90000
133,2015,90000
133,2016,99647
133,2017,109612
133,2018,97045
133,2019,97000
134,1961,0
134,1962,0
134,1963,8
134,1964,4
134,1965,0
134,1966,0
134,1967,20
134,1968,10
134,1969,3
134,1970,0
134,1971,0
134,1972,0
134,1973,0
134,1974,0
134,1975,0
134,1976,0
134,1977,0
134,1978,0
134,1979,0
134,1980,0
134,1981,0
134,1982,0
134,1983,0
134,1984,0
134,1985,0
134,1986,0
134,1987,0
134,1988,0
134,1989,0
134,1990,0
134,1991,0
134,1992,0
134,1993,0
134,1994,0
134,1995,0
134,1996,0
134,1997,0
134,1998,0
134,1999,4
134,2000,0
134,2001,0
134,2002,0
134,2003,0
134,2004,0
134,2005,0
134,2006,0
134,2007,0
134,2008,0
134,2009,0
134,2010,0
134,2011,0
134,2012,0
134,2013,0
134,2014,515
136,1961,7700
136,1962,7700
136,1963,7350
136,1964,7350
136,1965,7000
136,1966,8400
136,1967,8500
136,1968,8500
136,1969,8600
136,1970,8600
136,1971,8300
136,1972,11470
136,1973,11033
136,1974,10483
136,1975,9200
136,1976,12000
136,1977,16000
136,1978,19000
136,1979,22000
136,1980,22000
136,1981,22800
136,1982,23200
136,1983,19000
136,1984,18000
136,1985,20000
136,1986,17000
136,1987,15000
136,1988,15000
136,1989,15000
136,1990,24000
136,1991,21000
136,1992,22000
136,1993,22000
136,1994,10000
136,1995,20000
136,1996,22220
136,1997,20000
136,1998,16000
136,1999,16000
137,1961,0
137,1962,0
137,1963,0
137,1964,0
137,1965,0
137,1966,0
137,1967,0
137,1968,0
137,1969,0
137,1970,0
137,1971,0
137,1972,0
137,1973,0
137,1974,0
137,1975,0
137,1976,0
137,1977,0
137,1978,0
137,1979,0
137,1980,0
137,1981,0
137,1982,0
137,1983,0
137,1984,0
137,1985,0
137,1986,0
137,1987,0
137,1988,0
137,1989,0
137,1990,419
137,1991,190
137,1992,19
137,1993,0
137,1994,0
137,1995,0
137,1996,0
137,1997,0
137,1998,0
137,1999,0
137,2000,12
137,2001,0
137,2002,0
137,2003,0
137,2004,0
137,2005,0
137,2013,24
138,1961,42096
138,1962,51616
138,1963,36784
138,1964,22879
138,1965,38141
138,1966,42328
138,1967,38002
138,1968,56737
138,1969,68802
138,1970,79162
138,1971,74643
138,1972,116714
138,1973,91173
138,1974,56392
138,1975,28911
138,1976,83973
138,1977,75359
138,1978,167292
138,1979,120032
138,1980,79525
138,1981,70790
138,1982,127225
138,1983,117468
138,1984,112315
138,1985,143295
138,1986,264779
138,1987,192226
138,1988,203354
138,1989,211108
138,1990,353530
138,1991,358307
138,1992,329738
138,1993,448255
138,1994,361657
138,1995,536180
138,1996,127539
138,1997,198297
138,1998,209883
138,1999,290679
138,2000,404303
138,2001,414967
138,2002,363784
138,2003,471388
138,2004,546164
138,2005,522402
138,2006,666573
138,2007,480117
138,2008,311917
138,2009,395910
138,2010,537951
138,2011,827842
138,2012,749502
138,2013,528041
138,2014,766808
138,2015,871545
138,2016,660633
138,2017,681512
138,2018,757634
138,2019,824201
14,1961,1
14,1962,1
14,1963,1
14,1964,1
14,1965,0
14,1966,0
14,1967,1
14,1968,3
14,1969,0
14,1970,1
14,1971,1
14,1972,69
14,1973,4
14,1974,5
14,1975,0
14,1976,0
14,1977,0
14,1978,0
14,1979,10
14,1980,0
14,1981,1
14,1982,0
14,1983,0
14,1984,0
14,1985,0
14,1986,0
14,1987,0
14,1988,4
14,1989,47
14,1990,29
14,1991,1
14,1992,1
14,1993,31
14,1994,4
14,1995,1
14,1996,17
14,1997,1
14,1998,0
14,1999,26
14,2000,0
14,2001,9
14,2002,0
14,2003,0
14,2004,1
14,2005,0
14,2006,0
14,2007,0
14,2008,0
14,2009,0
14,2010,0
14,2011,0
14,2012,0
14,2013,4
14,2015,8
14,2016,1
14,2019,1
141,1961,12200
141,1962,10400
141,1963,6300
141,1964,5800
141,1965,6200
141,1966,7800
141,1967,7500
141,1968,7000
141,1969,6200
141,1970,4000
141,1971,5000
141,1972,6000
141,1973,6000
141,1974,9500
141,1975,12350
141,1976,14300
141,1977,16000
141,1978,14000
141,1979,12000
141,1980,13000
141,1981,8400
141,1982,8500
141,1983,12500
141,1984,9100
141,1985,7600
141,1986,9600
141,1987,11870
141,1988,9044
141,1989,9450
141,1990,9500
141,1991,4000
141,1992,2000
141,1993,0
141,1994,0
141,1999,103
141,2001,95
141,2002,0
141,2003,0
141,2004,0
141,2015,22
143,1961,0
143,1962,0
143,1963,0
143,1964,0
143,1965,0
143,1966,18
143,1967,0
143,1968,2
143,1969,0
143,1970,0
143,1971,0
143,1972,0
143,1973,368
143,1974,0
143,1975,0
143,1976,0
143,1977,0
143,1978,0
143,1979,0
143,1980,0
143,1981,0
143,1982,0
143,1983,0
143,1984,0
143,1985,0
143,1986,0
143,1987,0
143,1988,0
143,1989,0
143,1990,208
143,1991,503
143,1992,0
143,1993,0
143,1994,0
143,1995,0
143,1996,0
143,1997,0
143,1998,0
143,1999,0
143,2000,0
143,2001,0
143,2002,0
143,2003,0
143,2004,0
143,2005,0
143,2006,0
144,1961,0
144,1962,0
144,1963,0
144,1964,0
144,1965,0
144,1966,0
144,1967,0
144,1968,0
144,1969,0
144,1970,0
144,1971,0
144,1972,9
144,1973,2
144,1974,0
144,1975,0
144,1976,0
144,1977,0
144,1978,0
144,1979,0
144,1980,0
144,1981,0
144,1982,0
144,1983,0
144,1984,0
144,1985,0
144,1986,0
144,1987,0
144,1988,0
144,1989,0
144,1990,0
144,1991,0
144,1992,0
144,1993,0
144,1994,0
144,1995,0
144,1996,0
144,1997,0
144,1998,0
144,1999,0
144,2000,0
144,2001,0
144,2002,0
144,2003,0
144,2004,0
144,2005,463
144,2012,29
144,2013,0
144,2018,0
146,1993,850
146,1994,426
146,1995,3443
146,1996,2060
146,1997,118
146,1998,324
146,1999,1070
146,2000,1607
146,2001,346
146,2002,774
146,2003,3147
146,2004,880
146,2005,1284
146,2006,2820
146,2007,1026
146,2008,182
146,2009,1339
146,2010,9064
146,2011,6466
146,2012,7577
146,2013,6293
146,2014,4721
146,2015,9599
146,2016,9528
146,2017,6774
146,2018,11262
146,2019,9382
147,1961,93000
147,1962,68000
147,1963,105000
147,1964,102000
147,1965,98000
147,1966,68000
147,1967,96000
147,1968,104000
147,1969,96000
147,1970,117000
147,1971,136000
147,1972,172000
147,1973,180000
147,1974,184000
147,1975,100000
147,1976,104000
147,1977,82000
147,1978,96000
147,1979,91000
147,1980,92777
147,1981,136731
147,1982,68579
147,1983,43152
147,1984,35862
147,1985,29503
147,1986,36691
147,1987,68200
147,1988,65813
147,1989,59172
147,1990,42957
147,1991,37280
147,1992,37557
147,1993,40514
147,1994,69908
147,1995,69000
147,1996,85400
147,1997,17548
147,1998,38356
147,1999,46000
147,2000,4808
147,2001,10972
147,2002,9110
147,2003,19419
147,2004,37659
147,2005,67239
147,2006,66520
147,2007,70450
147,2008,40190
147,2009,45000
147,2010,40000
147,2011,35000
147,2012,62032
147,2013,89659
147,2014,49966
147,2015,91657
147,2016,45710
147,2017,155496
147,2018,167717
147,2019,106515
149,1961,140
149,1962,150
149,1963,150
149,1964,150
149,1965,150
149,1966,130
149,1967,130
149,1968,100
149,1969,120
149,1970,140
149,1971,160
149,1972,180
149,1973,180
149,1974,250
149,1975,270
149,1976,280
149,1977,300
149,1978,320
149,1979,380
149,1980,450
149,1981,450
149,1982,446
149,1983,600
149,1984,1276
149,1985,3186
149,1986,3000
149,1987,3094
149,1988,3100
149,1989,2595
149,1990,67
149,1991,600
149,1992,1050
149,1993,615
149,1994,650
149,1995,830
149,1996,512
149,1997,475
149,1998,65
149,1999,481
149,2000,50
149,2001,615
149,2002,415
149,2003,443
149,2004,263
149,2005,1
149,2006,0
149,2007,0
149,2008,0
149,2009,0
149,2010,1
149,2011,29
149,2012,4
149,2013,0
149,2014,13
149,2015,0
149,2016,0
15,1961,1131
15,1962,1943
15,1963,14315
15,1964,3933
15,1965,1982
15,1966,4701
15,1967,8945
15,1968,12677
15,1969,16525
15,1970,15025
15,1971,17842
15,1972,34431
15,1973,28913
15,1974,16436
15,1975,32243
15,1976,31941
15,1977,36515
15,1978,41544
15,1979,58419
15,1980,65825
15,1981,59762
15,1982,49034
15,1983,74880
15,1984,86191
15,1985,106014
15,1986,165379
15,1987,151296
15,1988,186473
15,1989,210956
15,1990,160774
15,1991,215998
15,1992,258704
15,1993,230304
15,1994,273677
15,1995,296771
15,1996,258882
15,1997,207693
15,1998,207291
15,1999,214765
15,2000,0
15,2001,0
15,2002,0
15,2003,0
15,2004,0
15,2005,0
15,2006,0
15,2007,0
15,2008,0
15,2009,0
15,2010,0
15,2011,0
15,2012,0
15,2013,0
150,1961,22030
150,1962,11160
150,1963,13980
150,1964,13170
150,1965,17290
150,1966,11798
150,1967,15365
150,1968,13966
150,1969,15405
150,1970,16757
150,1971,16906
150,1972,31097
150,1973,38196
150,1974,38136
150,1975,71985
150,1976,71319
150,1977,70904
150,1978,90849
150,1979,91587
150,1980,106921
150,1981,96599
150,1982,92964
150,1983,81118
150,1984,79539
150,1985,76979
150,1986,103006
150,1987,112693
150,1988,96558
150,1989,87207
150,1990,90481
150,1991,77719
150,1992,112499
150,1993,107659
150,1994,119193
150,1995,82181
150,1996,89318
150,1997,57026
150,1998,48783
150,1999,61639
150,2000,48208
150,2001,23818
150,2002,40836
150,2003,69230
150,2004,98522
150,2005,126603
150,2006,122330
150,2007,126153
150,2008,95852
150,2009,176771
150,2010,212913
150,2011,262842
150,2012,203983
150,2013,265584
150,2014,266031
150,2015,317810
150,2016,251444
150,2017,430648
150,2018,426001
150,2019,311846
153,1997,0
153,1998,64
153,1999,0
153,2000,0
153,2001,0
153,2002,0
153,2003,0
153,2004,19
153,2005,0
153,2006,0
153,2007,0
153,2008,0
153,2009,0
153,2010,0
153,2011,0
153,2012,10
153,2013,0
154,1961,0
154,1962,0
154,1963,0
154,1964,0
154,1965,0
154,1966,0
154,1967,0
154,1968,0
154,1969,0
154,1970,0
154,1971,0
154,1972,0
154,1973,0
154,1974,0
154,1975,0
154,1976,0
154,1977,0
154,1978,0
154,1979,0
154,1980,0
154,1981,0
154,1982,0
154,1983,0
154,1984,0
154,1985,0
154,1986,0
154,1987,0
154,1988,0
154,1989,0
154,1990,0
154,1991,0
154,1992,1381
154,1993,1082
154,1994,0
154,1995,0
154,1996,0
154,1997,0
154,1998,20
154,1999,0
154,2000,106
154,2001,137
154,2002,147
154,2003,40
154,2004,1
154,2005,0
154,2006,34
154,2007,301
154,2008,2698
154,2009,2718
154,2010,1836
154,2011,2314
154,2012,1537
154,2013,1301
154,2014,2107
154,2015,1934
154,2016,355
154,2017,2127
154,2018,1950
154,2019,2021
155,1961,0
155,1962,0
155,1963,0
155,1964,0
155,1965,0
155,1966,0
155,1967,0
155,1968,0
155,1969,0
155,1970,0
155,1971,0
155,1972,0
155,1973,37
155,1974,49
155,1975,35
155,1976,142
155,1977,23
155,1978,37
155,1979,36
155,1980,26
155,1981,0
155,1982,0
155,1983,1
155,1984,1
155,1985,1
155,1986,0
155,1987,0
155,1988,0
155,1989,0
155,1990,0
155,1991,0
155,1992,7
155,1993,0
155,1994,0
155,2009,2
155,2010,2
155,2011,5
155,2012,5
155,2013,5
156,1961,21
156,1962,190
156,1963,143
156,1964,13
156,1965,186
156,1966,343
156,1967,118
156,1968,542
156,1969,449
156,1970,842
156,1971,1048
156,1972,1622
156,1973,3574
156,1974,5611
156,1975,2495
156,1976,1819
156,1977,2177
156,1978,4365
156,1979,6368
156,1980,6314
156,1981,3968
156,1982,10010
156,1983,14853
156,1984,5897
156,1985,5796
156,1986,8963
156,1987,7379
156,1988,13565
156,1989,12080
156,1990,7829
156,1991,4374
156,1992,4582
156,1993,1930
156,1994,6678
156,1995,4561
156,1996,2557
156,1997,3672
156,1998,3514
156,1999,3284
156,2000,4682
156,2001,4237
156,2002,5886
156,2003,12684
156,2004,64866
156,2005,44198
156,2006,33191
156,2007,26243
156,2008,21598
156,2009,13593
156,2010,34854
156,2011,48463
156,2012,87800
156,2013,55666
156,2014,180788
156,2015,34543
156,2016,58907
156,2017,45143
156,2018,20857
156,2019,51234
157,1961,1580
157,1962,990
157,1963,490
157,1964,300
157,1965,300
157,1966,211
157,1967,55
157,1968,76
157,1969,188
157,1970,22
157,1971,106
157,1972,648
157,1973,6
157,1974,29
157,1975,196
157,1976,432
157,1977,5476
157,1978,12000
157,1979,99000
157,1980,30000
157,1981,1
157,1982,0
157,1983,0
157,1984,0
157,1985,0
157,1986,0
157,1987,0
157,1988,0
157,1989,800
157,1990,0
157,1991,1706
157,1992,4877
157,1993,13398
157,1994,11390
157,1995,2859
157,1996,2722
157,1997,3704
157,1998,8143
157,1999,15635
157,2000,24247
157,2001,26901
157,2002,20774
157,2003,25884
157,2004,35873
157,2005,43471
157,2006,11932
157,2007,42369
157,2008,14655
157,2009,17755
157,2010,21525
157,2011,18587
157,2012,18589
157,2013,39187
157,2014,40124
157,2015,36513
157,2016,27928
157,2017,20929
157,2018,9585
157,2019,5269
158,1961,5500
158,1962,8000
158,1963,9000
158,1964,8000
158,1965,9000
158,1966,8200
158,1967,7800
158,1968,14000
158,1969,14000
158,1970,18000
158,1971,13000
158,1972,17000
158,1973,17000
158,1974,14000
158,1975,13000
158,1976,19005
158,1977,39000
158,1978,37000
158,1979,30557
158,1980,28483
158,1981,39231
158,1982,40000
158,1983,12820
158,1984,29290
158,1985,25000
158,1986,22000
158,1987,25000
158,1988,27000
158,1989,30000
158,1990,24000
158,1991,33256
158,1992,14500
158,1993,9000
158,1994,8600
158,1995,7175
158,1996,21104
158,1997,12600
158,1998,13397
158,1999,14556
158,2000,20530
158,2001,16003
158,2002,13426
158,2003,19074
158,2004,19524
158,2005,19471
158,2006,20134
158,2007,18227
158,2008,21209
158,2009,19374
158,2010,53477
158,2011,22158
158,2012,30260
158,2013,9175
158,2014,7909
158,2015,3847
158,2016,3296
158,2017,5326
158,2018,10651
158,2019,6500
159,1961,1720
159,1962,970
159,1963,600
159,1964,180
159,1965,190
159,1966,303
159,1967,368
159,1968,284
159,1969,148
159,1970,40
159,1971,40
159,1972,4
159,1973,905
159,1974,37
159,1975,0
159,1976,0
159,1977,0
159,1978,0
159,1979,1917
159,1980,0
159,1981,0
159,1982,0
159,1983,0
159,1984,0
159,1985,0
159,1986,0
159,1987,0
159,1988,0
159,1989,39
159,1990,0
159,1991,42
159,1992,0
159,1993,0
159,1994,0
159,1995,0
159,1996,0
159,1997,0
159,1998,0
159,1999,0
159,2000,0
159,2001,0
159,2002,0
159,2003,2
159,2004,0
159,2005,31
159,2006,1
159,2007,0
159,2008,1
159,2009,0
159,2010,0
159,2011,0
159,2012,0
159,2013,0
159,2014,42
159,2015,1
159,2016,7
159,2019,0
16,2015,26
162,1961,46
162,1962,20
162,1963,5
162,1964,13
162,1965,40
162,1966,2
162,1967,21
162,1968,13
162,1969,16
162,1970,2
162,1971,1
162,1972,42
162,1973,83
162,1974,166
162,1975,120
162,1976,22
162,1977,5
162,1978,4
162,1979,56
162,1980,0
162,1981,4
162,1982,1454
162,1983,184
162,1984,171
162,1985,15
162,1986,1
162,1987,5
162,1988,2
162,1989,1
162,1990,0
162,1991,15
162,1992,5
162,1993,0
162,1994,16
162,1995,0
162,1996,0
162,1997,6
162,1998,0
162,1999,60
162,2000,420
162,2001,28
162,2002,0
162,2003,0
162,2004,244
162,2005,0
162,2006,0
162,2007,0
162,2008,56
162,2009,24
162,2010,43
162,2011,34
162,2012,14
162,2013,194
162,2014,795
162,2015,3
162,2016,9
165,1961,0
165,1962,0
165,1963,0
165,1964,0
165,1965,0
165,1966,0
165,1967,0
165,1968,0
165,1969,0
165,1970,0
165,1971,0
165,1972,0
165,1973,10
165,1974,5
165,1975,35
165,1976,74
165,1977,0
165,1978,0
165,1979,190
165,1980,51
165,1981,78
165,1982,68
165,1983,2645
165,1984,2458
165,1985,5320
165,1986,3986
165,1987,4218
165,1988,5635
165,1989,4015
165,1990,1755
165,1991,1158
165,1992,1671
165,1993,1649
165,1994,878
165,1995,319
165,1996,0
165,1997,0
165,1998,0
165,1999,0
165,2000,2013
165,2001,683
165,2002,2371
165,2003,14421
165,2004,2807
165,2005,1
165,2006,88
165,2007,11
165,2008,11
165,2009,432
165,2010,17653
165,2011,17463
165,2012,14171
165,2013,10756
165,2017,708
165,2018,549
166,1961,45
166,1962,806
166,1963,466
166,1964,824
166,1965,738
166,1966,742
166,1967,108
166,1968,1
166,1969,13
166,1970,7
166,1971,15
166,1972,124
166,1973,336
166,1974,671
166,1975,786
166,1976,334
166,1977,884
166,1978,268
166,1979,333
166,1980,1353
166,1981,1708
166,1982,2889
166,1983,4086
166,1984,2219
166,1985,1527
166,1986,1133
166,1987,2290
166,1988,5454
166,1989,2353
166,1990,1607
166,1991,207
166,1992,114
166,1993,101
166,1994,625
166,1995,213
166,1996,2649
166,1997,11130
166,1998,2257
166,1999,10194
166,2000,16603
166,2001,37280
166,2002,13310
166,2003,18041
166,2004,13242
166,2005,21202
166,2006,30638
166,2007,16443
166,2008,479
166,2009,198
166,2010,0
166,2011,296
166,2012,3172
166,2013,1868
166,2014,791
166,2015,1462
166,2016,339
166,2017,302
166,2018,215
166,2019,277
167,1961,0
167,1962,0
167,1963,0
167,1964,0
167,1965,0
167,1966,0
167,1967,0
167,1968,0
167,1969,0
167,1970,0
167,1971,0
167,1972,0
167,1973,0
167,1974,0
167,1975,0
167,1976,0
167,1977,0
167,1978,0
167,1979,0
167,1980,0
167,1981,0
167,1982,0
167,1983,0
167,1984,0
167,1985,0
167,1986,0
167,1987,0
167,1988,0
167,1989,0
167,1990,0
167,1991,0
167,1992,0
167,1993,62210
167,1994,44143
167,1995,39456
167,1996,20666
167,1997,28235
167,1998,27047
167,1999,18294
167,2000,12213
167,2001,13947
167,2002,15774
167,2003,21792
167,2004,53359
167,2005,84660
167,2006,90590
167,2007,103226
167,2008,138912
167,2009,128025
167,2010,126583
167,2011,163410
167,2012,195512
167,2013,194250
167,2014,196253
167,2015,207991
167,2016,216966
167,2017,220625
167,2018,220508
167,2019,210319
168,1961,0
168,1962,0
168,1963,0
168,1964,0
168,1965,0
168,1966,36
168,1967,0
168,1968,0
168,1969,0
168,1970,0
168,1971,4
168,1972,6
168,1973,0
168,1974,0
168,1975,0
168,1976,0
168,1977,0
168,1978,0
168,1979,0
168,1980,0
168,1981,458
168,1982,0
168,1983,166
168,1984,0
168,1985,0
168,1986,0
168,1987,0
168,1988,0
168,1989,0
168,1990,0
168,1991,0
168,1992,0
168,1993,0
168,1994,0
168,1995,0
168,1996,0
168,1997,0
168,1998,0
168,1999,0
168,2000,0
168,2001,0
168,2002,0
168,2003,0
168,2004,516
168,2005,0
168,2006,0
168,2007,0
168,2008,0
168,2009,0
168,2010,0
168,2011,0
168,2012,0
168,2013,0
169,1961,0
169,1962,0
169,1963,0
169,1964,0
169,1965,0
169,1966,0
169,1967,0
169,1968,0
169,1969,0
169,1970,0
169,1971,0
169,1972,0
169,1973,0
169,1974,0
169,1975,0
169,1976,0
169,1977,0
169,1978,0
169,1979,0
169,1980,0
169,1981,0
169,1982,0
169,1983,0
169,1984,0
169,1985,0
169,1986,10
169,1987,1000
169,1988,7
169,1989,8
169,1990,25
169,1991,43
169,1992,138
169,1993,6097
169,1994,14474
169,1995,7487
169,1996,10602
169,1997,23743
169,1998,16946
169,1999,6946
169,2000,10040
169,2001,20
169,2002,3193
169,2003,83
169,2004,56
169,2005,0
169,2006,78
169,2007,97
169,2008,0
169,2009,0
169,2010,40
169,2011,0
169,2012,0
169,2013,0
169,2015,3781
169,2016,2220
169,2017,17
169,2018,29
169,2019,598
170,1961,0
170,1962,3
170,1963,0
170,1964,0
170,1965,4
170,1966,3
170,1967,3
170,1968,0
170,1969,0
170,1970,2
170,1971,2
170,1972,0
170,1973,0
170,1974,0
170,1975,0
170,1976,0
170,1977,0
170,1978,13
170,1979,4
170,1980,0
170,1981,0
170,1982,3
170,1983,0
170,1984,0
170,1985,5
170,1986,1
170,1987,0
170,1988,0
170,1989,0
170,1990,43
170,1991,0
170,1992,31
170,1993,11
170,1994,0
170,1995,0
170,1996,0
170,1997,2
170,1998,3
170,1999,3
170,2000,0
170,2001,0
170,2002,0
170,2003,0
170,2004,0
170,2005,0
170,2006,2
170,2007,1
170,2008,0
170,2009,10
170,2010,4
170,2011,0
170,2012,0
170,2013,6
171,1961,0
171,1962,0
171,1963,0
171,1964,0
171,1965,0
171,1966,0
171,1967,0
171,1968,0
171,1969,0
171,1970,0
171,1971,0
171,1972,0
171,1973,0
171,1974,0
171,1975,0
171,1976,0
171,1977,0
171,1978,0
171,1979,0
171,1980,0
171,1981,0
171,1982,0
171,1983,0
171,1984,0
171,1985,0
171,1986,22
171,1987,0
171,1988,0
171,1989,0
171,1990,0
171,1991,0
171,1992,0
171,1993,0
171,1994,0
171,1995,0
171,1996,0
171,1997,0
171,1998,0
171,1999,0
171,2000,0
171,2001,0
171,2002,0
171,2003,0
171,2004,0
171,2005,0
171,2006,0
171,2007,0
171,2008,0
171,2009,0
171,2010,0
171,2011,0
171,2012,796
171,2013,10951
171,2014,6567
171,2018,8
173,1961,3260
173,1962,5450
173,1963,6020
173,1964,12850
173,1965,19736
173,1966,15707
173,1967,16081
173,1968,16708
173,1969,27186
173,1970,38545
173,1971,47290
173,1972,83373
173,1973,120895
173,1974,90717
173,1975,80600
173,1976,38739
173,1977,44161
173,1978,66005
173,1979,82838
173,1980,89192
173,1981,42459
173,1982,46100
173,1983,55061
173,1984,51074
173,1985,38918
173,1986,52148
173,1987,83352
173,1988,125603
173,1989,131509
173,1990,168971
173,1991,121052
173,1992,64770
173,1993,47635
173,1994,77300
173,1995,88772
173,1996,72879
173,1997,72693
173,1998,105841
173,1999,91975
173,2000,84127
173,2001,69973
173,2002,93232
173,2003,106742
173,2004,188274
173,2005,243284
173,2006,264983
173,2007,202192
173,2008,164335
173,2009,193570
173,2010,140602
173,2011,138605
173,2012,126270
173,2013,87994
173,2014,69784
173,2015,57255
173,2016,45524
173,2017,39909
173,2018,34827
173,2019,39047
174,1961,24
174,1962,42
174,1963,56
174,1964,71
174,1965,71
174,1966,119
174,1967,107
174,1968,121
174,1969,165
174,1970,126
174,1971,133
174,1972,214
174,1973,235
174,1974,385
174,1975,176
174,1976,6
174,1977,70
174,1978,4
174,1979,4
174,1980,76
174,1981,141
174,1982,162
174,1983,136
174,1984,175
174,1985,456
174,1986,598
174,1987,628
174,1988,839
174,1989,925
174,1990,1470
174,1991,1773
174,1992,1489
174,1993,60
174,1994,1170
174,1995,1070
174,1996,1623
174,1997,4694
174,1998,4744
174,1999,2939
174,2000,804
174,2001,9
174,2002,53
174,2003,597
174,2004,617
174,2005,5851
174,2006,6239
174,2007,10872
174,2008,9490
174,2009,13967
174,2010,22127
174,2011,19493
174,2012,40153
174,2013,47467
174,2014,50432
174,2015,57155
174,2016,94357
174,2017,98499
174,2018,109515
174,2019,95033
175,1961,0
175,1962,0
175,1963,0
175,1964,0
175,1965,0
175,1966,0
175,1967,0
175,1968,0
175,1969,0
175,1970,0
175,1971,0
175,1972,0
175,1973,0
175,1974,0
175,1975,3
175,1976,0
175,1977,0
175,1978,0
175,1979,0
175,1980,0
175,1981,0
175,1982,0
175,1983,0
175,1984,0
175,1985,0
175,1986,0
175,1987,0
175,1988,0
175,1989,0
175,1990,0
175,1991,0
175,1992,0
175,1993,0
175,1994,0
175,1995,0
175,1996,0
175,1997,0
175,1998,0
175,1999,0
175,2000,0
175,2001,0
175,2002,0
175,2003,0
175,2004,0
175,2005,0
175,2006,0
175,2007,0
175,2008,0
175,2009,0
175,2010,0
175,2011,0
175,2012,0
175,2013,0
178,2018,16
178,2019,1
179,1961,0
179,1962,0
179,1963,0
179,1964,0
179,1965,0
179,1966,0
179,1967,0
179,1968,0
179,1969,0
179,1970,0
179,1971,0
179,1972,2
179,1973,98
179,1974,40
179,1975,0
179,1976,0
179,1977,0
179,1978,0
179,1979,0
179,1980,0
179,1981,0
179,1982,0
179,1983,0
179,1984,0
179,1985,0
179,1986,0
179,1987,0
179,1988,0
179,1989,0
179,1990,3
179,1991,17
179,1992,3
179,1993,0
179,1994,1
179,1995,48
179,1996,0
179,1997,0
179,1998,0
179,1999,0
179,2000,0
179,2001,3
179,2002,5
179,2003,0
179,2004,7
179,2005,419
179,2006,487
179,2007,169
179,2008,1
179,2009,20
179,2010,0
179,2011,0
179,2012,0
179,2013,0
179,2015,3699
18,1991,91
18,1992,69
18,1993,70
18,1994,2
18,1995,0
18,1996,0
18,1997,0
18,1998,0
18,1999,0
18,2000,0
18,2001,0
181,1961,30
181,1962,40
181,1963,20
181,1964,160
181,1965,40
181,1966,175
181,1967,0
181,1968,0
181,1969,0
181,1970,0
181,1971,0
181,1972,0
181,1973,0
181,1974,0
181,1975,704
181,1976,296
181,1977,280
181,1978,250
181,1979,36
181,1980,1615
181,1981,154
181,1982,338
181,1983,65
181,1984,82
181,1985,351
181,1986,452
181,1987,139
181,1988,202
181,1989,0
181,1990,71
181,1991,83
181,1992,2643
181,1993,3318
181,1994,4596
181,1995,4760
181,1996,1533
181,1997,490
181,1998,4115
181,1999,3554
181,2000,4063
181,2001,453
181,2002,167
181,2003,0
181,2004,35
181,2005,16
181,2006,4
181,2007,5
181,2008,0
181,2009,8
181,2010,1297
181,2011,25
181,2012,0
181,2013,0
181,2014,41
181,2015,590
181,2016,18
181,2017,7
181,2018,70
181,2019,64
183,1961,1130
183,1962,450
183,1963,580
183,1964,930
183,1965,9217
183,1966,19900
183,1967,12600
183,1968,14200
183,1969,22100
183,1970,23100
183,1971,25317
183,1972,44286
183,1973,38224
183,1974,21000
183,1975,20943
183,1976,24000
183,1977,32000
183,1978,23000
183,1979,32700
183,1980,20800
183,1981,21700
183,1982,5300
183,1983,2600
183,1984,6000
183,1985,4000
183,1986,11500
183,1987,54000
183,1988,40000
183,1989,185
183,1990,7537
183,1991,38287
183,1992,32075
183,1993,16057
183,1994,26376
183,1995,24744
183,1996,16068
183,1997,22669
183,1998,14632
183,1999,34834
183,2000,49358
183,2001,18754
183,2002,34960
183,2003,57923
183,2004,62901
183,2005,73858
183,2006,94381
183,2007,125152
183,2008,120040
183,2009,102990
183,2010,130875
183,2011,140166
183,2012,183389
183,2013,174510
183,2014,151695
183,2015,140138
183,2016,175997
183,2017,229596
183,2018,191360
183,2019,184457
184,1961,840
184,1962,840
184,1963,840
184,1964,840
184,1965,840
184,1966,350
184,1967,150
184,1968,50
184,1969,210
184,1970,220
184,1971,1200
184,1972,1400
184,1973,1669
184,1974,2929
184,1975,6100
184,1976,9100
184,1977,7500
184,1978,3000
184,1979,0
184,1980,0
184,1981,0
184,1982,0
184,1983,0
184,1984,0
184,1985,0
184,1986,0
184,1987,0
184,1988,0
184,1989,0
184,1990,0
184,1991,0
184,1992,4
184,1993,0
184,1994,0
184,1995,0
184,1996,0
184,1997,0
184,1998,0
184,1999,0
184,2000,0
184,2001,0
184,2002,0
184,2003,0
184,2004,0
184,2005,16
184,2006,0
184,2007,2285
184,2008,3612
184,2009,3100
184,2010,3884
184,2011,4751
184,2012,7334
184,2013,7100
184,2014,7281
184,2015,6669
184,2016,6525
184,2017,7367
184,2018,6987
184,2019,6006
185,1992,880
185,1993,500
185,1994,2100
185,1995,3400
185,1996,2613
185,1997,74
185,1998,27
185,1999,4
185,2000,2037
185,2001,913
185,2002,2039
185,2003,3758
185,2004,2647
185,2005,216
185,2006,42
185,2007,90
185,2008,119
185,2009,66
185,2010,105
185,2011,1726
185,2012,2975
185,2013,3111
185,2014,10148
185,2015,5501
185,2016,4165
185,2017,6640
185,2018,9174
185,2019,26813
186,1961,0
186,1962,0
186,1963,0
186,1964,0
186,1965,0
186,1966,0
186,1967,0
186,1968,0
186,1969,0
186,1970,0
186,1971,0
186,1972,0
186,1973,0
186,1974,0
186,1975,0
186,1976,0
186,1977,0
186,1978,0
186,1979,0
186,1980,0
186,1981,0
186,1982,0
186,1983,0
186,1984,0
186,1985,0
186,1986,0
186,1987,0
186,1988,0
186,1989,0
186,1990,0
186,1991,27965
186,1992,29569
186,1993,0
186,1996,1408
186,1997,6195
186,1998,2187
186,1999,2815
186,2000,3017
186,2001,161
186,2002,0
186,2003,94
186,2004,420
186,2005,0
186,2006,0
186,2007,0
186,2008,0
186,2009,0
186,2010,0
186,2011,0
186,2012,0
186,2013,0
188,1961,12
188,1962,15
188,1963,18
188,1964,16
188,1965,25
188,1966,32
188,1967,26
188,1968,14
188,1969,12
188,1970,18
188,1971,25
188,1972,19
188,1973,19
188,1974,17
188,1975,20
188,1976,27
188,1977,31
188,1978,52
188,1979,47
188,1980,83
188,1981,107
188,1982,67
188,1983,71
188,1984,58
188,1985,21
188,1986,43
188,1987,56
188,1988,0
188,1989,0
188,1990,0
188,1991,0
188,1992,0
188,1993,0
188,1994,0
188,1995,0
188,1996,0
188,1997,0
188,1998,0
188,1999,0
188,2000,1
188,2001,2
188,2006,1
188,2007,0
188,2008,0
188,2009,0
188,2010,0
188,2011,0
188,2012,0
188,2013,0
189,1961,0
189,1962,0
189,1963,0
189,1964,0
189,1965,0
189,1966,0
189,1967,0
189,1968,0
189,1969,0
189,1970,0
189,1971,0
189,1972,0
189,1973,0
189,1974,0
189,1975,0
189,1976,0
189,1977,0
189,1978,5
189,1979,0
189,1980,0
189,1981,1
189,1982,34
189,1983,0
189,1984,0
189,1985,1
189,1986,0
189,1987,0
189,1988,0
189,1989,0
189,1990,0
189,1991,0
189,1992,0
189,1993,0
189,1994,0
189,1995,0
189,1996,0
189,1997,0
189,1998,0
189,1999,0
189,2000,0
189,2001,0
189,2002,0
189,2003,0
189,2004,0
189,2005,0
189,2006,0
189,2007,0
189,2008,0
189,2009,0
189,2010,0
189,2011,0
189,2012,0
189,2013,0
19,1961,98
19,1962,91
19,1963,91
19,1964,20
19,1965,46
19,1966,14
19,1967,0
19,1968,3
19,1969,16
19,1970,4000
19,1971,12000
19,1972,10000
19,1973,11000
19,1974,15000
19,1975,17000
19,1976,14000
19,1977,11500
19,1978,12500
19,1979,16000
19,1980,11420
19,1981,9975
19,1982,11935
19,1983,5892
19,1984,1696
19,1985,1171
19,1986,13424
19,1987,6755
19,1988,513
19,1989,6430
19,1990,49500
19,1991,17859
19,1992,3500
19,1993,630
19,1994,4300
19,1995,0
19,1996,511
19,1997,666
19,1998,687
19,1999,675
19,2000,235
19,2001,0
19,2002,742
19,2003,103
19,2004,40
19,2005,0
19,2006,0
19,2007,0
19,2008,0
19,2009,0
19,2010,0
19,2011,0
19,2012,0
19,2013,0
191,2014,81
191,2015,65
191,2016,67
191,2017,61
191,2018,69
191,2019,52
194,1961,0
194,1962,0
194,1963,0
194,1964,0
194,1965,0
194,1966,0
194,1967,0
194,1968,0
194,1969,0
194,1970,0
194,1971,0
194,1972,0
194,1973,0
194,1974,0
194,1975,811
194,1976,0
194,1977,0
194,1978,5
194,1979,0
194,1980,2
194,1981,0
194,1982,11
194,1983,33
194,1984,29
194,1985,64
194,1986,166
194,1987,18
194,1988,1
194,1989,0
194,1990,76
194,1991,11
194,1992,8
194,1993,0
194,1994,281
194,1995,23
194,1996,857
194,1997,0
194,1998,0
194,1999,0
194,2000,24
194,2001,0
194,2002,916
194,2003,170
194,2004,61
194,2005,18
194,2006,63
194,2007,157
194,2008,2159
194,2009,5600
194,2010,1646
194,2011,288
194,2012,168
194,2013,0
194,2014,295
194,2015,90
194,2017,541
194,2018,286
194,2019,750
195,1961,180
195,1962,180
195,1963,240
195,1964,300
195,1965,360
195,1966,480
195,1967,300
195,1968,103
195,1969,300
195,1970,300
195,1971,143
195,1972,145
195,1973,14
195,1974,4
195,1975,9
195,1976,0
195,1977,2
195,1978,23
195,1979,13
195,1980,114
195,1981,62
195,1982,53
195,1983,408
195,1984,800
195,1985,350
195,1986,329
195,1987,220
195,1988,5
195,1989,9
195,1990,2
195,1991,3
195,1992,1
195,1993,0
195,1994,0
195,1995,0
195,1996,0
195,1997,0
195,1998,0
195,1999,0
195,2000,0
195,2001,0
195,2002,3
195,2003,0
195,2004,50
195,2005,65
195,2006,3
195,2007,26
195,2008,32
195,2009,28
195,2010,28
195,2011,3
195,2012,11
195,2013,23
195,2014,2
195,2015,8
195,2016,15
195,2017,10
195,2018,31
196,2014,6
196,2016,3
197,2014,2353
197,2015,821
197,2016,501
197,2017,1200
197,2018,1200
197,2019,1200
198,1961,0
198,1962,0
198,1963,0
198,1964,0
198,1965,0
198,1966,0
198,1967,0
198,1968,0
198,1969,0
198,1970,0
198,1971,0
198,1972,0
198,1973,0
198,1974,0
198,1975,0
198,1976,0
198,1977,0
198,1978,0
198,1979,0
198,1980,0
198,1981,0
198,1982,0
198,1983,0
198,1984,0
198,1985,0
198,1986,0
198,1987,0
198,1988,0
198,1989,0
198,1990,41400
198,1991,54800
198,1992,9760
198,1993,831
198,1994,90
198,1995,0
198,1996,242
198,1997,398
198,1998,17
198,1999,0
198,2000,267
198,2001,714
198,2002,5623
198,2003,2488
198,2004,1723
198,2005,7298
198,2006,20687
198,2007,19431
198,2008,39657
198,2009,29555
198,2010,53848
198,2011,51087
198,2012,62561
198,2013,102208
198,2014,106264
198,2015,84165
198,2016,94707
198,2017,124787
198,2018,130063
198,2019,91015
199,1961,0
199,1962,0
199,1963,0
199,1964,0
199,1965,0
199,1966,0
199,1967,0
199,1968,0
199,1969,0
199,1970,0
199,1971,0
199,1972,0
199,1973,0
199,1974,0
199,1975,0
199,1976,0
199,1977,0
199,1978,0
199,1979,0
199,1980,0
199,1981,0
199,1982,0
199,1983,0
199,1984,0
199,1985,0
199,1986,0
199,1987,0
199,1988,0
199,1989,0
199,1990,0
199,1991,0
199,1992,0
199,1993,31951
199,1994,21742
199,1995,14364
199,1996,8828
199,1997,12927
199,1998,12032
199,1999,8869
199,2000,7636
199,2001,6978
199,2002,12076
199,2003,11271
199,2004,27214
199,2005,27474
199,2006,35873
199,2007,33981
199,2008,50312
199,2009,68362
199,2010,75752
199,2011,69841
199,2012,85568
199,2013,79485
199,2014,70808
199,2015,77489
199,2016,91364
199,2017,83064
199,2018,67296
199,2019,55966
2,2014,308
2,2016,80
2,2017,373
20,1961,4510
20,1962,4770
20,1963,4490
20,1964,4460
20,1965,2040
20,1966,3930
20,1967,4930
20,1968,7100
20,1969,6800
20,1970,5700
20,1971,5500
20,1972,5700
20,1973,0
20,1974,43
20,1975,36
20,1976,81
20,1977,657
20,1978,0
20,1979,0
20,1980,0
20,1981,0
20,1982,0
20,1983,0
20,1984,0
20,1985,0
20,1986,0
20,1987,0
20,1988,0
20,1989,0
20,1990,0
20,1991,0
20,1992,1
20,1993,39
20,1994,256
20,1995,429
20,1996,205
20,1997,154
20,1998,89
20,1999,11
20,2000,17
20,2001,39
20,2002,2
20,2003,18
20,2004,0
20,2005,20
20,2006,2
20,2007,84
20,2008,215
20,2009,12
20,2010,1
20,2011,10646
20,2012,3319
20,2013,4788
20,2014,2903
20,2015,847
20,2016,3
20,2017,154
20,2018,106
20,2019,6813
200,1961,320
200,1962,283
200,1963,246
200,1964,32
200,1965,78
200,1966,272
200,1967,283
200,1968,350
200,1969,394
200,1970,407
200,1971,329
200,1972,89
200,1973,25
200,1974,9
200,1975,64
200,1976,261
200,1977,573
200,1978,654
200,1979,301
200,1980,447
200,1981,14
200,1982,90
200,1983,171
200,1984,0
200,1985,23
200,1986,9
200,1987,1
200,1988,0
200,1989,3
200,1990,1
200,1991,50
200,1992,94
200,1993,775
200,1994,939
200,1995,0
200,1996,56
200,1997,108
200,1998,142
200,1999,23
200,2000,4
200,2001,36
200,2002,28
200,2003,0
200,2004,0
200,2005,0
200,2006,161
200,2007,0
200,2008,2
200,2009,2158
200,2010,0
200,2011,0
200,2012,1
200,2013,0
200,2014,457
200,2015,124
200,2016,4
200,2019,0
201,1961,700
201,1962,780
201,1963,780
201,1964,800
201,1965,800
201,1966,850
201,1967,850
201,1968,900
201,1969,1649
201,1970,2163
201,1971,1861
201,1972,3207
201,1973,5574
201,1974,3431
201,1975,5321
201,1976,11435
201,1977,6624
201,1978,16045
201,1979,21602
201,1980,24912
201,1981,27123
201,1982,42996
201,1983,13799
201,1984,2016
201,1985,11088
201,1986,9537
201,1987,12628
201,1988,7200
201,1989,5500
201,1990,5500
201,1991,5500
201,1992,0
201,1993,0
201,1994,0
201,1995,300
201,1996,590
201,1997,28000
201,1998,36000
201,1999,38000
201,2000,27000
201,2001,17000
201,2002,27000
201,2003,28912
201,2004,14256
201,2005,22329
201,2006,15271
201,2007,26787
201,2008,15887
201,2009,32850
201,2010,25000
201,2011,49432
201,2012,61359
201,2013,70112
201,2014,87176
201,2015,93424
201,2016,41235
201,2017,43131
201,2018,38721
201,2019,13535
202,1961,1840
202,1962,2270
202,1963,2250
202,1964,2000
202,1965,1432
202,1966,1613
202,1967,1754
202,1968,1916
202,1969,1784
202,1970,2640
202,1971,2678
202,1972,2454
202,1973,5657
202,1974,3800
202,1975,3500
202,1976,6000
202,1977,6400
202,1978,6000
202,1979,8000
202,1980,9000
202,1981,5000
202,1982,4200
202,1983,5600
202,1984,3600
202,1985,1083
202,1986,1194
202,1987,671
202,1988,349
202,1989,566
202,1990,460
202,1991,817
202,1992,722
202,1993,1371
202,1994,418
202,1995,304
202,1996,852
202,1997,3480
202,1998,1531
202,1999,2691
202,2000,3596
202,2001,2392
202,2002,5704
202,2003,7879
202,2004,6554
202,2005,6263
202,2006,2703
202,2007,9255
202,2008,9274
202,2009,6384
202,2010,5967
202,2011,6891
202,2012,12155
202,2013,11268
202,2014,12209
202,2015,28910
202,2016,20159
202,2017,20883
202,2018,26947
202,2019,18824
203,1961,220
203,1962,210
203,1963,380
203,1964,310
203,1965,190
203,1966,599
203,1967,204
203,1968,255
203,1969,258
203,1970,346
203,1971,335
203,1972,371
203,1973,501
203,1974,641
203,1975,673
203,1976,792
203,1977,659
203,1978,1229
203,1979,2174
203,1980,3261
203,1981,1682
203,1982,2158
203,1983,1177
203,1984,910
203,1985,1199
203,1986,2481
203,1987,7063
203,1988,4991
203,1989,8402
203,1990,11665
203,1991,9115
203,1992,26896
203,1993,47255
203,1994,75276
203,1995,115711
203,1996,107763
203,1997,85080
203,1998,87843
203,1999,89427
203,2000,96618
203,2001,61264
203,2002,64396
203,2003,70154
203,2004,103169
203,2005,98126
203,2006,67168
203,2007,55179
203,2008,90161
203,2009,78579
203,2010,115746
203,2011,126875
203,2012,223514
203,2013,187363
203,2014,170446
203,2015,227922
203,2016,238619
203,2017,301044
203,2018,398979
203,2019,325218
206,1961,2320
206,1962,460
206,1963,1530
206,1964,860
206,1965,790
206,1966,1490
206,1967,810
206,1968,716
206,1969,912
206,1970,2208
206,1971,2364
206,1972,1641
206,1973,2101
206,1974,4993
206,1975,409
206,1976,437
206,1977,3268
206,1978,2807
206,1979,4031
206,1980,4019
206,1981,5745
206,1982,2671
206,1983,7067
206,1984,5380
206,1985,5798
206,1986,1704
206,1987,0
206,1988,6000
206,1989,3719
206,1990,7500
206,1991,8400
206,1992,6000
206,1993,6000
206,1994,6000
206,1995,900
206,1996,2688
206,1997,625
206,1998,786
206,1999,3
206,2000,48
206,2001,0
206,2002,587
206,2003,52
206,2004,0
206,2005,355
206,2006,520
206,2007,1500
206,2008,776
206,2009,5185
206,2010,1500
206,2011,349
206,2012,0
206,2013,0
207,1961,0
207,1962,0
207,1963,0
207,1964,0
207,1965,0
207,1966,0
207,1967,0
207,1968,0
207,1969,0
207,1970,0
207,1971,0
207,1972,0
207,1973,0
207,1974,0
207,1975,80
207,1976,0
207,1977,0
207,1978,290
207,1979,0
207,2019,3560
209,1961,2000
209,1962,2180
209,1963,2720
209,1964,1420
209,1965,330
209,1966,1120
209,1967,780
209,1968,400
209,1969,520
209,1970,329
209,1971,435
209,1972,887
209,1973,1101
209,1974,2724
209,1975,1628
209,1976,1461
209,1977,658
209,1978,146
209,1979,133
209,1980,428
209,1981,1244
209,1982,439
209,1983,338
209,1984,477
209,1985,114
209,1986,603
209,1987,946
209,1988,606
209,1989,388
209,1990,443
209,1991,5000
209,1992,3000
209,1993,3000
209,1994,3000
209,1995,0
209,1996,0
209,1997,214
209,1998,36
209,1999,76
209,2000,20
209,2001,18
209,2002,20
209,2003,97
209,2004,152
209,2005,237
209,2006,165
209,2007,130
209,2008,140
209,2009,150
209,2010,150
209,2011,150
209,2012,150
209,2013,21
209,2014,159
209,2015,150
209,2016,150
209,2017,184
209,2018,200
209,2019,74
21,1961,94
21,1962,15
21,1963,85
21,1964,182
21,1965,1046
21,1966,369
21,1967,473
21,1968,400
21,1969,911
21,1970,283
21,1971,404
21,1972,2168
21,1973,4537
21,1974,1494
21,1975,1691
21,1976,3247
21,1977,3448
21,1978,2629
21,1979,550
21,1980,1691
21,1981,859
21,1982,51
21,1983,20
21,1984,28
21,1985,158
21,1986,143
21,1987,747
21,1988,3013
21,1989,1973
21,1990,1677
21,1991,2112
21,1992,753
21,1993,467
21,1994,1437
21,1995,390
21,1996,1190
21,1997,473
21,1998,1105
21,1999,1006
21,2000,233
21,2001,213
21,2002,677
21,2003,1353
21,2004,7339
21,2005,31468
21,2006,73407
21,2007,265242
21,2008,389866
21,2009,443517
21,2010,658663
21,2011,444852
21,2012,582293
21,2013,717207
21,2014,674994
21,2015,210601
21,2016,208746
21,2017,276042
21,2018,534750
21,2019,354867
210,1961,130
210,1962,210
210,1963,2340
210,1964,4220
210,1965,830
210,1966,434
210,1967,440
210,1968,257
210,1969,886
210,1970,427
210,1971,361
210,1972,1277
210,1973,2116
210,1974,1144
210,1975,484
210,1976,405
210,1977,38
210,1978,186
210,1979,636
210,1980,455
210,1981,20
210,1982,181
210,1983,879
210,1984,835
210,1985,770
210,1986,1942
210,1987,1678
210,1988,350
210,1989,12
210,1990,169
210,1991,131
210,1992,273
210,1993,235
210,1994,486
210,1995,659
210,1996,743
210,1997,391
210,1998,1623
210,1999,1761
210,2000,1244
210,2001,272
210,2002,830
210,2003,1952
210,2004,1333
210,2005,4410
210,2006,806
210,2007,2870
210,2008,5848
210,2009,1352
210,2010,810
210,2011,1280
210,2012,6925
210,2013,13
210,2014,38
210,2015,481
210,2016,34
210,2017,116
210,2018,96
210,2019,568
211,1961,3060
211,1962,3564
211,1963,5830
211,1964,4850
211,1965,3580
211,1966,2787
211,1967,2565
211,1968,3375
211,1969,4228
211,1970,5596
211,1971,4200
211,1972,8449
211,1973,7717
211,1974,5047
211,1975,8428
211,1976,7315
211,1977,10527
211,1978,8828
211,1979,11551
211,1980,19141
211,1981,15945
211,1982,16191
211,1983,9446
211,1984,7894
211,1985,10512
211,1986,14248
211,1987,21621
211,1988,15413
211,1989,18094
211,1990,19517
211,1991,17684
211,1992,16902
211,1993,16197
211,1994,15289
211,1995,16508
211,1996,8275
211,1997,22
211,1998,4
211,1999,338
211,2000,806
211,2001,16
211,2002,1335
211,2003,4141
211,2004,5476
211,2005,6422
211,2006,6608
211,2007,9439
211,2008,11052
211,2009,11783
211,2010,1110
211,2011,1092
211,2012,466
211,2013,681
211,2014,546
211,2015,373
211,2016,455
211,2017,231
211,2018,307
211,2019,296
212,1961,1010
212,1962,590
212,1963,840
212,1964,1510
212,1965,2570
212,1966,5692
212,1967,5083
212,1968,9606
212,1969,9828
212,1970,6429
212,1971,2885
212,1972,8067
212,1973,4726
212,1974,18
212,1975,16
212,1976,5
212,1977,7
212,1978,7
212,1979,1
212,1980,19
212,1981,18
212,1982,0
212,1983,0
212,1984,0
212,1985,1
212,1986,0
212,1987,0
212,1988,0
212,1989,342
212,1990,216
212,1991,0
212,1992,19
212,1993,0
212,1994,0
212,1995,18
212,1996,36
212,1997,0
212,1998,335
212,1999,0
212,2000,0
212,2001,0
212,2002,0
212,2003,13
212,2004,0
212,2005,0
212,2006,0
212,2007,0
212,2008,0
212,2009,0
212,2010,0
212,2011,0
212,2012,0
212,2013,0
214,1961,0
214,1962,0
214,1963,0
214,1964,0
214,1965,0
214,1966,0
214,1967,0
214,1968,0
214,1969,0
214,1970,0
214,1971,0
214,1972,0
214,1973,0
214,1974,0
214,1975,0
214,1976,15
214,1977,0
214,1978,24
214,1979,74
214,1980,40
214,1981,34
214,1982,0
214,1983,30
214,1984,0
214,1985,0
214,1986,0
214,1987,0
214,1988,0
214,1989,0
214,1990,0
214,1991,0
214,1992,0
214,1993,0
214,1994,0
214,1995,0
214,1996,0
214,1997,0
214,1998,0
214,1999,0
214,2000,0
214,2001,0
214,2002,0
214,2003,0
214,2004,0
214,2005,0
214,2006,0
214,2007,0
214,2008,0
214,2009,0
214,2010,0
214,2011,0
214,2012,0
214,2013,0
214,2016,1
215,1961,60
215,1962,110
215,1963,98
215,1964,238
215,1965,264
215,1966,251
215,1967,399
215,1968,34
215,1969,122
215,1970,447
215,1971,720
215,1972,340
215,1973,118
215,1974,1066
215,1975,465
215,1976,496
215,1977,493
215,1978,183
215,1979,0
215,1980,250
215,1981,95
215,1982,1000
215,1983,1100
215,1984,1100
215,1985,0
215,1986,0
215,1987,0
215,1988,34
215,1989,48
215,1990,0
215,1991,0
215,1992,0
215,1993,0
215,1994,0
215,1995,0
215,1996,0
215,1997,629
215,1998,140
215,1999,18
215,2000,32
215,2001,4
215,2002,64
215,2003,143
215,2004,226
215,2005,302
215,2006,822
215,2007,872
215,2008,1112
215,2009,596
215,2010,548
215,2011,428
215,2012,236
215,2013,734
215,2014,523
215,2015,7195
215,2016,615
215,2017,53428
215,2018,2794
215,2019,8960
216,1961,2
216,1962,0
216,1963,189
216,1964,1094
216,1965,688
216,1966,691
216,1967,821
216,1968,605
216,1969,724
216,1970,749
216,1971,1090
216,1972,1887
216,1973,2832
216,1974,5924
216,1975,2249
216,1976,2349
216,1977,5239
216,1978,5587
216,1979,5133
216,1980,3146
216,1981,922
216,1982,753
216,1983,1873
216,1984,1104
216,1985,508
216,1986,0
216,1987,60
216,1988,81
216,1989,21
216,1990,42
216,1991,28
216,1992,252
216,1993,1045
216,1994,1691
216,1995,2541
216,1996,3203
216,1997,2861
216,1998,1372
216,1999,407
216,2000,269
216,2001,497
216,2002,648
216,2003,948
216,2004,491
216,2005,54
216,2006,140
216,2007,1141
216,2008,25362
216,2009,51439
216,2010,49539
216,2011,34669
216,2012,42123
216,2013,70630
216,2014,63563
216,2015,53543
216,2016,31709
216,2017,64468
216,2018,127897
216,2019,189335
217,1961,21
217,1962,30
217,1963,50
217,1964,45
217,1965,22
217,1966,40
217,1967,11
217,1968,11
217,1969,2
217,1970,3
217,1971,3
217,1972,0
217,1973,5
217,1974,67
217,1975,39
217,1976,7
217,1977,0
217,1978,0
217,1979,0
217,1980,0
217,1981,0
217,1982,0
217,1983,0
217,1984,0
217,1985,0
217,1986,0
217,1987,0
217,1988,0
217,1989,0
217,1990,0
217,1991,0
217,1992,0
217,1993,0
217,1994,0
217,1995,0
217,1996,0
217,1997,0
217,1998,0
217,1999,0
217,2000,0
217,2001,0
217,2002,0
217,2003,0
217,2004,0
217,2005,0
217,2006,0
217,2007,4
217,2008,0
217,2009,0
217,2010,0
217,2011,25
217,2012,0
217,2013,0
217,2016,110
217,2017,247
217,2018,100
219,2010,1
219,2011,0
219,2012,0
219,2013,0
220,1961,0
220,1962,0
220,1963,0
220,1964,0
220,1965,0
220,1966,1
220,1967,23
220,1968,18
220,1969,1
220,1970,93
220,1971,20
220,1972,28
220,1973,0
220,1974,117
220,1975,14
220,1976,0
220,1977,114
220,1978,129
220,1979,132
220,1980,289
220,1981,359
220,1982,306
220,1983,136
220,1984,225
220,1985,228
220,1986,63
220,1987,0
220,1988,263
220,1989,0
220,1990,0
220,1991,4
220,1992,0
220,1993,0
220,1994,1
220,1995,0
220,1996,4
220,1997,4
220,1998,0
220,1999,0
220,2000,0
220,2003,32
220,2004,0
220,2005,0
220,2006,0
220,2007,0
220,2008,0
220,2009,0
220,2010,0
220,2011,0
220,2012,0
220,2013,0
220,2015,1
221,1961,0
221,1962,0
221,1963,0
221,1964,0
221,1965,0
221,1966,0
221,1967,0
221,1968,0
221,1969,0
221,1970,0
221,1971,0
221,1972,0
221,1973,0
221,1974,0
221,1975,0
221,1976,0
221,1977,0
221,1978,0
221,1979,0
221,1980,89
221,1981,1
221,1982,0
221,1983,0
221,1984,26
221,1985,39
221,1986,213
221,1987,81
221,1988,142
221,1989,125
221,1990,54
221,1991,40
221,1992,39
221,1993,24
221,1994,26
221,1995,42
221,1996,82
221,1997,73
221,1998,94
221,1999,92
221,2000,27
221,2001,65
221,2002,31
221,2003,44
221,2004,80
221,2005,58
221,2006,5
221,2007,3
221,2008,431
221,2009,114
221,2010,2482
221,2011,105
221,2012,69
221,2013,83
221,2014,1139
221,2015,130
221,2016,3421
221,2017,1620
221,2018,2784
221,2019,153
222,1961,0
222,1962,0
222,1963,10
222,1964,0
222,1965,20
222,1966,43
222,1967,20
222,1968,7
222,1969,0
222,1970,0
222,1971,151
222,1972,281
222,1973,0
222,1974,0
222,1975,0
222,1976,0
222,1977,0
222,1978,0
222,1979,4
222,1980,0
222,1981,0
222,1982,0
222,1983,0
222,1984,0
222,1985,0
222,1986,0
222,1987,0
222,1988,0
222,1989,0
222,1990,0
222,1991,0
222,1992,0
222,1993,0
222,2000,0
222,2001,0
222,2002,3
222,2003,0
222,2004,0
222,2005,0
222,2006,0
222,2007,0
222,2008,0
222,2009,0
222,2010,0
222,2011,0
222,2012,0
222,2013,0
223,1961,4010
223,1962,7150
223,1963,6600
223,1964,5330
223,1965,7623
223,1966,4704
223,1967,3235
223,1968,1994
223,1969,6075
223,1970,6446
223,1971,6592
223,1972,3065
223,1973,374
223,1974,14255
223,1975,2719
223,1976,1790
223,1977,204
223,1978,137
223,1979,3367
223,1980,10
223,1981,19695
223,1982,60929
223,1983,32038
223,1984,18353
223,1985,2565
223,1986,3175
223,1987,176
223,1988,385
223,1989,197
223,1990,0
223,1991,6
223,1992,0
223,1993,0
223,1994,0
223,1995,0
223,1996,0
223,1997,0
223,1998,0
223,1999,0
223,2000,4
223,2001,4520
223,2002,162
223,2003,0
223,2004,0
223,2005,0
223,2006,0
223,2007,0
223,2008,0
223,2009,0
223,2010,3
223,2011,0
223,2012,30
223,2013,1159
223,2014,1991
223,2015,51
223,2018,478
223,2019,3534
225,1961,0
225,1962,0
225,1963,0
225,1964,0
225,1965,0
225,1966,0
225,1967,0
225,1968,0
225,1969,0
225,1970,0
225,1971,0
225,1972,0
225,1973,0
225,1974,0
225,1975,0
225,1976,3
225,1977,0
225,1978,0
225,1979,1
225,1980,2
225,1981,10
225,1982,0
225,1983,345
225,1984,62
225,1985,690
225,1986,800
225,1987,180
225,1988,161
225,1989,96
225,1990,60
225,1991,217
225,1992,258
225,1993,204
225,1994,1740
225,1995,344
225,1996,26
225,1997,16
225,1998,10
225,1999,40
225,2000,940
225,2001,0
225,2002,1
225,2003,1199
225,2004,1500
225,2005,1131
225,2006,229
225,2007,92
225,2008,785
225,2009,550
225,2010,371
225,2011,1046
225,2012,3674
225,2013,7316
225,2014,8082
225,2015,8753
225,2016,1217
225,2017,2377
225,2018,721
225,2019,848
226,1961,0
226,1962,0
226,1963,0
226,1964,0
226,1965,0
226,1966,0
226,1967,0
226,1968,0
226,1969,0
226,1970,0
226,1971,0
226,1972,0
226,1973,0
226,1974,0
226,1975,0
226,1976,20
226,1977,0
226,1978,0
226,1979,0
226,1980,0
226,1981,0
226,1982,0
226,1983,0
226,1984,0
226,1985,0
226,1986,0
226,1987,0
226,1988,0
226,1989,0
226,1990,0
226,1991,0
226,1992,0
226,1993,0
226,1994,0
226,1995,17
226,1996,7
226,1997,18
226,1998,53
226,1999,0
226,2000,0
226,2001,0
226,2002,0
226,2003,0
226,2004,19
226,2005,0
226,2006,1
226,2007,1474
226,2008,1667
226,2009,3835
226,2010,3938
226,2011,1374
226,2012,798
226,2013,1583
226,2014,1504
226,2015,1302
226,2016,732
226,2017,1572
226,2018,1489
226,2019,113
228,1992,0
228,1993,0
228,1994,0
228,1995,0
228,1996,0
228,1997,0
228,1998,0
228,1999,0
228,2000,0
228,2001,0
228,2002,0
228,2003,0
228,2004,0
228,2005,0
228,2006,0
228,2007,0
228,2008,0
228,2009,0
228,2010,0
228,2011,0
228,2012,0
229,1961,29097
229,1962,19203
229,1963,26209
229,1964,57977
229,1965,72512
229,1966,35994
229,1967,46262
229,1968,22340
229,1969,33964
229,1970,41293
229,1971,24369
229,1972,51299
229,1973,58919
229,1974,29516
229,1975,45822
229,1976,48569
229,1977,112519
229,1978,145258
229,1979,193838
229,1980,121952
229,1981,113333
229,1982,85466
229,1983,46428
229,1984,38956
229,1985,31330
229,1986,43414
229,1987,94719
229,1988,79057
229,1989,88727
229,1990,77861
229,1991,88748
229,1992,110444
229,1993,126217
229,1994,133119
229,1995,103027
229,1996,13276
229,1997,5
229,1998,36
229,1999,4
229,2000,15
229,2001,13
229,2002,0
229,2003,0
229,2004,0
229,2005,0
229,2006,5403
229,2007,5167
229,2008,2734
229,2009,236
229,2010,90
229,2011,801
229,2012,504
229,2013,730
229,2014,6762
229,2015,6368
229,2016,4811
229,2017,5848
229,2018,3327
229,2019,2279
23,1961,0
23,1962,0
23,1963,0
23,1964,3
23,1965,50
23,1966,78
23,1967,70
23,1968,26
23,1969,0
23,1970,5
23,1971,6
23,1972,36
23,1973,45
23,1974,5
23,1975,0
23,1976,9
23,1977,0
23,1978,0
23,1979,45
23,1980,0
23,1981,0
23,1982,9
23,1983,619
23,1984,744
23,1985,210
23,1986,750
23,1987,5
23,1988,64
23,1989,8
23,1990,58
23,1991,0
23,1992,24
23,1993,0
23,1994,0
23,1995,0
23,1996,60
23,1997,104
23,1998,0
23,1999,310
23,2000,143
23,2005,10
23,2006,0
23,2007,0
23,2008,0
23,2009,0
23,2010,0
23,2011,8
23,2012,0
23,2013,28
23,2016,55
23,2017,66
230,1992,80
230,1993,400
230,1994,46000
230,1995,106000
230,1996,37000
230,1997,8551
230,1998,570
230,1999,2100
230,2000,6588
230,2001,1317
230,2002,4001
230,2003,6902
230,2004,2474
230,2005,905
230,2006,4223
230,2007,1692
230,2008,5432
230,2009,8586
230,2010,9
230,2011,6990
230,2012,4818
230,2013,10972
230,2014,12722
230,2015,24319
230,2016,26374
230,2017,37793
230,2018,39314
230,2019,37309
231,1961,9050
231,1962,7830
231,1963,10570
231,1964,17582
231,1965,17083
231,1966,14298
231,1967,21283
231,1968,15252
231,1969,16790
231,1970,29590
231,1971,32635
231,1972,43957
231,1973,126187
231,1974,110099
231,1975,77826
231,1976,93007
231,1977,67862
231,1978,94627
231,1979,69127
231,1980,55728
231,1981,65735
231,1982,50919
231,1983,44405
231,1984,57163
231,1985,122824
231,1986,109890
231,1987,105431
231,1988,202085
231,1989,108939
231,1990,88639
231,1991,187770
231,1992,193842
231,1993,124056
231,1994,186603
231,1995,86427
231,1996,113364
231,1997,176848
231,1998,162906
231,1999,174068
231,2000,271727
231,2001,270798
231,2002,130844
231,2003,64869
231,2004,5852
231,2005,7252
231,2006,26473
231,2007,48097
231,2008,108238
231,2009,58794
231,2010,131926
231,2011,377827
231,2012,403432
231,2013,280808
231,2014,150140
231,2015,98729
231,2016,77399
231,2017,233982
231,2018,251292
231,2019,260560
233,1961,6270
233,1962,6300
233,1963,6800
233,1964,6800
233,1965,12000
233,1966,6067
233,1967,6080
233,1968,6434
233,1969,4416
233,1970,3097
233,1971,4000
233,1972,3600
233,1973,6100
233,1974,6600
233,1975,6800
233,1976,2307
233,1977,6295
233,1978,6784
233,1979,9237
233,1980,10396
233,1981,5884
233,1982,2294
233,1983,1338
233,1984,4659
233,1985,4166
233,1986,3882
233,1987,5040
233,1988,3840
233,1989,3584
233,1990,7108
233,1991,7640
233,1992,9000
233,1993,10000
233,1994,14814
233,1995,18963
233,1996,16673
233,1997,14051
233,1998,13890
233,1999,12887
233,2000,14000
233,2001,16900
233,2002,14650
233,2003,17600
233,2004,18000
233,2005,17000
233,2006,11000
233,2007,11000
233,2008,9000
233,2009,14248
233,2010,8144
233,2011,8978
233,2012,3818
233,2013,3932
233,2014,10137
233,2015,5311
233,2016,1567
233,2017,816
233,2018,1171
233,2019,721
234,1961,370
234,1962,360
234,1963,854
234,1964,790
234,1965,995
234,1966,1115
234,1967,647
234,1968,1142
234,1969,1673
234,1970,1469
234,1971,1963
234,1972,1692
234,1973,1420
234,1974,3362
234,1975,3971
234,1976,6252
234,1977,5481
234,1978,8301
234,1979,8956
234,1980,7371
234,1981,5813
234,1982,8488
234,1983,20027
234,1984,1963
234,1985,854
234,1986,622
234,1987,486
234,1988,2011
234,1989,29931
234,1990,8806
234,1991,1854
234,1992,22861
234,1993,9053
234,1994,34922
234,1995,90747
234,1996,25413
234,1997,26207
234,1998,40893
234,1999,12606
234,2000,13491
234,2001,3899
234,2002,12
234,2003,2486
234,2004,9102
234,2005,4676
234,2006,15146
234,2007,22073
234,2008,60554
234,2009,72462
234,2010,137929
234,2011,80000
234,2012,78565
234,2013,30008
234,2014,140149
234,2015,145584
234,2016,195776
234,2017,221080
234,2018,271040
234,2019,100123
235,2015,0
235,2018,0
236,1961,0
236,1962,0
236,1963,0
236,1964,0
236,1965,0
236,1966,0
236,1967,0
236,1968,0
236,1969,0
236,1970,0
236,1971,0
236,1972,0
236,1973,0
236,1974,0
236,1975,0
236,1976,0
236,1977,0
236,1978,0
236,1979,0
236,1980,0
236,1981,0
236,1982,0
236,1983,0
236,1984,0
236,1985,0
236,1986,0
236,1987,0
236,1988,0
236,1989,0
236,1990,473
236,1991,31
236,1992,0
236,1993,724
236,1994,15428
236,1995,58
236,1996,10406
236,1997,1362
236,1998,56
236,1999,0
236,2000,0
236,2001,0
236,2002,0
236,2003,34
236,2004,0
236,2005,0
236,2006,0
236,2007,0
236,2008,0
236,2009,0
236,2010,0
236,2011,0
236,2012,0
236,2013,0
237,1961,70
237,1962,2
237,1963,50
237,1964,130
237,1965,10
237,1966,0
237,1967,0
237,1968,0
237,1969,0
237,1970,0
237,1971,0
237,1972,0
237,1973,0
237,1974,0
237,1975,0
237,1976,0
237,1977,0
237,1978,0
237,1979,0
237,1980,0
237,1981,0
237,1982,0
237,1983,0
237,1984,0
237,1985,0
237,1986,0
237,1987,0
237,1988,0
237,1989,0
237,1990,0
237,1991,458
237,1992,0
237,1993,0
237,1994,0
237,1995,0
237,1996,0
237,1997,0
237,1998,0
237,1999,0
237,2000,0
237,2001,0
237,2002,0
237,2003,129
237,2004,15
237,2005,0
237,2006,0
237,2007,0
237,2008,0
237,2009,0
237,2010,0
237,2011,0
237,2012,0
237,2013,0
237,2014,1725
237,2015,25348
237,2016,4970
237,2017,2476
237,2018,32
238,1993,683
238,1994,625
238,1995,7
238,1996,0
238,1997,146
238,1998,267
238,1999,133
238,2000,73
238,2001,12
238,2002,285
238,2003,347
238,2004,3850
238,2005,23335
238,2006,31584
238,2007,24350
238,2008,26599
238,2009,36359
238,2010,75139
238,2011,137417
238,2012,95631
238,2013,224473
238,2014,216031
238,2015,174831
238,2016,12347
238,2017,7090
238,2018,4307
238,2019,427
244,1961,0
244,1962,0
244,1963,0
244,1964,0
244,1965,0
244,1966,0
244,1967,0
244,1968,0
244,1969,0
244,1970,0
244,1971,0
244,1972,0
244,1973,0
244,1974,0
244,1975,0
244,1976,0
244,1977,0
244,1978,0
244,1979,0
244,1980,0
244,1981,0
244,1982,0
244,1983,0
244,1984,0
244,1985,0
244,1986,0
244,1987,2
244,1988,0
244,1989,0
244,1990,0
244,1991,0
244,1992,0
244,1993,0
244,1994,0
244,1995,0
244,1996,0
244,1997,0
244,1998,0
244,1999,0
244,2000,0
244,2001,0
244,2002,0
244,2003,0
244,2004,0
244,2005,0
244,2006,0
244,2007,0
244,2008,0
244,2009,0
244,2010,0
244,2011,0
244,2012,0
244,2013,0
248,1961,22602
248,1962,16646
248,1963,21539
248,1964,11449
248,1965,7407
248,1966,13400
248,1967,20161
248,1968,25127
248,1969,21384
248,1970,17176
248,1971,28493
248,1972,56160
248,1973,12198
248,1974,4285
248,1975,21203
248,1976,18023
248,1977,14403
248,1978,19262
248,1979,34623
248,1980,36231
248,1981,69449
248,1982,66473
248,1983,48204
248,1984,49767
248,1985,41698
248,1986,52315
248,1987,125269
248,1988,146178
248,1989,141080
248,1990,116518
248,1991,108000
248,1992,0
248,1993,0
248,1994,0
248,1995,0
248,1996,0
248,1997,0
248,1998,0
248,1999,0
248,2000,0
248,2001,0
248,2002,0
248,2003,0
248,2004,0
248,2005,0
248,2006,0
248,2007,0
248,2008,0
248,2009,0
248,2010,0
248,2011,0
248,2012,0
249,1961,0
249,1962,7
249,1963,0
249,1964,0
249,1965,0
249,1966,0
249,1967,0
249,1968,0
249,1969,0
249,1970,0
249,1971,0
249,1972,68
249,1973,151
249,1974,15
249,1975,0
249,1976,0
249,1977,0
249,1978,0
249,1979,0
249,1980,0
249,1981,4
249,1982,0
249,1983,0
249,1984,0
249,1985,0
249,1986,0
249,1987,0
249,1988,0
249,1989,0
249,1990,0
249,1991,0
249,1992,0
249,1993,0
249,1994,0
249,1995,0
249,1996,0
249,1997,0
249,1998,0
249,1999,0
249,2000,20
249,2001,0
249,2002,0
249,2003,0
249,2004,0
249,2005,0
249,2006,0
249,2007,0
249,2008,0
249,2009,0
249,2010,0
249,2011,0
249,2012,0
249,2013,0
249,2014,1
250,1961,40
250,1962,0
250,1963,0
250,1964,0
250,1965,0
250,1966,0
250,1967,0
250,1968,0
250,1969,0
250,1970,0
250,1971,22
250,1972,1
250,1973,0
250,1974,84
250,1975,210
250,1976,0
250,1977,49
250,1978,0
250,1979,0
250,1980,0
250,1981,0
250,1982,0
250,1983,0
250,1984,0
250,1985,0
250,1986,0
250,1987,0
250,1988,0
250,1989,0
250,1990,0
250,1991,0
250,1992,0
250,1993,0
250,1994,0
250,1995,0
250,1996,0
250,1997,0
250,1998,0
250,1999,0
250,2000,0
250,2001,4
250,2002,11
250,2003,0
250,2004,1
250,2005,17
250,2006,37
250,2007,0
250,2008,0
250,2009,0
250,2010,227
250,2011,0
250,2012,0
250,2013,0
250,2017,7
251,1961,0
251,1962,0
251,1963,0
251,1964,0
251,1965,0
251,1966,0
251,1967,0
251,1968,0
251,1969,0
251,1970,0
251,1971,0
251,1972,0
251,1973,0
251,1974,0
251,1975,0
251,1976,0
251,1977,0
251,1978,0
251,1979,0
251,1980,0
251,1981,0
251,1982,0
251,1983,0
251,1984,2
251,1985,0
251,1986,3
251,1987,3
251,1988,0
251,1989,0
251,1990,0
251,1991,0
251,1992,29
251,1993,0
251,1994,0
251,1995,6
251,1996,0
251,1997,13
251,1998,0
251,1999,2
251,2000,0
251,2001,10
251,2002,22
251,2003,103
251,2004,146
251,2005,15
251,2006,37
251,2007,40
251,2008,78
251,2009,0
251,2010,140
251,2011,6
251,2012,529
251,2013,370
251,2014,126
251,2015,194
251,2016,0
251,2018,125
251,2019,30
255,2000,192338
255,2001,98673
255,2002,143250
255,2003,164935
255,2004,178284
255,2005,187109
255,2006,158016
255,2007,144684
255,2008,164021
255,2009,236502
255,2010,197766
255,2011,148220
255,2012,151116
255,2013,142399
255,2014,133995
255,2015,112309
255,2016,106919
255,2017,129344
255,2018,164236
255,2019,153079
256,2000,18759
256,2001,11004
256,2002,14935
256,2003,15961
256,2004,15245
256,2005,21191
256,2006,23783
256,2007,21140
256,2008,27475
256,2009,28641
256,2010,30216
256,2011,43980
256,2012,33014
256,2013,29016
256,2014,33415
256,2015,28547
256,2016,22903
256,2017,26875
256,2018,26220
256,2019,22525
26,1961,0
26,1962,0
26,1963,0
26,1964,0
26,1965,0
26,1966,0
26,1967,0
26,1968,0
26,1969,0
26,1970,0
26,1971,0
26,1972,0
26,1973,0
26,1974,0
26,1975,0
26,1976,0
26,1977,0
26,1978,0
26,1979,0
26,1980,0
26,1981,0
26,1982,0
26,1983,61
26,1984,128
26,1985,31
26,1986,152
26,1987,0
26,1988,0
26,1989,0
26,1990,0
26,1991,0
26,1992,0
26,1993,0
26,1994,0
26,1995,0
26,1996,0
26,1997,0
26,1998,0
26,1999,0
26,2000,30
26,2001,0
26,2002,47
26,2003,48
26,2004,0
26,2005,0
26,2006,3
26,2007,0
26,2008,0
26,2009,0
26,2010,0
26,2011,0
26,2012,0
26,2013,0
26,2018,6
27,1961,0
27,1962,402
27,1963,1015
27,1964,8409
27,1965,20683
27,1966,12800
27,1967,14100
27,1968,16100
27,1969,10700
27,1970,11000
27,1971,8961
27,1972,9800
27,1973,11000
27,1974,3800
27,1975,6000
27,1976,6000
27,1977,8500
27,1978,6000
27,1979,11000
27,1980,13300
27,1981,3900
27,1982,12000
27,1983,12500
27,1984,11000
27,1985,3380
27,1986,6300
27,1987,9700
27,1988,15000
27,1989,12400
27,1990,17743
27,1991,11695
27,1992,40472
27,1993,15459
27,1994,16664
27,1995,2559
27,1996,858
27,1997,932
27,1998,1256
27,1999,3522
27,2000,11611
27,2001,7664
27,2002,3669
27,2003,5143
27,2004,4414
27,2005,10771
27,2006,20065
27,2007,24663
27,2008,24290
27,2009,19336
27,2010,15533
27,2011,10587
27,2012,10199
27,2013,9706
27,2014,4690
27,2015,13564
27,2016,33270
27,2017,54983
27,2018,29524
27,2019,27951
272,2006,1003
272,2007,15304
272,2008,54209
272,2009,52019
272,2010,57623
272,2011,65198
272,2012,50181
272,2013,37030
272,2014,29458
272,2015,46867
272,2016,27873
272,2017,43112
272,2018,31951
272,2019,29604
276,2009,0
276,2010,0
276,2011,0
276,2012,10390
276,2013,0
276,2015,1
276,2017,51627
276,2018,63072
276,2019,40946
277,2009,0
277,2010,0
277,2011,0
277,2012,0
277,2013,0
28,1961,0
28,1962,0
28,1963,0
28,1964,0
28,1965,0
28,1966,0
28,1967,0
28,1968,0
28,1969,0
28,1970,0
28,1971,0
28,1972,0
28,1973,0
28,1974,0
28,1975,0
28,1976,0
28,1977,0
28,1978,0
28,1979,0
28,1980,0
28,1981,0
28,1982,0
28,1983,0
28,1984,0
28,1985,0
28,1986,140
28,1987,150
28,1988,130
28,1989,90
28,1990,100
28,1991,90
28,1992,100
28,1993,500
28,1994,300
28,1995,950
28,1996,1800
28,1997,1500
28,1998,8000
28,1999,12000
28,2000,9000
28,2001,12600
28,2002,8413
28,2003,5326
28,2004,11810
28,2005,8589
28,2006,4821
28,2007,2912
28,2008,3524
28,2009,2082
28,2010,4955
28,2011,8782
28,2012,8887
28,2013,20960
28,2014,556
28,2015,391
28,2016,24
28,2017,1021
28,2018,319002
28,2019,208640
29,1961,490
29,1962,350
29,1963,350
29,1964,210
29,1965,140
29,1966,140
29,1967,140
29,1968,100
29,1969,150
29,1970,150
29,1971,150
29,1972,150
29,1973,150
29,1974,240
29,1975,1200
29,1976,5000
29,1977,2500
29,1978,1600
29,1979,0
29,1980,0
29,1981,0
29,1982,0
29,1983,0
29,1984,0
29,1985,0
29,1986,0
29,1987,0
29,1988,0
29,1989,0
29,1990,0
29,1991,0
29,1992,0
29,1993,0
29,1994,0
29,1995,0
29,1996,0
29,1997,0
29,1998,0
29,1999,0
29,2000,0
29,2001,0
29,2002,0
29,2003,0
29,2004,0
29,2005,0
29,2006,0
29,2007,0
29,2008,0
29,2009,0
29,2010,0
29,2011,0
29,2012,1
29,2013,0
29,2015,1
29,2016,1
29,2018,9
299,1996,371
299,1997,133
299,1998,311
299,1999,102
299,2000,965
299,2001,300
299,2002,280
299,2003,240
299,2004,240
299,2005,240
299,2006,700
299,2007,1400
299,2008,1400
299,2009,1400
299,2010,1600
299,2011,1500
299,2012,1500
299,2013,1500
299,2018,25
3,2001,18
3,2002,2
3,2003,0
3,2004,0
3,2005,0
3,2006,0
3,2007,0
3,2008,0
3,2009,0
3,2010,0
3,2011,0
3,2012,3
3,2013,0
32,1961,77
32,1962,72
32,1963,67
32,1964,28
32,1965,62
32,1966,63
32,1967,92
32,1968,225
32,1969,160
32,1970,170
32,1971,165
32,1972,269
32,1973,172
32,1974,146
32,1975,225
32,1976,230
32,1977,646
32,1978,1141
32,1979,1027
32,1980,662
32,1981,300
32,1982,741
32,1983,750
32,1984,500
32,1985,195
32,1986,0
32,1987,8
32,1988,32
32,1989,55
32,1990,212
32,1991,127
32,1992,0
32,1993,113
32,1994,430
32,1995,63
32,1996,26
32,1997,2633
32,1998,17899
32,1999,3744
32,2000,19
32,2001,119
32,2002,112
32,2003,229
32,2004,560
32,2005,500
32,2006,500
32,2007,311
32,2008,355
32,2009,321
32,2010,177
32,2011,311
32,2012,3342
32,2013,3342
32,2014,778
32,2015,105
32,2016,70
32,2017,33
33,1961,60510
33,1962,60670
33,1963,35600
33,1964,28200
33,1965,68630
33,1966,65159
33,1967,31814
33,1968,45956
33,1969,41098
33,1970,48338
33,1971,50762
33,1972,68578
33,1973,118705
33,1974,61383
33,1975,65075
33,1976,111171
33,1977,116817
33,1978,144988
33,1979,167808
33,1980,161145
33,1981,140361
33,1982,193415
33,1983,184533
33,1984,207487
33,1985,193622
33,1986,154058
33,1987,184126
33,1988,361531
33,1989,320932
33,1990,592554
33,1991,611987
33,1992,934008
33,1993,935586
33,1994,827804
33,1995,883569
33,1996,1026547
33,1997,965758
33,1998,958872
33,1999,727483
33,2000,766592
33,2001,1073331
33,2002,1167994
33,2003,423735
33,2004,0
33,2005,518561
33,2006,1048222
33,2007,1444886
33,2008,1551512
33,2009,985967
33,2010,1095696
33,2011,899722
33,2012,1083991
33,2013,1289833
33,2014,1776675
33,2015,1313465
33,2016,1037423
33,2017,825053
33,2018,762127
33,2019,925243
35,1961,14
35,1962,14
35,1963,14
35,1964,14
35,1965,17
35,1966,18
35,1967,22
35,1968,32
35,1969,52
35,1970,39
35,1971,58
35,1972,25
35,1973,5
35,1974,0
35,1975,0
35,1976,0
35,1977,0
35,1978,0
35,1979,0
35,1980,0
35,1981,0
35,1982,0
35,1983,0
35,1984,0
35,1985,0
35,1986,0
35,1987,0
35,1988,0
35,1989,0
35,1990,0
35,1991,0
35,1992,0
35,1993,0
35,1994,0
35,1995,0
35,1996,0
35,1997,0
35,1998,0
35,1999,0
35,2000,0
35,2001,0
35,2002,0
35,2003,0
35,2004,0
35,2005,0
35,2006,0
35,2007,0
35,2008,0
35,2009,0
35,2010,0
35,2011,0
35,2012,0
35,2013,0
351,1961,1540
351,1962,1900
351,1963,2430
351,1964,4070
351,1965,7930
351,1966,10163
351,1967,9976
351,1968,9913
351,1969,10214
351,1970,9158
351,1971,9443
351,1972,10657
351,1973,14366
351,1974,16625
351,1975,18271
351,1976,19360
351,1977,20274
351,1978,27473
351,1979,33836
351,1980,40055
351,1981,42063
351,1982,40008
351,1983,31030
351,1984,51295
351,1985,53513
351,1986,56095
351,1987,56807
351,1988,59089
351,1989,61361
351,1990,62863
351,1991,63632
351,1992,63924
351,1993,56140
351,1994,57103
351,1995,56712
351,1996,45709
351,1997,35685
351,1998,41091
351,1999,38797
351,2000,37960
351,2001,33749
351,2002,33107
351,2003,30671
351,2004,35249
351,2005,35038
351,2006,36653
351,2007,37952
351,2008,42539
351,2009,46880
351,2010,47098
351,2011,52048
351,2012,56995
351,2013,57994
351,2014,61241
351,2015,59640
351,2016,61067
351,2017,61811
351,2018,60479
351,2019,56192
37,1961,0
37,1962,0
37,1963,0
37,1964,0
37,1965,0
37,1966,50
37,1967,100
37,1968,50
37,1969,220
37,1970,250
37,1971,120
37,1972,130
37,1973,170
37,1974,240
37,1975,280
37,1976,320
37,1977,400
37,1978,430
37,1979,470
37,1980,530
37,1981,620
37,1982,650
37,1983,700
37,1984,700
37,1985,2500
37,1986,3800
37,1987,9327
37,1988,11037
37,1989,10682
37,1990,16124
37,1991,17000
37,1992,18000
37,1993,18000
37,1994,18000
37,1995,10000
37,1996,9600
37,1997,10000
37,1998,10500
37,1999,11000
37,2000,12000
37,2001,12000
37,2002,15500
37,2003,15000
37,2004,14000
37,2005,15000
37,2006,16000
37,2007,16000
37,2008,16000
37,2009,16000
37,2010,15000
37,2011,15000
37,2012,15600
37,2013,16500
37,2014,16500
37,2015,16500
37,2016,16500
37,2017,16500
37,2018,15000
37,2019,15000
38,1961,0
38,1962,0
38,1963,0
38,1964,0
38,1965,0
38,1966,0
38,1967,0
38,1968,0
38,1969,0
38,1970,0
38,1971,0
38,1972,0
38,1973,0
38,1974,0
38,1975,0
38,1976,0
38,1977,0
38,1978,3
38,1979,0
38,1980,0
38,1981,0
38,1982,6
38,1983,50
38,1984,1
38,1985,0
38,1986,0
38,1987,0
38,1988,0
38,1989,1
38,1990,0
38,1991,0
38,1992,0
38,1993,0
38,1994,0
38,1995,0
38,1996,0
38,1997,0
38,1998,0
38,1999,0
38,2000,0
38,2001,0
38,2002,0
38,2003,0
38,2004,0
38,2005,0
38,2006,0
38,2007,0
38,2008,0
38,2009,0
38,2010,1
38,2011,3
38,2012,8
38,2013,0
39,1961,6760
39,1962,4950
39,1963,4450
39,1964,4160
39,1965,3860
39,1966,5740
39,1967,3990
39,1968,4190
39,1969,6000
39,1970,7000
39,1971,8200
39,1972,9950
39,1973,15720
39,1974,14000
39,1975,21000
39,1976,28000
39,1977,35000
39,1978,44000
39,1979,52000
39,1980,71000
39,1981,80000
39,1982,90000
39,1983,95000
39,1984,78000
39,1985,81697
39,1986,30000
39,1987,36000
39,1988,33000
39,1989,34000
39,1990,21000
39,1991,23000
39,1992,15000
39,1993,16000
39,1994,50000
39,1995,46800
39,1996,42600
39,1997,48000
39,1998,27000
39,1999,33000
39,2000,38500
39,2001,32000
39,2002,41000
39,2003,41000
39,2004,41000
39,2005,41000
39,2006,42000
39,2007,43000
39,2008,43000
39,2009,43000
39,2010,40000
39,2011,28000
39,2012,28500
39,2013,28900
39,2014,28900
39,2015,28900
39,2016,28900
39,2017,28900
39,2018,28900
39,2019,30500
4,2004,0
4,2005,0
4,2006,0
4,2007,0
4,2008,0
4,2009,0
4,2010,0
4,2011,0
4,2012,0
4,2013,0
40,1961,0
40,1962,0
40,1963,0
40,1964,0
40,1965,0
40,1966,2
40,1967,0
40,1968,0
40,1969,0
40,1970,0
40,1971,0
40,1972,0
40,1973,0
40,1974,9
40,1975,27
40,1976,50
40,1977,110
40,1978,102
40,1979,0
40,1980,0
40,1981,0
40,1982,0
40,1983,117
40,1984,62
40,1985,145
40,1986,49
40,1987,213
40,1988,347
40,1989,0
40,1990,0
40,1991,38
40,1992,294
40,1993,377
40,1994,999
40,1995,489
40,1996,234
40,1997,663
40,1998,856
40,1999,624
40,2000,36
40,2001,545
40,2002,537
40,2003,1
40,2004,452
40,2005,0
40,2006,0
40,2007,0
40,2008,0
40,2009,0
40,2010,0
40,2011,43
40,2012,159
40,2013,254
40,2014,955
40,2015,36281
40,2016,17740
40,2017,15830
40,2018,505
40,2019,80
41,1961,1200
41,1962,1530
41,1963,2140
41,1964,3740
41,1965,7660
41,1966,10000
41,1967,9800
41,1968,9600
41,1969,9700
41,1970,8700
41,1971,8900
41,1972,10500
41,1973,14000
41,1974,16000
41,1975,18000
41,1976,19000
41,1977,20000
41,1978,27000
41,1979,33500
41,1980,40000
41,1981,42000
41,1982,40000
41,1983,31000
41,1984,51295
41,1985,53513
41,1986,56095
41,1987,56807
41,1988,59089
41,1989,61361
41,1990,62863
41,1991,63632
41,1992,63924
41,1993,56140
41,1994,57103
41,1995,56712
41,1996,45709
41,1997,35609
41,1998,41091
41,1999,38797
41,2000,37960
41,2001,33749
41,2002,33107
41,2003,30671
41,2004,35249
41,2005,35038
41,2006,36653
41,2007,37952
41,2008,42539
41,2009,46880
41,2010,47098
41,2011,52048
41,2012,56995
41,2013,57994
41,2014,61241
41,2015,59640
41,2016,61066
41,2017,61811
41,2018,60479
41,2019,56192
44,1961,11500
44,1962,13800
44,1963,11500
44,1964,13700
44,1965,17600
44,1966,16500
44,1967,13500
44,1968,17600
44,1969,26600
44,1970,36100
44,1971,40000
44,1972,42000
44,1973,44000
44,1974,82500
44,1975,93500
44,1976,92700
44,1977,77500
44,1978,62000
44,1979,78000
44,1980,63000
44,1981,71000
44,1982,98000
44,1983,0
44,1984,326
44,1985,1076
44,1986,114
44,1987,9
44,1988,107
44,1989,34
44,1990,102
44,1991,28893
44,1992,20723
44,1993,2396
44,1994,81
44,1995,10474
44,1996,868
44,1997,7913
44,1998,62944
44,1999,3159
44,2000,85
44,2001,5445
44,2002,148
44,2003,152
44,2004,159543
44,2005,176538
44,2006,197657
44,2007,117454
44,2008,13770
44,2009,6703
44,2010,18882
44,2011,40263
44,2012,350004
44,2013,289801
44,2014,54508
44,2015,45640
44,2016,50518
44,2017,44889
44,2018,45652
44,2019,55817
45,2002,0
45,2003,0
45,2004,0
45,2005,0
45,2006,0
45,2007,0
45,2008,0
45,2009,0
45,2010,0
45,2011,0
45,2012,0
45,2013,0
48,1961,1926
48,1962,1439
48,1963,674
48,1964,1991
48,1965,2019
48,1966,1633
48,1967,1009
48,1968,481
48,1969,104
48,1970,76
48,1971,271
48,1972,2165
48,1973,1722
48,1974,126
48,1975,5921
48,1976,4936
48,1977,7164
48,1978,1119
48,1979,852
48,1980,1070
48,1981,2569
48,1982,1633
48,1983,750
48,1984,235
48,1985,1112
48,1986,1217
48,1987,1609
48,1988,3711
48,1989,52
48,1990,757
48,1991,805
48,1992,32
48,1993,67
48,1994,578
48,1995,442
48,1996,228
48,1997,196
48,1998,311
48,1999,634
48,2000,233
48,2001,412
48,2002,470
48,2003,352
48,2004,277
48,2005,3927
48,2006,1901
48,2007,803
48,2008,506
48,2009,376
48,2010,407
48,2011,2338
48,2012,2334
48,2013,317
48,2014,386
48,2015,578
48,2016,589
48,2017,391
48,2018,252
48,2019,326
49,1961,0
49,1962,0
49,1963,0
49,1964,0
49,1965,280
49,1966,500
49,1967,0
49,1968,0
49,1969,0
49,1970,0
49,1971,0
49,1972,0
49,1973,0
49,1974,0
49,1975,0
49,1976,0
49,1977,0
49,1978,0
49,1979,0
49,1980,0
49,1981,191
49,1982,795
49,1983,86
49,1984,1506
49,1985,350
49,1986,2246
49,1987,744
49,1988,5831
49,1989,900
49,1990,1000
49,1991,0
49,1992,0
49,1993,0
49,1994,0
49,1995,270
49,1996,0
49,1997,0
49,1998,0
49,1999,5
49,2000,0
49,2001,43
49,2002,30
49,2003,0
49,2004,0
49,2005,0
49,2006,0
49,2007,0
49,2008,0
49,2009,0
49,2010,0
49,2011,0
49,2012,0
49,2013,0
49,2018,2
50,1961,0
50,1962,0
50,1963,0
50,1964,0
50,1965,0
50,1966,0
50,1967,0
50,1968,0
50,1969,0
50,1970,0
50,1971,0
50,1972,0
50,1973,0
50,1974,0
50,1975,0
50,1976,64
50,1977,6
50,1978,2
50,1979,0
50,1980,0
50,1981,0
50,1982,0
50,1983,0
50,1984,0
50,1985,0
50,1986,98
50,1987,0
50,1988,0
50,1989,0
50,1990,0
50,1991,0
50,1992,0
50,1993,0
50,1994,0
50,1995,591
50,1996,542
50,1997,3823
50,1998,1303
50,1999,675
50,2000,0
50,2001,995
50,2002,1
50,2003,0
50,2004,377
50,2005,1335
50,2006,452
50,2007,1519
50,2008,459
50,2009,0
50,2010,0
50,2011,0
50,2012,705
50,2013,2022
50,2014,1686
50,2015,2893
50,2016,236
5000,1961,660663
5000,1962,593466
5000,1963,700752
5000,1964,743111
5000,1965,837854
5000,1966,723746
5000,1967,802128
5000,1968,886927
5000,1969,1020270
5000,1970,1122781
5000,1971,1269640
5000,1972,1884325
5000,1973,2046905
5000,1974,1679604
5000,1975,2116406
5000,1976,2029176
5000,1977,2114086
5000,1978,2738017
5000,1979,3140359
5000,1980,3127763
5000,1981,3122874
5000,1982,3102231
5000,1983,2708427
5000,1984,2482166
5000,1985,2407569
5000,1986,3045862
5000,1987,3393003
5000,1988,3913762
5000,1989,3857346
5000,1990,4252132
5000,1991,4365264
5000,1992,4986728
5000,1993,4762369
5000,1994,5247951
5000,1995,5594729
5000,1996,4609773
5000,1997,4452209
5000,1998,4489556
5000,1999,4263866
5000,2000,4288981
5000,2001,3772500
5000,2002,4255480
5000,2003,4136362
5000,2004,4351437
5000,2005,5083168
5000,2006,6086598
5000,2007,6591051
5000,2008,6822947
5000,2009,6595764
5000,2010,7563915
5000,2011,8391854
5000,2012,8890544
5000,2013,8736453
5000,2014,9605834
5000,2015,8604054
5000,2016,7933683
5000,2017,8649635
5000,2018,9673587
5000,2019,9277987
51,1961,0
51,1962,0
51,1963,0
51,1964,0
51,1965,0
51,1966,0
51,1967,3537
51,1968,14486
51,1969,20479
51,1970,6507
51,1971,4418
51,1972,5034
51,1973,3989
51,1974,35
51,1975,60
51,1976,23
51,1977,3367
51,1978,2444
51,1979,2823
51,1980,1932
51,1981,4585
51,1982,8375
51,1983,7368
51,1984,9940
51,1985,14907
51,1986,10133
51,1987,6140
51,1988,7581
51,1989,9000
51,1990,45000
51,1991,16085
51,1992,94145
51,1993,0
51,1994,0
51,1995,0
51,1996,0
51,1997,0
51,1998,0
51,1999,0
51,2000,0
51,2001,0
51,2002,0
51,2003,0
51,2004,0
51,2005,0
51,2006,0
51,2007,0
51,2008,0
51,2009,0
51,2010,0
51,2011,0
51,2012,0
5100,1961,147017
5100,1962,121866
5100,1963,164018
5100,1964,160273
5100,1965,157580
5100,1966,125506
5100,1967,152810
5100,1968,171729
5100,1969,169715
5100,1970,196229
5100,1971,214784
5100,1972,262595
5100,1973,277837
5100,1974,278900
5100,1975,208322
5100,1976,237712
5100,1977,252055
5100,1978,299045
5100,1979,322498
5100,1980,366506
5100,1981,448101
5100,1982,400095
5100,1983,328006
5100,1984,294685
5100,1985,249357
5100,1986,206135
5100,1987,275656
5100,1988,267452
5100,1989,256688
5100,1990,233192
5100,1991,236411
5100,1992,227785
5100,1993,221498
5100,1994,255113
5100,1995,270520
5100,1996,246893
5100,1997,215046
5100,1998,233628
5100,1999,243316
5100,2000,236451
5100,2001,202161
5100,2002,162501
5100,2003,199139
5100,2004,255552
5100,2005,240690
5100,2006,272144
5100,2007,322988
5100,2008,305351
5100,2009,339343
5100,2010,356838
5100,2011,399014
5100,2012,448221
5100,2013,582771
5100,2014,561659
5100,2015,579085
5100,2016,302400
5100,2017,526575
5100,2018,490331
5100,2019,378681
5101,1961,3180
5101,1962,4440
5101,1963,5258
5101,1964,5000
5101,1965,4222
5101,1966,3965
5101,1967,4040
5101,1968,3845
5101,1969,4938
5101,1970,5594
5101,1971,7231
5101,1972,8577
5101,1973,11422
5101,1974,13632
5101,1975,24883
5101,1976,33459
5101,1977,18680
5101,1978,21814
5101,1979,24209
5101,1980,32517
5101,1981,34984
5101,1982,52269
5101,1983,26333
5101,1984,12916
5101,1985,17477
5101,1986,20529
5101,1987,34908
5101,1988,19285
5101,1989,17726
5101,1990,21839
5101,1991,12785
5101,1992,8466
5101,1993,7879
5101,1994,8961
5101,1995,11115
5101,1996,5546
5101,1997,33739
5101,1998,45001
5101,1999,45346
5101,2000,33906
5101,2001,20714
5101,2002,30657
5101,2003,32949
5101,2004,26037
5101,2005,51728
5101,2006,58479
5101,2007,82600
5101,2008,63062
5101,2009,87604
5101,2010,115165
5101,2011,199481
5101,2012,172059
5101,2013,308412
5101,2014,317345
5101,2015,289821
5101,2016,63296
5101,2017,113353
5101,2018,55419
5101,2019,30347
5102,1961,6887
5102,1962,5032
5102,1963,4521
5102,1964,4192
5102,1965,3922
5102,1966,5853
5102,1967,4235
5102,1968,4491
5102,1969,6443
5102,1970,7472
5102,1971,8581
5102,1972,10411
5102,1973,16161
5102,1974,14517
5102,1975,21715
5102,1976,28550
5102,1977,36095
5102,1978,45571
5102,1979,53497
5102,1980,72192
5102,1981,80920
5102,1982,91391
5102,1983,96450
5102,1984,79200
5102,1985,84392
5102,1986,33800
5102,1987,45335
5102,1988,44069
5102,1989,44737
5102,1990,37336
5102,1991,40127
5102,1992,33000
5102,1993,34113
5102,1994,68430
5102,1995,56863
5102,1996,52226
5102,1997,60633
5102,1998,55399
5102,1999,47744
5102,2000,50519
5102,2001,44123
5102,2002,56669
5102,2003,56245
5102,2004,55561
5102,2005,56517
5102,2006,58537
5102,2007,59311
5102,2008,59355
5102,2009,59321
5102,2010,55404
5102,2011,43311
5102,2012,47442
5102,2013,48746
5102,2014,46178
5102,2015,45507
5102,2016,45470
5102,2017,45441
5102,2018,43900
5102,2019,45500
5103,1961,2380
5103,1962,540
5103,1963,1570
5103,1964,862
5103,1965,830
5103,1966,1597
5103,1967,830
5103,1968,813
5103,1969,912
5103,1970,2215
5103,1971,2515
5103,1972,1922
5103,1973,2474
5103,1974,4993
5103,1975,409
5103,1976,442
5103,1977,3268
5103,1978,2807
5103,1979,4035
5103,1980,4019
5103,1981,5745
5103,1982,2671
5103,1983,7067
5103,1984,5380
5103,1985,5798
5103,1986,1704
5103,1987,0
5103,1988,6000
5103,1989,3724
5103,1990,7708
5103,1991,8903
5103,1992,6085
5103,1993,6009
5103,1994,6000
5103,1995,900
5103,1996,3477
5103,1997,625
5103,1998,786
5103,1999,3
5103,2000,55
5103,2001,0
5103,2002,590
5103,2003,52
5103,2004,0
5103,2005,447
5103,2006,520
5103,2007,1500
5103,2008,776
5103,2009,5216
5103,2010,1500
5103,2011,350
5103,2012,10390
5103,2013,7
5103,2014,12
5103,2015,2
5103,2016,156
5103,2017,51627
5103,2018,63477
5103,2019,43101
5104,1961,104350
5104,1962,80220
5104,1963,117860
5104,1964,113480
5104,1965,105402
5104,1966,78363
5104,1967,106464
5104,1968,117916
5104,1969,110304
5104,1970,129269
5104,1971,148213
5104,1972,184641
5104,1973,190818
5104,1974,194367
5104,1975,108464
5104,1976,114642
5104,1977,92915
5104,1978,106046
5104,1979,103633
5104,1980,107205
5104,1981,148475
5104,1982,78718
5104,1983,54590
5104,1984,45439
5104,1985,31174
5104,1986,38581
5104,1987,70535
5104,1988,67886
5104,1989,60869
5104,1990,44199
5104,1991,43655
5104,1992,41424
5104,1993,47497
5104,1994,75308
5104,1995,70504
5104,1996,87121
5104,1997,21898
5104,1998,40655
5104,1999,48778
5104,2000,8441
5104,2001,13421
5104,2002,14836
5104,2003,27413
5104,2004,44372
5104,2005,73759
5104,2006,69390
5104,2007,79919
5104,2008,49819
5104,2009,51546
5104,2010,46118
5104,2011,52687
5104,2012,77656
5104,2013,105892
5104,2014,65660
5104,2015,121741
5104,2016,66302
5104,2017,176929
5104,2018,195337
5104,2019,132309
5105,1961,30220
5105,1962,31634
5105,1963,34809
5105,1964,36739
5105,1965,43204
5105,1966,35728
5105,1967,37241
5105,1968,44664
5105,1969,47118
5105,1970,51679
5105,1971,48244
5105,1972,57044
5105,1973,56962
5105,1974,51391
5105,1975,52851
5105,1976,60619
5105,1977,101097
5105,1978,122807
5105,1979,137124
5105,1980,150573
5105,1981,177977
5105,1982,175046
5105,1983,143566
5105,1984,151750
5105,1985,110516
5105,1986,111521
5105,1987,124878
5105,1988,130212
5105,1989,129632
5105,1990,122110
5105,1991,130941
5105,1992,138810
5105,1993,126000
5105,1994,96414
5105,1995,131138
5105,1996,98523
5105,1997,98151
5105,1998,91787
5105,1999,101445
5105,2000,143530
5105,2001,123903
5105,2002,59749
5105,2003,82480
5105,2004,129582
5105,2005,58239
5105,2006,85218
5105,2007,99658
5105,2008,132339
5105,2009,135656
5105,2010,138651
5105,2011,103185
5105,2012,140674
5105,2013,119714
5105,2014,132464
5105,2015,122014
5105,2016,127176
5105,2017,139225
5105,2018,132198
5105,2019,127424
52,2003,3
52,2004,0
52,2005,0
52,2006,0
52,2007,0
52,2008,0
52,2009,0
52,2010,0
52,2011,0
52,2012,0
52,2013,0
52,2015,25
52,2017,0
52,2019,18
5200,1961,153440
5200,1962,167595
5200,1963,131408
5200,1964,112399
5200,1965,172161
5200,1966,170944
5200,1967,152430
5200,1968,173268
5200,1969,189907
5200,1970,222717
5200,1971,232125
5200,1972,303404
5200,1973,407259
5200,1974,334129
5200,1975,296170
5200,1976,414476
5200,1977,380874
5200,1978,554979
5200,1979,619002
5200,1980,452790
5200,1981,407838
5200,1982,508745
5200,1983,383846
5200,1984,395457
5200,1985,469913
5200,1986,549938
5200,1987,496758
5200,1988,790643
5200,1989,685215
5200,1990,1102032
5200,1991,1216596
5200,1992,1519438
5200,1993,1549223
5200,1994,1506968
5200,1995,1707427
5200,1996,1349465
5200,1997,1437099
5200,1998,1469981
5200,1999,1248435
5200,2000,1510521
5200,2001,1834193
5200,2002,1702656
5200,2003,1009364
5200,2004,778559
5200,2005,1332196
5200,2006,2074436
5200,2007,2440524
5200,2008,2455669
5200,2009,1985650
5200,2010,2607874
5200,2011,2697297
5200,2012,3279596
5200,2013,3181464
5200,2014,3607660
5200,2015,2765132
5200,2016,2280405
5200,2017,2321028
5200,2018,2634010
5200,2019,2532041
5203,1961,69560
5203,1962,68500
5203,1963,46170
5203,1964,45782
5203,1965,85713
5203,1966,79457
5203,1967,53097
5203,1968,61208
5203,1969,57888
5203,1970,77928
5203,1971,83397
5203,1972,112535
5203,1973,244892
5203,1974,171482
5203,1975,142901
5203,1976,204178
5203,1977,184679
5203,1978,239615
5203,1979,236935
5203,1980,216873
5203,1981,206096
5203,1982,244334
5203,1983,228938
5203,1984,264650
5203,1985,316446
5203,1986,263948
5203,1987,289557
5203,1988,563616
5203,1989,429871
5203,1990,681193
5203,1991,799757
5203,1992,1127850
5203,1993,1059642
5203,1994,1014407
5203,1995,969996
5203,1996,1139911
5203,1997,1142606
5203,1998,1121778
5203,1999,901551
5203,2000,1038319
5203,2001,1344129
5203,2002,1298838
5203,2003,488604
5203,2004,5852
5203,2005,525813
5203,2006,1074695
5203,2007,1492983
5203,2008,1659750
5203,2009,1044761
5203,2010,1227622
5203,2011,1277549
5203,2012,1487423
5203,2013,1570641
5203,2014,1926815
5203,2015,1412194
5203,2016,1114822
5203,2017,1059035
5203,2018,1013419
5203,2019,1185803
5204,1961,48499
5204,1962,57647
5204,1963,41661
5204,1964,28387
5204,1965,43218
5204,1966,47783
5204,1967,43155
5204,1968,59830
5204,1969,70521
5204,1970,80775
5204,1971,76017
5204,1972,120857
5204,1973,93916
5204,1974,57630
5204,1975,36298
5204,1976,90047
5204,1977,89145
5204,1978,209799
5204,1979,269865
5204,1980,150008
5204,1981,112653
5204,1982,143598
5204,1983,128537
5204,1984,124882
5204,1985,149377
5204,1986,268797
5204,1987,196194
5204,1988,214567
5204,1989,215032
5204,1990,357215
5204,1991,364238
5204,1992,340401
5204,1993,464419
5204,1994,375695
5204,1995,539862
5204,1996,133262
5204,1997,214236
5204,1998,221973
5204,1999,317892
5204,2000,445834
5204,2001,479862
5204,2002,398479
5204,2003,515765
5204,2004,595616
5204,2005,592522
5204,2006,711353
5204,2007,540628
5204,2008,329397
5204,2009,415212
5204,2010,563043
5204,2011,853908
5204,2012,775835
5204,2013,572367
5204,2014,808566
5204,2015,910246
5204,2016,689642
5204,2017,703323
5204,2018,767708
5204,2019,830089
5206,1961,749
5206,1962,230
5206,1963,144
5206,1964,114
5206,1965,411
5206,1966,849
5206,1967,637
5206,1968,828
5206,1969,224
5206,1970,181
5206,1971,47
5206,1972,116
5206,1973,88
5206,1974,185
5206,1975,48
5206,1976,29
5206,1977,153
5206,1978,391
5206,1979,195
5206,1980,416
5206,1981,746
5206,1982,1215
5206,1983,296
5206,1984,1790
5206,1985,625
5206,1986,2368
5206,1987,800
5206,1988,6098
5206,1989,947
5206,1990,1029
5206,1991,5
5206,1992,49
5206,1993,57
5206,1994,195
5206,1995,461
5206,1996,28
5206,1997,5
5206,1998,0
5206,1999,31
5206,2000,1
5206,2001,54
5206,2002,30
5206,2003,32
5206,2004,1
5206,2005,0
5206,2006,1
5206,2007,0
5206,2008,0
5206,2009,0
5206,2010,0
5206,2011,0
5206,2012,603
5206,2013,564
5206,2014,104
5206,2015,74
5206,2016,70
5206,2017,62
5206,2018,71
5206,2019,53
5207,1961,34632
5207,1962,41218
5207,1963,43433
5207,1964,38116
5207,1965,42819
5207,1966,42855
5207,1967,55541
5207,1968,51402
5207,1969,61274
5207,1970,63833
5207,1971,72664
5207,1972,69896
5207,1973,68363
5207,1974,104832
5207,1975,116923
5207,1976,120222
5207,1977,106897
5207,1978,105174
5207,1979,112007
5207,1980,85493
5207,1981,88343
5207,1982,119598
5207,1983,26075
5207,1984,4135
5207,1985,3465
5207,1986,14825
5207,1987,10207
5207,1988,6362
5207,1989,39365
5207,1990,62595
5207,1991,52596
5207,1992,51138
5207,1993,25105
5207,1994,116671
5207,1995,197108
5207,1996,76264
5207,1997,80252
5207,1998,126230
5207,1999,28961
5207,2000,26368
5207,2001,10148
5207,2002,5309
5207,2003,4963
5207,2004,177090
5207,2005,213861
5207,2006,288387
5207,2007,406913
5207,2008,466522
5207,2009,525677
5207,2010,817209
5207,2011,565840
5207,2012,1015735
5207,2013,1037892
5207,2014,872175
5207,2015,442618
5207,2016,475871
5207,2017,558608
5207,2018,852812
5207,2019,516096
53,2004,4
53,2005,0
53,2006,0
53,2007,11
53,2008,0
53,2009,6
53,2010,0
53,2011,0
53,2012,1
53,2013,0
5300,1961,20044
5300,1962,23094
5300,1963,19605
5300,1964,19664
5300,1965,27775
5300,1966,31443
5300,1967,29849
5300,1968,32687
5300,1969,39342
5300,1970,30556
5300,1971,28046
5300,1972,33411
5300,1973,33589
5300,1974,57222
5300,1975,47973
5300,1976,46315
5300,1977,50348
5300,1978,54274
5300,1979,59609
5300,1980,63994
5300,1981,76248
5300,1982,120177
5300,1983,97114
5300,1984,91692
5300,1985,86618
5300,1986,89292
5300,1987,91926
5300,1988,96345
5300,1989,104568
5300,1990,93267
5300,1991,81191
5300,1992,89665
5300,1993,88132
5300,1994,88136
5300,1995,95849
5300,1996,60312
5300,1997,56068
5300,1998,58347
5300,1999,60598
5300,2000,58007
5300,2001,55586
5300,2002,50184
5300,2003,55007
5300,2004,57134
5300,2005,50897
5300,2006,46318
5300,2007,50271
5300,2008,81518
5300,2009,130875
5300,2010,143947
5300,2011,152511
5300,2012,175709
5300,2013,249628
5300,2014,218185
5300,2015,240882
5300,2016,194322
5300,2017,208432
5300,2018,581301
5300,2019,715162
5301,1993,1400
5301,1994,0
5301,1995,2818
5301,1996,1628
5301,1997,894
5301,1998,231
5301,1999,56
5301,2000,19
5301,2001,1
5301,2002,2
5301,2003,3
5301,2004,1201
5301,2005,1351
5301,2006,1664
5301,2007,4034
5301,2008,3665
5301,2009,3000
5301,2010,1719
5301,2011,6103
5301,2012,4409
5301,2013,4591
5301,2014,2678
5301,2015,5660
5301,2016,2904
5301,2017,2786
5301,2018,23116
5301,2019,82094
5302,1961,13970
5302,1962,12520
5302,1963,8930
5302,1964,10090
5302,1965,14371
5302,1966,18229
5302,1967,17637
5302,1968,17317
5302,1969,16578
5302,1970,13322
5302,1971,14581
5302,1972,16786
5302,1973,20750
5302,1974,26960
5302,1975,34973
5302,1976,35491
5302,1977,36282
5302,1978,41622
5302,1979,45850
5302,1980,53135
5302,1981,50651
5302,1982,49406
5302,1983,44073
5302,1984,61273
5302,1985,61930
5302,1986,67754
5302,1987,71311
5302,1988,72101
5302,1989,72593
5302,1990,72457
5302,1991,67806
5302,1992,67564
5302,1993,56374
5302,1994,57474
5302,1995,61103
5302,1996,45889
5302,1997,41042
5302,1998,42474
5302,1999,39481
5302,2000,37989
5302,2001,33852
5302,2002,33107
5302,2003,30671
5302,2004,35249
5302,2005,35039
5302,2006,36653
5302,2007,37952
5302,2008,42614
5302,2009,46880
5302,2010,47098
5302,2011,52048
5302,2012,56995
5302,2013,57994
5302,2014,61241
5302,2015,59662
5302,2016,61067
5302,2017,61811
5302,2018,60479
5302,2019,56192
5303,1961,154
5303,1962,451
5303,1963,383
5303,1964,693
5303,1965,1453
5303,1966,695
5303,1967,972
5303,1968,274
5303,1969,1059
5303,1970,517
5303,1971,748
5303,1972,290
5303,1973,190
5303,1974,255
5303,1975,323
5303,1976,784
5303,1977,3867
5303,1978,3288
5303,1979,2843
5303,1980,7074
5303,1981,4870
5303,1982,7766
5303,1983,17772
5303,1984,7440
5303,1985,20506
5303,1986,16486
5303,1987,16430
5303,1988,17735
5303,1989,15611
5303,1990,7822
5303,1991,5849
5303,1992,7790
5303,1993,7334
5303,1994,6730
5303,1995,7279
5303,1996,512
5303,1997,475
5303,1998,65
5303,1999,481
5303,2000,2064
5303,2001,1299
5303,2002,4089
5303,2003,15108
5303,2004,3416
5303,2005,25
5303,2006,161
5303,2007,139
5303,2008,67
5303,2009,445
5303,2010,18594
5303,2011,19755
5303,2012,16442
5303,2013,13012
5303,2014,18360
5303,2015,416
5303,2016,13757
5303,2017,13019
5303,2018,925
5303,2019,25
5304,1961,880
5304,1962,2352
5304,1963,2699
5304,1964,1891
5304,1965,1376
5304,1966,1683
5304,1967,2231
5304,1968,2560
5304,1969,3953
5304,1970,2808
5304,1971,2761
5304,1972,4296
5304,1973,6503
5304,1974,13990
5304,1975,8149
5304,1976,6561
5304,1977,7395
5304,1978,6331
5304,1979,5434
5304,1980,3594
5304,1981,946
5304,1982,843
5304,1983,2107
5304,1984,1235
5304,1985,648
5304,1986,365
5304,1987,3000
5304,1988,5819
5304,1989,15137
5304,1990,12392
5304,1991,7063
5304,1992,13845
5304,1993,22775
5304,1994,21873
5304,1995,23530
5304,1996,10179
5304,1997,9562
5304,1998,13493
5304,1999,19038
5304,2000,15848
5304,2001,14538
5304,2002,11530
5304,2003,7516
5304,2004,14993
5304,2005,11276
5304,2006,5829
5304,2007,4345
5304,2008,29092
5304,2009,55679
5304,2010,54498
5304,2011,43453
5304,2012,51880
5304,2013,102554
5304,2014,78600
5304,2015,119100
5304,2016,74320
5304,2017,83270
5304,2018,461469
5304,2019,541440
5305,1961,5040
5305,1962,7771
5305,1963,7593
5305,1964,6990
5305,1965,10575
5305,1966,10836
5305,1967,9009
5305,1968,12536
5305,1969,17752
5305,1970,13909
5305,1971,9956
5305,1972,12039
5305,1973,6146
5305,1974,16017
5305,1975,4528
5305,1976,3479
5305,1977,2804
5305,1978,3033
5305,1979,5482
5305,1980,191
5305,1981,19781
5305,1982,62162
5305,1983,33162
5305,1984,21744
5305,1985,3534
5305,1986,4687
5305,1987,1185
5305,1988,690
5305,1989,1227
5305,1990,596
5305,1991,473
5305,1992,466
5305,1993,249
5305,1994,2059
5305,1995,1119
5305,1996,2104
5305,1997,4095
5305,1998,2084
5305,1999,1542
5305,2000,2087
5305,2001,5896
5305,2002,1456
5305,2003,1709
5305,2004,2275
5305,2005,3206
5305,2006,2011
5305,2007,3801
5305,2008,6080
5305,2009,24871
5305,2010,22038
5305,2011,31152
5305,2012,45983
5305,2013,71477
5305,2014,57306
5305,2015,56044
5305,2016,42274
5305,2017,47546
5305,2018,35312
5305,2019,35411
54,1961,66930
54,1962,56340
54,1963,65610
54,1964,65700
54,1965,71520
54,1966,41358
54,1967,26216
54,1968,34272
54,1969,46545
54,1970,32675
54,1971,23258
54,1972,17648
54,1973,20670
54,1974,20422
54,1975,22412
54,1976,16204
54,1977,15133
54,1978,15753
54,1979,16012
54,1980,9676
54,1981,13249
54,1982,7580
54,1983,7494
54,1984,7287
54,1985,8963
54,1986,7647
54,1987,7320
54,1988,9931
54,1989,12075
54,1990,11537
54,1991,11839
54,1992,17703
54,1993,16749
54,1994,28102
54,1995,29530
54,1996,22747
54,1997,21546
54,1998,30717
54,1999,29543
54,2000,25762
54,2001,27002
54,2002,13815
54,2003,17678
54,2004,18742
54,2005,22558
54,2006,16962
54,2007,21100
54,2008,7613
54,2009,5621
54,2010,6636
54,2011,24733
54,2012,55542
54,2013,49320
54,2014,66744
54,2015,51523
54,2016,47351
54,2017,76079
54,2018,80492
54,2019,109072
5400,1961,339231
5400,1962,280041
5400,1963,384948
5400,1964,450072
5400,1965,479212
5400,1966,394430
5400,1967,465680
5400,1968,508070
5400,1969,620028
5400,1970,671996
5400,1971,793309
5400,1972,1282280
5400,1973,1320741
5400,1974,992365
5400,1975,1557158
5400,1976,1322488
5400,1977,1420085
5400,1978,1813552
5400,1979,2109301
5400,1980,2213306
5400,1981,2141879
5400,1982,2017572
5400,1983,1857302
5400,1984,1666296
5400,1985,1578284
5400,1986,2158664
5400,1987,2479942
5400,1988,2712023
5400,1989,2750847
5400,1990,2774639
5400,1991,2775964
5400,1992,3087011
5400,1993,2844668
5400,1994,3304418
5400,1995,3356239
5400,1996,2644062
5400,1997,2387316
5400,1998,2539683
5400,1999,2439137
5400,2000,2199420
5400,2001,1394312
5400,2002,2002388
5400,2003,2543229
5400,2004,2843400
5400,2005,3103923
5400,2006,3323141
5400,2007,3314888
5400,2008,3413174
5400,2009,3598924
5400,2010,3796246
5400,2011,4512577
5400,2012,4271822
5400,2013,3935730
5400,2014,3926146
5400,2015,3882319
5400,2016,4026524
5400,2017,4650368
5400,2018,4858771
5400,2019,4360224
5401,1961,23796
5401,1962,25899
5401,1963,37588
5401,1964,51770
5401,1965,88441
5401,1966,87546
5401,1967,90413
5401,1968,101640
5401,1969,144234
5401,1970,147080
5401,1971,153415
5401,1972,250703
5401,1973,312554
5401,1974,193254
5401,1975,184993
5401,1976,163140
5401,1977,197642
5401,1978,202204
5401,1979,267533
5401,1980,212332
5401,1981,178682
5401,1982,193403
5401,1983,194566
5401,1984,170311
5401,1985,130582
5401,1986,141004
5401,1987,213648
5401,1988,267000
5401,1989,237863
5401,1990,309752
5401,1991,260445
5401,1992,308301
5401,1993,224772
5401,1994,294380
5401,1995,337133
5401,1996,212368
5401,1997,193596
5401,1998,201260
5401,1999,188547
5401,2000,211568
5401,2001,156919
5401,2002,204588
5401,2003,249638
5401,2004,378586
5401,2005,496463
5401,2006,577024
5401,2007,577675
5401,2008,618755
5401,2009,652640
5401,2010,677796
5401,2011,810104
5401,2012,814392
5401,2013,699271
5401,2014,627762
5401,2015,698612
5401,2016,809314
5401,2017,837032
5401,2018,789188
5401,2019,782632
5402,1961,219993
5402,1962,177363
5402,1963,210894
5402,1964,281641
5402,1965,270712
5402,1966,199935
5402,1967,193380
5402,1968,171682
5402,1969,187732
5402,1970,184093
5402,1971,191678
5402,1972,248343
5402,1973,265258
5402,1974,203054
5402,1975,317193
5402,1976,208565
5402,1977,355216
5402,1978,464859
5402,1979,441542
5402,1980,474690
5402,1981,461399
5402,1982,293944
5402,1983,298283
5402,1984,273448
5402,1985,234974
5402,1986,272596
5402,1987,278321
5402,1988,321831
5402,1989,259456
5402,1990,284409
5402,1991,214594
5402,1992,260781
5402,1993,306492
5402,1994,360426
5402,1995,311360
5402,1996,126661
5402,1997,42927
5402,1998,92542
5402,1999,174913
5402,2000,161467
5402,2001,61293
5402,2002,55703
5402,2003,84282
5402,2004,77867
5402,2005,117982
5402,2006,162603
5402,2007,203220
5402,2008,196427
5402,2009,237598
5402,2010,269080
5402,2011,311452
5402,2012,304508
5402,2013,260975
5402,2014,303748
5402,2015,231443
5402,2016,232102
5402,2017,282432
5402,2018,315350
5402,2019,344183
5403,1961,22851
5403,1962,16902
5403,1963,22031
5403,1964,11838
5403,1965,7677
5403,1966,14142
5403,1967,20494
5403,1968,25606
5403,1969,21940
5403,1970,17778
5403,1971,29032
5403,1972,57177
5403,1973,16313
5403,1974,8510
5403,1975,23561
5403,1976,19332
5403,1977,15248
5403,1978,20672
5403,1979,37265
5403,1980,40380
5403,1981,82736
5403,1982,80615
5403,1983,56830
5403,1984,64646
5403,1985,50248
5403,1986,58884
5403,1987,133606
5403,1988,155646
5403,1989,155337
5403,1990,136089
5403,1991,125134
5403,1992,128743
5403,1993,70559
5403,1994,98660
5403,1995,138874
5403,1996,141643
5403,1997,137636
5403,1998,130350
5403,1999,127016
5403,2000,123186
5403,2001,68259
5403,2002,80097
5403,2003,87287
5403,2004,125949
5403,2005,126733
5403,2006,119744
5403,2007,135852
5403,2008,228471
5403,2009,192057
5403,2010,285595
5403,2011,333863
5403,2012,442840
5403,2013,438874
5403,2014,430622
5403,2015,521000
5403,2016,616423
5403,2017,740446
5403,2018,881574
5403,2019,653020
5404,1961,72591
5404,1962,59877
5404,1963,114435
5404,1964,104823
5404,1965,112382
5404,1966,92807
5404,1967,161393
5404,1968,209142
5404,1969,266122
5404,1970,323045
5404,1971,419184
5404,1972,726057
5404,1973,726616
5404,1974,587547
5404,1975,1031411
5404,1976,931451
5404,1977,851979
5404,1978,1125817
5404,1979,1362961
5404,1980,1485904
5404,1981,1419062
5404,1982,1449609
5404,1983,1307623
5404,1984,1157891
5404,1985,1162480
5404,1986,1686180
5404,1987,1854367
5404,1988,1967546
5404,1989,2098191
5404,1990,2044389
5404,1991,2175791
5404,1992,2389186
5404,1993,2242845
5404,1994,2550952
5404,1995,2568872
5404,1996,2163390
5404,1997,2013157
5404,1998,2115531
5404,1999,1948661
5404,2000,1703198
5404,2001,1107841
5404,2002,1662000
5404,2003,2122022
5404,2004,2260998
5404,2005,2362745
5404,2006,2463770
5404,2007,2398141
5404,2008,2369521
5404,2009,2516629
5404,2010,2563775
5404,2011,3057158
5404,2012,2710082
5404,2013,2536610
5404,2014,2564014
5404,2015,2431264
5404,2016,2368685
5404,2017,2790458
5404,2018,2872659
5404,2019,2580389
55,1961,0
55,1962,0
55,1963,0
55,1964,0
55,1965,0
55,1966,0
55,1967,0
55,1968,0
55,1969,0
55,1970,0
55,1971,0
55,1972,0
55,1973,0
55,1974,0
55,1975,0
55,1976,0
55,1977,0
55,1978,1
55,1979,0
55,1980,0
55,1981,0
55,1982,0
55,1983,0
55,1984,0
55,1985,0
55,1986,0
55,1987,0
55,1988,0
55,1989,0
55,1990,0
55,1991,0
55,1992,0
55,1993,0
55,1994,0
55,1995,0
55,1996,0
55,1997,0
55,1998,0
55,1999,0
55,2000,0
55,2001,0
55,2002,0
55,2003,0
55,2004,0
55,2005,0
55,2006,0
55,2007,0
55,2008,0
55,2009,0
55,2010,0
55,2011,0
55,2012,0
55,2013,0
5500,1961,931
5500,1962,870
5500,1963,773
5500,1964,703
5500,1965,1126
5500,1966,1423
5500,1967,1359
5500,1968,1173
5500,1969,1278
5500,1970,1283
5500,1971,1376
5500,1972,2635
5500,1973,7479
5500,1974,16988
5500,1975,6783
5500,1976,8185
5500,1977,10724
5500,1978,16167
5500,1979,29949
5500,1980,31167
5500,1981,48808
5500,1982,55642
5500,1983,42158
5500,1984,34037
5500,1985,23397
5500,1986,41832
5500,1987,48721
5500,1988,47299
5500,1989,60028
5500,1990,49002
5500,1991,55102
5500,1992,62829
5500,1993,58848
5500,1994,93316
5500,1995,164694
5500,1996,309041
5500,1997,356680
5500,1998,187917
5500,1999,272380
5500,2000,284582
5500,2001,286248
5500,2002,337751
5500,2003,329623
5500,2004,416792
5500,2005,355462
5500,2006,370559
5500,2007,462380
5500,2008,567235
5500,2009,540972
5500,2010,659010
5500,2011,630455
5500,2012,715196
5500,2013,786860
5500,2014,1292184
5500,2015,1136636
5500,2016,1130032
5500,2017,943232
5500,2018,1109174
5500,2019,1291879
5501,1961,931
5501,1962,870
5501,1963,773
5501,1964,703
5501,1965,1126
5501,1966,1387
5501,1967,1359
5501,1968,1173
5501,1969,1276
5501,1970,1281
5501,1971,1370
5501,1972,2627
5501,1973,7442
5501,1974,16939
5501,1975,6748
5501,1976,8043
5501,1977,10701
5501,1978,16130
5501,1979,29913
5501,1980,31141
5501,1981,48350
5501,1982,55642
5501,1983,41991
5501,1984,34036
5501,1985,23396
5501,1986,41832
5501,1987,48719
5501,1988,47299
5501,1989,60028
5501,1990,49002
5501,1991,55102
5501,1992,62822
5501,1993,58848
5501,1994,93316
5501,1995,164694
5501,1996,309041
5501,1997,356680
5501,1998,187853
5501,1999,272380
5501,2000,284582
5501,2001,286248
5501,2002,337751
5501,2003,329602
5501,2004,416257
5501,2005,355453
5501,2006,370558
5501,2007,462380
5501,2008,567235
5501,2009,540970
5501,2010,659005
5501,2011,630448
5501,2012,715181
5501,2013,786854
5501,2014,1292184
5501,2015,1136636
5501,2016,1130032
5501,2017,943232
5501,2018,1109174
5501,2019,1291879
5502,1961,0
5502,1962,0
5502,1963,0
5502,1964,0
5502,1965,0
5502,1966,36
5502,1967,0
5502,1968,0
5502,1969,2
5502,1970,2
5502,1971,6
5502,1972,8
5502,1973,37
5502,1974,49
5502,1975,35
5502,1976,142
5502,1977,23
5502,1978,37
5502,1979,36
5502,1980,26
5502,1981,458
5502,1982,0
5502,1983,167
5502,1984,1
5502,1985,1
5502,1986,0
5502,1987,0
5502,1988,0
5502,1989,0
5502,1990,0
5502,1991,0
5502,1992,7
5502,1993,0
5502,1994,0
5502,1995,0
5502,1996,0
5502,1997,0
5502,1998,64
5502,1999,0
5502,2000,0
5502,2001,0
5502,2002,0
5502,2003,21
5502,2004,535
5502,2005,9
5502,2006,1
5502,2007,0
5502,2008,0
5502,2009,2
5502,2010,4
5502,2011,7
5502,2012,15
5502,2013,6
5504,1961,0
5504,1962,0
5504,1963,0
5504,1964,0
5504,1965,0
5504,1966,0
5504,1967,0
5504,1968,0
5504,1969,0
5504,1970,0
5504,1971,0
5504,1972,0
5504,1973,0
5504,1974,0
5504,1975,0
5504,1976,0
5504,1977,0
5504,1978,0
5504,1979,0
5504,1980,0
5504,1981,0
5504,1982,0
5504,1983,0
5504,1984,0
5504,1985,0
5504,1986,0
5504,1987,2
5504,1988,0
5504,1989,0
5504,1990,0
5504,1991,0
5504,1992,0
5504,1993,0
5504,1994,0
5504,1995,0
5504,1996,0
5504,1997,0
5504,1998,0
5504,1999,0
5504,2000,0
5504,2001,0
5504,2002,0
5504,2003,0
5504,2004,0
5504,2005,0
5504,2006,0
5504,2007,0
5504,2008,0
5504,2009,0
5504,2010,1
5504,2011,0
5504,2012,0
5504,2013,0
56,1961,650
56,1962,120
56,1963,0
56,1964,7
56,1965,0
56,1966,175
56,1967,395
56,1968,714
56,1969,139
56,1970,0
56,1971,0
56,1972,0
56,1973,0
56,1974,0
56,1975,0
56,1976,0
56,1977,0
56,1978,0
56,1979,0
56,1980,0
56,1981,0
56,1982,0
56,1983,0
56,1984,0
56,1985,0
56,1986,0
56,1987,0
56,1988,0
56,1989,0
56,1990,0
56,1991,0
56,1992,0
56,1993,0
56,1994,0
56,1995,0
56,1996,0
56,1997,0
56,1998,0
56,1999,0
56,2000,0
56,2001,0
56,2002,0
56,2003,0
56,2004,0
56,2005,0
56,2006,0
56,2007,0
56,2008,0
56,2009,0
56,2010,0
56,2011,0
56,2012,603
56,2013,560
56,2014,23
56,2015,0
56,2016,2
56,2017,1
57,1992,1350
57,1993,900
57,1994,6800
57,1995,4914
57,1996,274
57,1997,640
57,1998,92
57,1999,14
57,2000,2
57,2001,255
57,2002,13
57,2003,269
57,2004,162
57,2005,170
57,2006,0
57,2007,2109
57,2008,6534
57,2009,2087
57,2010,1694
57,2011,2540
57,2012,2097
57,2013,412
57,2014,1927
57,2015,3031
57,2016,1893
57,2017,1790
57,2018,3622
57,2019,5268
5706,1961,313523
5706,1962,259811
5706,1963,357574
5706,1964,433760
5706,1965,468185
5706,1966,378241
5706,1967,439396
5706,1968,465069
5706,1969,573921
5706,1970,642715
5706,1971,756197
5706,1972,1212595
5706,1973,1296754
5706,1974,982832
5706,1975,1527347
5706,1976,1297169
5706,1977,1391789
5706,1978,1783016
5706,1979,2060248
5706,1980,2156002
5706,1981,2051896
5706,1982,1925079
5706,1983,1792101
5706,1984,1598524
5706,1985,1511152
5706,1986,2082065
5706,1987,2326907
5706,1988,2542849
5706,1989,2582672
5706,1990,2593604
5706,1991,2634180
5706,1992,2942499
5706,1993,2824704
5706,1994,3233787
5706,1995,3222535
5706,1996,2592974
5706,1997,2375533
5706,1998,2537762
5706,1999,2433411
5706,2000,2184837
5706,2001,1392116
5706,2002,1994078
5706,2003,2524878
5706,2004,2831469
5706,2005,3096261
5706,2006,3308863
5706,2007,3286446
5706,2008,3333351
5706,2009,3520302
5706,2010,3721850
5706,2011,4424247
5706,2012,4201874
5706,2013,3876173
5706,2014,3865408
5706,2015,3793585
5706,2016,3954830
5706,2017,4550044
5706,2018,4757121
5706,2019,4248205
5707,1961,284426
5707,1962,240608
5707,1963,331365
5707,1964,375783
5707,1965,395673
5707,1966,342247
5707,1967,393134
5707,1968,442729
5707,1969,539957
5707,1970,601422
5707,1971,731828
5707,1972,1161296
5707,1973,1237835
5707,1974,953316
5707,1975,1481525
5707,1976,1248600
5707,1977,1279270
5707,1978,1637758
5707,1979,1866410
5707,1980,2034050
5707,1981,1938563
5707,1982,1839613
5707,1983,1745673
5707,1984,1559568
5707,1985,1479822
5707,1986,2038651
5707,1987,2232188
5707,1988,2463792
5707,1989,2493945
5707,1990,2515743
5707,1991,2545432
5707,1992,2832055
5707,1993,2698487
5707,1994,3100668
5707,1995,3119508
5707,1996,2579698
5707,1997,2375528
5707,1998,2537726
5707,1999,2433407
5707,2000,2184822
5707,2001,1392103
5707,2002,1994078
5707,2003,2524878
5707,2004,2831469
5707,2005,3096261
5707,2006,3303460
5707,2007,3281279
5707,2008,3330617
5707,2009,3520066
5707,2010,3721760
5707,2011,4423446
5707,2012,4201370
5707,2013,3875443
5707,2014,3858646
5707,2015,3787217
5707,2016,3950019
5707,2017,4544196
5707,2018,4753794
5707,2019,4245926
58,1961,0
58,1962,10
58,1963,120
58,1964,250
58,1965,0
58,1966,0
58,1967,1297
58,1968,909
58,1969,1282
58,1970,2579
58,1971,1472
58,1972,0
58,1973,0
58,1974,0
58,1975,0
58,1976,0
58,1977,2
58,1978,0
58,1979,0
58,1980,0
58,1981,0
58,1982,0
58,1983,4
58,1984,28
58,1985,0
58,1986,0
58,1987,0
58,1988,0
58,1989,0
58,1990,0
58,1991,0
58,1992,1
58,1993,348
58,1994,1246
58,1995,490
58,1996,1101
58,1997,615
58,1998,213
58,1999,0
58,2000,68
58,2001,15
58,2002,0
58,2003,0
58,2004,0
58,2005,0
58,2006,0
58,2007,0
58,2008,0
58,2009,0
58,2010,0
58,2011,0
58,2012,0
58,2013,0
5801,1961,43526
5801,1962,43647
5801,1963,48387
5801,1964,48839
5801,1965,54669
5801,1966,49457
5801,1967,48824
5801,1968,57575
5801,1969,65403
5801,1970,69414
5801,1971,68178
5801,1972,79723
5801,1973,88771
5801,1974,87807
5801,1975,101860
5801,1976,125491
5801,1977,161085
5801,1978,195536
5801,1979,220506
5801,1980,261905
5801,1981,302144
5801,1982,323959
5801,1983,274620
5801,1984,250858
5801,1985,220464
5801,1986,167490
5801,1987,209765
5801,1988,208174
5801,1989,210550
5801,1990,198309
5801,1991,197787
5801,1992,196573
5801,1993,192941
5801,1994,195817
5801,1995,216019
5801,1996,165361
5801,1997,197424
5801,1998,182661
5801,1999,205116
5801,2000,239492
5801,2001,202617
5801,2002,158229
5801,2003,175836
5801,2004,225003
5801,2005,174402
5801,2006,206435
5801,2007,245679
5801,2008,258610
5801,2009,287945
5801,2010,312431
5801,2011,353193
5801,2012,373464
5801,2013,493949
5801,2014,499662
5801,2015,493583
5801,2016,273664
5801,2017,366278
5801,2018,627793
5801,2019,595303
5802,1961,47118
5802,1962,45911
5802,1963,44511
5802,1964,44022
5802,1965,47246
5802,1966,47218
5802,1967,46441
5802,1968,56927
5802,1969,61052
5802,1970,65486
5802,1971,73365
5802,1972,80597
5802,1973,82152
5802,1974,87326
5802,1975,104669
5802,1976,121270
5802,1977,158290
5802,1978,177930
5802,1979,190314
5802,1980,222902
5802,1981,251545
5802,1982,260102
5802,1983,234753
5802,1984,220782
5802,1985,178259
5802,1986,146177
5802,1987,172110
5802,1988,169134
5802,1989,182380
5802,1990,195177
5802,1991,172130
5802,1992,163768
5802,1993,165357
5802,1994,190069
5802,1995,198506
5802,1996,140724
5802,1997,158117
5802,1998,129264
5802,1999,134550
5802,2000,205760
5802,2001,159679
5802,2002,111473
5802,2003,129647
5802,2004,181698
5802,2005,129462
5802,2006,168617
5802,2007,180460
5802,2008,208158
5802,2009,223143
5802,2010,268830
5802,2011,293417
5802,2012,284038
5802,2013,393989
5802,2014,398402
5802,2015,391132
5802,2016,223206
5802,2017,207429
5802,2018,218331
5802,2019,404954
5803,1961,1139
5803,1962,586
5803,1963,473
5803,1964,191
5803,1965,594
5803,1966,1310
5803,1967,1071
5803,1968,1292
5803,1969,709
5803,1970,652
5803,1971,515
5803,1972,368
5803,1973,200
5803,1974,248
5803,1975,230
5803,1976,441
5803,1977,749
5803,1978,1372
5803,1979,577
5803,1980,889
5803,1981,1218
5803,1982,1314
5803,1983,1253
5803,1984,2535
5803,1985,859
5803,1986,3127
5803,1987,809
5803,1988,6162
5803,1989,958
5803,1990,1547
5803,1991,245
5803,1992,193
5803,1993,832
5803,1994,1134
5803,1995,461
5803,1996,144
5803,1997,217
5803,1998,206
5803,1999,364
5803,2000,160
5803,2001,90
5803,2002,118
5803,2003,93
5803,2004,536
5803,2005,35
5803,2006,183
5803,2007,40
5803,2008,2
5803,2009,2160
5803,2010,5
5803,2011,15
5803,2012,619
5803,2013,622
5803,2014,577
5803,2015,198
5803,2016,132
5803,2017,128
5803,2018,214
5803,2019,3613
5815,1961,46663
5815,1962,45311
5815,1963,50430
5815,1964,52283
5815,1965,58561
5815,1966,56448
5815,1967,54322
5815,1968,67665
5815,1969,74484
5815,1970,77014
5815,1971,73000
5815,1972,90146
5815,1973,94760
5815,1974,88561
5815,1975,103658
5815,1976,127312
5815,1977,171690
5815,1978,212191
5815,1979,323098
5815,1980,301343
5815,1981,309941
5815,1982,334569
5815,1983,293993
5815,1984,259725
5815,1985,233844
5815,1986,180144
5815,1987,218048
5815,1988,212784
5815,1989,209255
5815,1990,194988
5815,1991,199343
5815,1992,197318
5815,1993,196978
5815,1994,198571
5815,1995,210879
5815,1996,163352
5815,1997,197816
5815,1998,202180
5815,1999,210652
5815,2000,252309
5815,2001,216247
5815,2002,168784
5815,2003,198152
5815,2004,248168
5815,2005,211617
5815,2006,215995
5815,2007,287768
5815,2008,273174
5815,2009,308534
5815,2010,333827
5815,2011,369071
5815,2012,393041
5815,2013,520217
5815,2014,538407
5815,2015,521167
5815,2016,269588
5815,2017,374038
5815,2018,305321
5815,2019,250533
5817,1961,159141
5817,1962,133488
5817,1963,172397
5817,1964,166262
5817,1965,164531
5817,1966,134901
5817,1967,163593
5817,1968,180571
5817,1969,177645
5817,1970,199071
5817,1971,217628
5817,1972,267246
5817,1973,277728
5817,1974,284944
5817,1975,217011
5817,1976,246200
5817,1977,261383
5817,1978,328538
5817,1979,364493
5817,1980,390277
5817,1981,476414
5817,1982,405082
5817,1983,338735
5817,1984,306139
5817,1985,264936
5817,1986,223677
5817,1987,297584
5817,1988,296178
5817,1989,287670
5817,1990,257494
5817,1991,248416
5817,1992,246047
5817,1993,240338
5817,1994,285786
5817,1995,288036
5817,1996,262297
5817,1997,217027
5817,1998,221986
5817,1999,252240
5817,2000,246653
5817,2001,214566
5817,2002,169857
5817,2003,209884
5817,2004,265980
5817,2005,242597
5817,2006,273871
5817,2007,317028
5817,2008,301135
5817,2009,336022
5817,2010,374253
5817,2011,419817
5817,2012,459030
5817,2013,614724
5817,2014,565997
5817,2015,592030
5817,2016,319978
5817,2017,525151
5817,2018,797710
5817,2019,711833
59,1961,60
59,1962,80
59,1963,30
59,1964,2
59,1965,20
59,1966,30
59,1967,0
59,1968,88
59,1969,0
59,1970,7
59,1971,0
59,1972,0
59,1973,5
59,1974,0
59,1975,0
59,1976,5
59,1977,0
59,1978,0
59,1979,0
59,1980,0
59,1981,0
59,1982,0
59,1983,0
59,1984,0
59,1985,0
59,1986,0
59,1987,0
59,1988,0
59,1989,5
59,1990,0
59,1991,0
59,1992,85
59,1993,9
59,1994,0
59,1995,0
59,1996,789
59,1997,0
59,1998,0
59,1999,0
59,2000,7
59,2001,0
59,2002,0
59,2003,0
59,2004,0
59,2005,92
59,2006,0
59,2007,0
59,2008,0
59,2009,31
59,2010,0
59,2011,1
59,2012,0
59,2013,7
59,2014,12
59,2015,1
59,2016,156
59,2017,0
59,2018,405
59,2019,2155
60,1961,746
60,1962,854
60,1963,1203
60,1964,657
60,1965,336
60,1966,1102
60,1967,1466
60,1968,407
60,1969,703
60,1970,652
60,1971,243
60,1972,101
60,1973,17
60,1974,8
60,1975,32
60,1976,187
60,1977,168
60,1978,120
60,1979,103
60,1980,60
60,1981,42
60,1982,6
60,1983,30
60,1984,4
60,1985,4
60,1986,3
60,1987,0
60,1988,1
60,1989,39
60,1990,2
60,1991,0
60,1992,0
60,1993,10
60,1994,57
60,1995,17
60,1996,10
60,1997,40
60,1998,30
60,1999,1
60,2000,3
60,2001,0
60,2002,14
60,2003,2
60,2004,2
60,2005,0
60,2006,5
60,2007,0
60,2008,0
60,2009,0
60,2010,8
60,2011,75
60,2012,47
60,2013,20
62,1961,60
62,1962,50
62,1963,210
62,1964,590
62,1965,538
62,1966,400
62,1967,252
62,1968,438
62,1969,444
62,1970,196
62,1971,285
62,1972,748
62,1973,1652
62,1974,4073
62,1975,10418
62,1976,6542
62,1977,631
62,1978,407
62,1979,979
62,1980,3845
62,1981,2523
62,1982,3740
62,1983,5557
62,1984,2463
62,1985,2654
62,1986,4622
62,1987,5453
62,1988,6212
62,1989,1906
62,1990,4184
62,1991,294
62,1992,0
62,1993,0
62,1994,0
62,1995,0
62,1996,0
62,1997,0
62,1998,0
62,1999,0
62,2000,0
62,2001,0
62,2002,0
62,2003,0
62,2004,0
62,2005,0
62,2006,0
62,2007,0
62,2008,0
62,2009,0
62,2010,0
62,2011,0
62,2012,0
63,1961,0
63,1962,0
63,1963,0
63,1964,0
63,1965,0
63,1966,0
63,1967,0
63,1968,0
63,1969,0
63,1970,0
63,1971,0
63,1972,0
63,1973,0
63,1974,0
63,1975,0
63,1976,0
63,1977,0
63,1978,0
63,1979,0
63,1980,0
63,1981,0
63,1982,0
63,1983,0
63,1984,0
63,1985,0
63,1986,0
63,1987,0
63,1988,0
63,1989,0
63,1990,0
63,1991,0
63,1992,2669
63,1993,1081
63,1994,410
63,1995,244
63,1996,66
63,1997,182
63,1998,240
63,1999,43
63,2000,160
63,2001,1139
63,2002,2186
63,2003,2236
63,2004,982
63,2005,1668
63,2006,3217
63,2007,3804
63,2008,7585
63,2009,8501
63,2010,11790
63,2011,19803
63,2012,14715
63,2013,14767
63,2014,13074
63,2015,19540
63,2016,31817
63,2017,21196
63,2018,24349
63,2019,22563
66,1961,0
66,1962,0
66,1963,0
66,1964,0
66,1965,0
66,1966,0
66,1967,0
66,1968,0
66,1969,2
66,1970,2
66,1971,2
66,1972,2
66,1973,0
66,1974,0
66,1975,0
66,1976,0
66,1977,0
66,1978,0
66,1979,0
66,1980,0
66,1981,0
66,1982,0
66,1983,0
66,1984,0
66,1985,0
66,1986,0
66,1987,0
66,1988,0
66,1989,0
66,1990,0
66,1991,0
66,1992,0
66,1993,0
66,1994,0
66,1995,0
66,1996,0
66,1997,0
66,1998,0
66,1999,0
66,2000,0
66,2001,0
66,2002,0
66,2003,21
66,2004,0
66,2005,9
66,2006,1
66,2007,0
66,2008,0
66,2009,0
66,2010,2
66,2011,2
66,2012,0
66,2013,1
67,1961,110
67,1962,190
67,1963,170
67,1964,410
67,1965,700
67,1966,345
67,1967,265
67,1968,281
67,1969,130
67,1970,122
67,1971,135
67,1972,295
67,1973,1077
67,1974,1231
67,1975,1201
67,1976,711
67,1977,720
67,1978,1842
67,1979,977
67,1980,1535
67,1981,1783
67,1982,2069
67,1983,1769
67,1984,1958
67,1985,1835
67,1986,2279
67,1987,2461
67,1988,1950
67,1989,1358
67,1990,2168
67,1991,312
67,1992,153
67,1993,22
67,1994,37
67,1995,52
67,1996,247
67,1997,6
67,1998,51
67,1999,30
67,2000,36
67,2001,50
67,2002,0
67,2003,0
67,2004,0
67,2005,111
67,2006,469
67,2007,1843
67,2008,1316
67,2009,2536
67,2010,2331
67,2011,3976
67,2012,4207
67,2013,26
67,2014,1380
67,2015,2634
67,2016,1249
67,2017,1044
67,2018,322
67,2019,191
68,1961,19910
68,1962,14310
68,1963,27880
68,1964,38330
68,1965,40430
68,1966,28060
68,1967,44747
68,1968,82839
68,1969,109925
68,1970,142069
68,1971,196001
68,1972,340397
68,1973,321486
68,1974,315704
68,1975,553918
68,1976,528479
68,1977,482641
68,1978,672268
68,1979,829797
68,1980,896243
68,1981,835882
68,1982,866773
68,1983,749864
68,1984,665035
68,1985,675990
68,1986,993940
68,1987,1150160
68,1988,1249476
68,1989,1263771
68,1990,1299008
68,1991,1326257
68,1992,1508324
68,1993,1463616
68,1994,1573938
68,1995,1614535
68,1996,1391809
68,1997,1352330
68,1998,1413766
68,1999,1299079
68,2000,1129749
68,2001,809834
68,2002,1216779
68,2003,1512438
68,2004,1517871
68,2005,1612695
68,2006,1702310
68,2007,1635148
68,2008,1638420
68,2009,1653714
68,2010,1671763
68,2011,1983630
68,2012,1833627
68,2013,1683171
68,2014,1637506
68,2015,1497037
68,2016,1525393
68,2017,1644076
68,2018,1743739
68,2019,1660457
7,1961,10
7,1962,10
7,1963,4
7,1964,4
7,1965,0
7,1966,0
7,1967,53
7,1968,26
7,1969,63
7,1970,52
7,1971,74
7,1972,61
7,1973,99
7,1974,47
7,1975,0
7,1976,0
7,1977,0
7,1978,0
7,1979,0
7,1980,0
7,1981,0
7,1982,0
7,1983,0
7,1984,0
7,1985,0
7,1986,0
7,1987,0
7,1988,0
7,1989,0
7,1990,0
7,1991,0
7,1992,0
7,1993,0
7,1994,0
7,1995,0
7,1996,0
7,1997,0
7,1998,0
7,1999,0
7,2000,0
7,2001,0
7,2002,46
7,2003,16
7,2004,0
7,2005,0
7,2006,0
7,2007,0
7,2008,0
7,2009,0
7,2010,0
7,2011,0
7,2012,0
7,2013,4
7,2015,2
7,2017,1
72,1961,0
72,1962,0
72,1963,0
72,1964,0
72,1965,0
72,1966,0
72,1967,0
72,1968,0
72,1969,0
72,1970,0
72,1971,0
72,1972,0
72,1973,0
72,1974,0
72,1975,0
72,1976,0
72,1977,0
72,1978,0
72,1979,1300
72,1980,1300
72,1981,2020
72,1982,1910
72,1983,1730
72,1984,2670
72,1985,2550
72,1986,3000
72,1987,3500
72,1988,4000
72,1989,6000
72,1990,7000
72,1991,2680
72,1992,3500
72,1993,2500
72,1994,3500
72,1995,4300
72,1996,3200
72,1997,4300
72,1998,4400
72,1999,3600
72,2000,2700
72,2001,2800
72,2002,2800
72,2003,3440
72,2004,7174
72,2005,4719
72,2006,10111
72,2007,26784
72,2008,14021
72,2009,9280
72,2010,3448
72,2011,4456
72,2012,3158
72,2013,3351
72,2014,2200
72,2015,2302
72,2016,1688
72,2017,600
72,2018,301
72,2019,300
73,2005,0
73,2006,0
73,2007,0
73,2008,585
73,2009,16903
73,2010,15933
73,2011,28213
73,2012,39267
73,2013,47567
73,2014,30067
73,2015,20103
73,2016,36842
73,2017,36011
73,2018,29533
73,2019,22378
75,1961,100
75,1962,100
75,1963,105
75,1964,110
75,1965,115
75,1966,120
75,1967,120
75,1968,0
75,1969,0
75,1970,0
75,1971,0
75,1972,0
75,1973,0
75,1974,0
75,1975,0
75,1976,0
75,1977,0
75,1978,0
75,1979,0
75,1980,0
75,1981,0
75,1982,0
75,1983,0
75,1984,0
75,1985,0
75,1986,0
75,1987,0
75,1988,0
75,1989,0
75,1990,0
75,1991,0
75,1992,0
75,1993,0
75,1994,0
75,1995,0
75,1996,0
75,1997,0
75,1998,0
75,1999,0
75,2000,0
75,2001,0
75,2002,0
75,2003,0
75,2004,0
75,2005,0
75,2006,0
75,2007,0
75,2008,0
75,2009,0
75,2010,0
75,2011,0
75,2012,0
75,2013,0
79,1961,3380
79,1962,3450
79,1963,13840
79,1964,18820
79,1965,15380
79,1966,22667
79,1967,52796
79,1968,56493
79,1969,78265
79,1970,103414
79,1971,132610
79,1972,233455
79,1973,261365
79,1974,149558
79,1975,297009
79,1976,231991
79,1977,185727
79,1978,234174
79,1979,268784
79,1980,302968
79,1981,328274
79,1982,342446
79,1983,326126
79,1984,260106
79,1985,249427
79,1986,353708
79,1987,346167
79,1988,338536
79,1989,435819
79,1990,401066
79,1991,477267
79,1992,405490
79,1993,346002
79,1994,485227
79,1995,466893
79,1996,333789
79,1997,326100
79,1998,373878
79,1999,292819
79,2000,245755
79,2001,124499
79,2002,201837
79,2003,290111
79,2004,372571
79,2005,313309
79,2006,344733
79,2007,328702
79,2008,287218
79,2009,303740
79,2010,332000
79,2011,414555
79,2012,314412
79,2013,288566
79,2014,363097
79,2015,363127
79,2016,348303
79,2017,430613
79,2018,404480
79,2019,335349
8,1961,0
8,1962,0
8,1963,0
8,1964,0
8,1965,0
8,1966,0
8,1967,0
8,1968,0
8,1969,0
8,1970,0
8,1971,0
8,1972,0
8,1973,0
8,1974,0
8,1975,0
8,1976,0
8,1977,0
8,1978,3
8,1979,0
8,1980,27
8,1981,19
8,1982,0
8,1983,0
8,1984,1
8,1985,0
8,1986,0
8,1987,0
8,1988,0
8,1989,0
8,1990,0
8,1991,0
8,1992,0
8,1993,0
80,1992,200
80,1993,35
80,1994,0
80,1995,30
80,1996,0
80,1997,0
80,1998,0
80,1999,0
80,2000,0
80,2001,0
80,2002,0
80,2003,0
80,2004,4
80,2005,0
80,2006,0
80,2007,0
80,2008,0
80,2009,0
80,2010,2912
80,2011,1970
80,2012,985
80,2013,1585
80,2016,1278
80,2017,1857
80,2018,4070
80,2019,1326
81,1996,1
81,1997,0
81,1998,0
81,1999,2
81,2000,0
81,2001,0
81,2002,4
81,2003,2331
81,2004,4
81,2005,0
81,2006,0
81,2007,10
81,2008,8
81,2009,0
81,2010,2
81,2011,21
81,2012,13
81,2013,13
81,2014,21
81,2015,26
81,2016,31
81,2017,9
81,2019,3
84,1961,0
84,1962,0
84,1963,0
84,1964,0
84,1965,0
84,1966,0
84,1967,0
84,1968,0
84,1969,0
84,1970,0
84,1971,0
84,1972,0
84,1973,0
84,1974,0
84,1975,0
84,1976,0
84,1977,0
84,1978,0
84,1979,0
84,1980,0
84,1981,0
84,1982,0
84,1983,20
84,1984,92
84,1985,0
84,1986,0
84,1987,0
84,1988,0
84,1989,537
84,1990,303
84,1991,15
84,1992,100
84,1993,569
84,1994,45
84,1995,226
84,1996,147
84,1997,516
84,1998,0
84,1999,213
84,2000,0
84,2001,0
84,2002,110
84,2003,210
84,2004,67
84,2005,10
84,2006,1184
84,2007,70
84,2008,55
84,2009,353
84,2010,1120
84,2011,12566
84,2012,4908
84,2013,580
84,2014,103
84,2015,165
84,2016,116
84,2017,30
84,2018,98
84,2019,370
86,1961,5
86,1962,12
86,1963,17
86,1964,24
86,1965,33
86,1966,50
86,1967,10
86,1968,8
86,1969,5
86,1970,2
86,1971,0
86,1972,0
86,1973,0
86,1974,0
86,1975,0
86,1976,0
86,1977,0
86,1978,0
86,1979,0
86,1980,0
86,1981,0
86,1982,0
86,1983,0
86,1984,0
86,1985,0
86,1986,0
86,1987,0
86,1988,0
86,1989,0
86,1990,0
86,1991,0
86,1992,0
86,1993,0
86,1994,0
86,1995,0
86,1996,0
86,1997,0
86,1998,0
86,1999,0
86,2000,0
86,2001,0
86,2002,0
86,2003,0
86,2004,0
86,2005,0
86,2006,0
86,2007,0
86,2008,0
86,2009,0
86,2010,0
86,2011,0
86,2012,0
86,2013,0
89,1961,166
89,1962,42
89,1963,144
89,1964,83
89,1965,52
89,1966,40
89,1967,42
89,1968,88
89,1969,101
89,1970,313
89,1971,456
89,1972,151
89,1973,501
89,1974,384
89,1975,194
89,1976,174
89,1977,91
89,1978,7000
89,1979,9500
89,1980,17000
89,1981,13543
89,1982,11814
89,1983,5022
89,1984,8744
89,1985,2937
89,1986,902
89,1987,64
89,1988,1983
89,1989,667
89,1990,1261
89,1991,2284
89,1992,2064
89,1993,2582
89,1994,1381
89,1995,143
89,1996,53
89,1997,599
89,1998,608
89,1999,169
89,2000,123
89,2001,293
89,2002,50
89,2003,77
89,2004,35
89,2005,1438
89,2006,300
89,2007,618
89,2008,117
89,2009,381
89,2010,918
89,2011,3068
89,2012,167
89,2013,234
89,2014,119
89,2015,124
89,2016,7
89,2018,20
89,2019,3
9,1961,22514
9,1962,26880
9,1963,30714
9,1964,23146
9,1965,23090
9,1966,24795
9,1967,39562
9,1968,31292
9,1969,30755
9,1970,19382
9,1971,16754
9,1972,13945
9,1973,7406
9,1974,2467
9,1975,654
9,1976,3973
9,1977,8856
9,1978,19339
9,1979,8497
9,1980,2011
9,1981,696
9,1982,1121
9,1983,15
9,1984,32
9,1985,56
9,1986,462
9,1987,997
9,1988,364
9,1989,989
9,1990,1969
9,1991,1766
9,1992,2837
9,1993,5002
9,1994,43784
9,1995,86973
9,1996,25939
9,1997,18608
9,1998,2527
9,1999,3942
9,2000,2180
9,2001,11
9,2002,0
9,2003,751
9,2004,558
9,2005,1167
9,2006,2077
9,2007,2046
9,2008,2332
9,2009,2985
9,2010,1691
9,2011,682
9,2012,4714
9,2013,616
9,2014,1569
9,2015,731
9,2016,871
9,2017,750
9,2018,836
9,2019,1051
90,1961,3435
90,1962,3500
90,1963,4750
90,1964,5540
90,1965,5500
90,1966,2300
90,1967,2200
90,1968,2300
90,1969,2400
90,1970,2600
90,1971,2700
90,1972,2800
90,1973,2900
90,1974,2200
90,1975,2800
90,1976,3300
90,1977,4800
90,1978,6000
90,1979,8400
90,1980,9000
90,1981,10000
90,1982,9500
90,1983,10000
90,1984,9000
90,1985,9000
90,1986,9000
90,1987,10000
90,1988,10000
90,1989,11000
90,1990,12000
90,1991,12000
90,1992,13000
90,1993,13000
90,1994,13000
90,1995,10000
90,1996,10500
90,1997,10500
90,1998,10500
90,1999,11000
90,2000,11000
90,2001,11000
90,2002,11000
90,2003,11000
90,2004,11000
90,2005,11000
90,2006,11000
90,2007,12000
90,2008,22000
90,2009,22000
90,2010,22000
90,2011,22000
90,2012,22000
90,2013,22000
90,2014,22000
90,2015,22000
90,2016,22000
90,2017,22000
90,2018,22000
90,2019,22000
91,1961,56
91,1962,59
91,1963,69
91,1964,28
91,1965,38
91,1966,57
91,1967,59
91,1968,56
91,1969,37
91,1970,18
91,1971,69
91,1972,91
91,1973,0
91,1974,0
91,1975,0
91,1976,0
91,1977,0
91,1978,0
91,1979,0
91,1980,0
91,1981,0
91,1982,0
91,1983,0
91,1984,0
91,1985,0
91,1986,0
91,1987,0
91,1988,0
91,1989,0
91,1990,0
91,1991,0
91,1992,0
91,1993,0
91,1994,0
91,1995,0
91,1996,0
91,1997,0
91,1998,0
91,1999,0
91,2000,0
91,2001,0
91,2002,0
91,2003,0
91,2004,0
91,2005,12
91,2006,20
91,2007,0
91,2008,0
91,2009,0
91,2010,0
91,2011,0
91,2012,0
91,2013,0
95,1961,1940
95,1962,1900
95,1963,1900
95,1964,1650
95,1965,1582
95,1966,1649
95,1967,2403
95,1968,2014
95,1969,610
95,1970,538
95,1971,277
95,1972,918
95,1973,116
95,1974,15
95,1975,258
95,1976,2
95,1977,3
95,1978,22000
95,1979,40000
95,1980,21000
95,1981,24000
95,1982,22
95,1983,562
95,1984,621
95,1985,292
95,1986,13
95,1987,0
95,1988,0
95,1989,5
95,1990,0
95,1991,929
95,1992,3552
95,1993,6
95,1994,7
95,1995,8
95,1996,1
95,1997,166
95,1998,741
95,1999,270
95,2000,178
95,2001,9
95,2002,77
95,2003,21
95,2004,23
95,2005,72
95,2006,4
95,2007,278
95,2008,1723
95,2009,592
95,2010,2234
95,2011,1694
95,2012,2024
95,2013,2672
95,2014,338
95,2015,24
95,2016,91
95,2017,123
95,2018,2
95,2019,13
96,1961,340
96,1962,370
96,1963,290
96,1964,330
96,1965,270
96,1966,163
96,1967,176
96,1968,313
96,1969,514
96,1970,458
96,1971,543
96,1972,157
96,1973,366
96,1974,625
96,1975,271
96,1976,345
96,1977,274
96,1978,449
96,1979,262
96,1980,15
96,1981,29
96,1982,0
96,1983,0
96,1984,0
96,1985,0
96,1986,0
96,1987,0
96,1988,0
96,1989,0
96,1990,0
96,1991,0
96,1992,0
96,1993,0
96,1994,0
96,1995,0
96,1996,0
96,1997,76
96,1998,0
96,1999,0
96,2000,0
96,2001,0
96,2002,0
96,2003,0
96,2004,0
96,2005,0
96,2006,0
96,2007,0
96,2008,0
96,2009,0
96,2010,0
96,2011,0
96,2012,0
96,2013,0
97,1961,19406
97,1962,19597
97,1963,29973
97,1964,29581
97,1965,38805
97,1966,39139
97,1967,44095
97,1968,40146
97,1969,63769
97,1970,67928
97,1971,67429
97,1972,108210
97,1973,138446
97,1974,77702
97,1975,77390
97,1976,94378
97,1977,109614
97,1978,104755
97,1979,138172
97,1980,87108
97,1981,106038
97,1982,121628
97,1983,117037
97,1984,92297
97,1985,69377
97,1986,60923
97,1987,60456
97,1988,78816
97,1989,84769
97,1990,70501
97,1991,73326
97,1992,74529
97,1993,48810
97,1994,52829
97,1995,49481
97,1996,51122
97,1997,46757
97,1998,39439
97,1999,27865
97,2000,36390
97,2001,36772
97,2002,38050
97,2003,32691
97,2004,36261
97,2005,53841
97,2006,64047
97,2007,83544
97,2008,108599
97,2009,128279
97,2010,177579
97,2011,269773
97,2012,195987
97,2013,132538
97,2014,105014
97,2015,159725
97,2016,204233
97,2017,155858
97,2018,182301
97,2019,186120
98,1961,0
98,1962,0
98,1963,0
98,1964,0
98,1965,0
98,1966,0
98,1967,0
98,1968,0
98,1969,0
98,1970,0
98,1971,0
98,1972,0
98,1973,0
98,1974,0
98,1975,0
98,1976,0
98,1977,0
98,1978,0
98,1979,0
98,1980,0
98,1981,0
98,1982,0
98,1983,0
98,1984,0
98,1985,0
98,1986,0
98,1987,0
98,1988,0
98,1989,0
98,1990,0
98,1991,0
98,1992,47396
98,1993,8834
98,1994,82
98,1995,573
98,1996,782
98,1997,708
98,1998,79
98,1999,29
98,2000,4
98,2001,463
98,2002,0
98,2003,0
98,2004,256
98,2005,1066
98,2006,3002
98,2007,11959
98,2008,14151
98,2009,3674
98,2010,14550
98,2011,38677
98,2012,39685
98,2013,41278
98,2014,52244
98,2015,80269
98,2016,143703
98,2017,156613
98,2018,197318
98,2019,100527
