geo,year,ti_cereal_preparations_total_export_quantity_index_2014_2016_100
1,1995,17
1,1996,8
1,1997,1
1,1998,1
1,1999,3
1,2000,1
1,2001,10
1,2002,4
1,2003,14
1,2004,12
1,2005,17
1,2006,20
1,2007,37
1,2008,29
1,2009,41
1,2010,39
1,2011,41
1,2012,76
1,2013,106
1,2014,139
1,2015,95
1,2016,66
1,2017,77
1,2018,92
1,2019,73
1,2020,166
1,2021,148
1,2022,208
1,2023,225
10,1961,77
10,1962,70
10,1963,64
10,1964,84
10,1965,73
10,1966,55
10,1967,50
10,1968,51
10,1969,46
10,1970,47
10,1971,52
10,1972,43
10,1973,39
10,1974,36
10,1975,54
10,1976,47
10,1977,41
10,1978,40
10,1979,38
10,1980,51
10,1981,57
10,1982,50
10,1983,49
10,1984,39
10,1985,33
10,1986,36
10,1987,50
10,1988,52
10,1989,58
10,1990,60
10,1991,51
10,1992,53
10,1993,48
10,1994,51
10,1995,52
10,1996,65
10,1997,73
10,1998,80
10,1999,87
10,2000,87
10,2001,93
10,2002,96
10,2003,90
10,2004,103
10,2005,98
10,2006,108
10,2007,106
10,2008,103
10,2009,93
10,2010,97
10,2011,84
10,2012,98
10,2013,100
10,2014,108
10,2015,100
10,2016,92
10,2017,104
10,2018,112
10,2019,118
10,2020,108
10,2021,172
10,2022,134
10,2023,115
100,1961,0
100,1962,0
100,1963,0
100,1964,0
100,1965,0
100,1966,0
100,1967,0
100,1968,0
100,1969,0
100,1970,3
100,1971,1
100,1972,1
100,1973,1
100,1974,0
100,1975,0
100,1976,1
100,1977,1
100,1978,13
100,1979,3
100,1980,6
100,1981,1
100,1982,1
100,1983,1
100,1984,1
100,1985,2
100,1986,1
100,1987,5
100,1988,2
100,1989,1
100,1990,1
100,1991,2
100,1992,2
100,1993,4
100,1994,4
100,1995,72
100,1996,113
100,1997,10
100,1998,4
100,1999,4
100,2000,51
100,2001,54
100,2002,89
100,2003,108
100,2004,33
100,2005,25
100,2006,27
100,2007,33
100,2008,38
100,2009,36
100,2010,39
100,2011,62
100,2012,83
100,2013,113
100,2014,106
100,2015,105
100,2016,89
100,2017,87
100,2018,94
100,2019,93
100,2020,104
100,2021,140
100,2022,191
100,2023,109
101,1975,3
101,1976,0
101,1977,0
101,1978,2
101,1979,3
101,1980,1
101,1981,3
101,1982,1
101,1983,2
101,1984,2
101,1985,1
101,1986,2
101,1987,3
101,1988,5
101,1989,8
101,1990,9
101,1991,8
101,1992,14
101,1993,11
101,1994,10
101,1995,10
101,1996,13
101,1997,9
101,1998,5
101,1999,21
101,2000,27
101,2001,31
101,2002,35
101,2003,47
101,2004,75
101,2005,99
101,2006,68
101,2007,53
101,2008,56
101,2009,53
101,2010,79
101,2011,79
101,2012,79
101,2013,95
101,2014,100
101,2015,96
101,2016,104
101,2017,117
101,2018,109
101,2019,111
101,2020,123
101,2021,134
101,2022,146
101,2023,146
102,1962,0
102,1965,0
102,1966,0
102,1967,1
102,1968,1
102,1969,1
102,1970,0
102,1971,0
102,1972,1
102,1973,2
102,1974,2
102,1975,2
102,1976,3
102,1977,4
102,1978,2
102,1979,1
102,1980,0
102,1981,0
102,1982,0
102,1983,0
102,1984,0
102,1985,0
102,1986,0
102,1987,0
102,1988,0
102,1989,0
102,1990,0
102,1991,0
102,1992,0
102,1993,0
102,1994,26
102,1995,0
102,1996,0
102,1997,69
102,1998,42
102,1999,38
102,2000,34
102,2001,28
102,2002,16
102,2003,21
102,2004,21
102,2005,38
102,2006,55
102,2007,80
102,2008,88
102,2009,17
102,2010,117
102,2011,112
102,2012,155
102,2013,116
102,2014,107
102,2015,99
102,2016,94
102,2017,230
102,2018,164
102,2019,107
102,2020,189
102,2021,208
102,2022,75
102,2023,11
103,1964,12000
103,1965,8000
103,1966,8960
103,1967,6240
103,1968,35700
103,1969,88460
103,1970,23200
103,1971,12000
103,1972,50380
103,1973,114720
103,1974,15100
103,1975,16140
103,1976,81580
103,1986,19380
103,1987,56020
103,1996,600
103,2001,16600
103,2002,600
103,2003,34000
103,2004,39300
103,2005,2820
103,2006,2820
103,2007,480
103,2008,1860
103,2009,1620
103,2010,1300
103,2011,40760
103,2012,1000
103,2013,2500
103,2016,100
103,2017,3941
103,2018,7985
103,2019,31959
103,2020,217566
103,2021,12901
103,2022,8776
103,2023,10796
104,1961,1
104,1962,2
104,1963,2
104,1964,2
104,1965,2
104,1966,2
104,1967,2
104,1968,3
104,1969,3
104,1970,4
104,1971,5
104,1972,5
104,1973,6
104,1974,5
104,1975,8
104,1976,9
104,1977,6
104,1978,8
104,1979,8
104,1980,6
104,1981,7
104,1982,7
104,1983,8
104,1984,7
104,1985,9
104,1986,8
104,1987,8
104,1988,22
104,1989,22
104,1990,25
104,1991,22
104,1992,25
104,1993,24
104,1994,28
104,1995,35
104,1996,36
104,1997,36
104,1998,39
104,1999,41
104,2000,58
104,2001,46
104,2002,46
104,2003,44
104,2004,62
104,2005,67
104,2006,72
104,2007,55
104,2008,56
104,2009,50
104,2010,53
104,2011,57
104,2012,62
104,2013,70
104,2014,90
104,2015,98
104,2016,112
104,2017,113
104,2018,112
104,2019,113
104,2020,112
104,2021,97
104,2022,101
104,2023,102
105,1961,2
105,1962,2
105,1963,2
105,1964,3
105,1965,3
105,1966,2
105,1967,3
105,1968,5
105,1969,6
105,1970,8
105,1971,9
105,1972,9
105,1973,11
105,1974,15
105,1975,8
105,1976,11
105,1977,17
105,1978,16
105,1979,19
105,1980,28
105,1981,24
105,1982,31
105,1983,23
105,1984,21
105,1985,17
105,1986,18
105,1987,20
105,1988,21
105,1989,29
105,1990,27
105,1991,21
105,1992,38
105,1993,37
105,1994,43
105,1995,37
105,1996,46
105,1997,34
105,1998,40
105,1999,36
105,2000,46
105,2001,56
105,2002,51
105,2003,83
105,2004,96
105,2005,97
105,2006,114
105,2007,119
105,2008,92
105,2009,97
105,2010,78
105,2011,98
105,2012,96
105,2013,88
105,2014,94
105,2015,100
105,2016,107
105,2017,115
105,2018,112
105,2019,132
105,2020,148
105,2021,146
105,2022,146
105,2023,130
106,1961,3
106,1962,5
106,1963,6
106,1964,6
106,1965,12
106,1966,11
106,1967,21
106,1968,10
106,1969,12
106,1970,14
106,1971,18
106,1972,17
106,1973,19
106,1974,11
106,1975,23
106,1976,16
106,1977,23
106,1978,26
106,1979,38
106,1980,40
106,1981,48
106,1982,56
106,1983,41
106,1984,46
106,1985,57
106,1986,55
106,1987,55
106,1988,55
106,1989,68
106,1990,72
106,1991,95
106,1992,109
106,1993,92
106,1994,82
106,1995,79
106,1996,89
106,1997,98
106,1998,96
106,1999,93
106,2000,105
106,2001,95
106,2002,95
106,2003,89
106,2004,90
106,2005,98
106,2006,103
106,2007,88
106,2008,84
106,2009,88
106,2010,91
106,2011,95
106,2012,94
106,2013,97
106,2014,100
106,2015,97
106,2016,103
106,2017,109
106,2018,109
106,2019,113
106,2020,126
106,2021,120
106,2022,127
106,2023,125
107,1963,1
107,1964,5
107,1966,0
107,1967,0
107,1968,0
107,1969,0
107,1970,0
107,1971,1
107,1972,1
107,1973,2
107,1974,2
107,1975,1
107,1976,1
107,1977,1
107,1978,1
107,1979,1
107,1980,2
107,1981,4
107,1982,5
107,1983,6
107,1984,4
107,1985,6
107,1986,5
107,1987,5
107,1988,5
107,1989,5
107,1990,5
107,1991,5
107,1992,4
107,1993,4
107,1994,5
107,1995,3
107,1996,15
107,1997,22
107,1998,25
107,1999,23
107,2000,16
107,2001,23
107,2002,25
107,2003,33
107,2004,40
107,2005,42
107,2006,42
107,2007,50
107,2008,40
107,2009,91
107,2010,105
107,2011,102
107,2012,131
107,2013,93
107,2014,99
107,2015,103
107,2016,98
107,2017,93
107,2018,100
107,2019,97
107,2020,124
107,2021,81
107,2022,73
107,2023,65
108,1992,0
108,1993,1
108,1994,3
108,1995,8
108,1996,10
108,1997,12
108,1998,12
108,1999,13
108,2000,15
108,2001,9
108,2002,15
108,2003,24
108,2004,26
108,2005,46
108,2006,55
108,2007,72
108,2008,89
108,2009,110
108,2010,112
108,2011,94
108,2012,110
108,2013,92
108,2014,92
108,2015,90
108,2016,119
108,2017,115
108,2018,116
108,2019,81
108,2020,89
108,2021,76
108,2022,98
108,2023,98
109,1961,1
109,1962,1
109,1963,0
109,1964,0
109,1965,1
109,1966,1
109,1967,1
109,1968,1
109,1969,1
109,1970,1
109,1971,2
109,1972,2
109,1973,4
109,1974,2
109,1975,3
109,1976,5
109,1977,10
109,1978,13
109,1979,12
109,1980,7
109,1981,11
109,1982,9
109,1983,14
109,1984,6
109,1985,10
109,1986,10
109,1987,13
109,1988,14
109,1989,17
109,1990,17
109,1991,19
109,1992,24
109,1993,28
109,1994,25
109,1995,37
109,1996,28
109,1997,31
109,1998,22
109,1999,35
109,2000,46
109,2001,56
109,2002,44
109,2003,43
109,2004,79
109,2005,67
109,2006,45
109,2007,66
109,2008,100
109,2009,96
109,2010,103
109,2011,84
109,2012,123
109,2013,127
109,2014,121
109,2015,74
109,2016,105
109,2017,123
109,2018,118
109,2019,131
109,2020,128
109,2021,115
109,2022,132
109,2023,128
11,1961,1
11,1962,1
11,1963,1
11,1964,2
11,1965,2
11,1966,2
11,1967,2
11,1968,3
11,1969,2
11,1970,5
11,1971,4
11,1972,3
11,1973,3
11,1974,3
11,1975,3
11,1976,2
11,1977,3
11,1978,3
11,1979,4
11,1980,3
11,1981,7
11,1982,6
11,1983,9
11,1984,8
11,1985,6
11,1986,7
11,1987,7
11,1988,7
11,1989,9
11,1990,13
11,1991,13
11,1992,21
11,1993,15
11,1994,13
11,1995,16
11,1996,21
11,1997,21
11,1998,24
11,1999,31
11,2000,31
11,2001,35
11,2002,41
11,2003,43
11,2004,52
11,2005,56
11,2006,68
11,2007,72
11,2008,74
11,2009,79
11,2010,87
11,2011,91
11,2012,86
11,2013,89
11,2014,98
11,2015,99
11,2016,103
11,2017,107
11,2018,107
11,2019,109
11,2020,109
11,2021,114
11,2022,119
11,2023,124
110,1961,19
110,1962,30
110,1963,28
110,1964,23
110,1965,44
110,1966,25
110,1967,22
110,1968,44
110,1969,25
110,1970,12
110,1971,17
110,1972,17
110,1973,17
110,1974,11
110,1975,15
110,1976,16
110,1977,17
110,1978,29
110,1979,36
110,1980,49
110,1981,51
110,1982,87
110,1983,100
110,1984,114
110,1985,93
110,1986,127
110,1987,138
110,1988,136
110,1989,149
110,1990,159
110,1991,151
110,1992,150
110,1993,167
110,1994,154
110,1995,154
110,1996,142
110,1997,130
110,1998,131
110,1999,159
110,2000,148
110,2001,154
110,2002,154
110,2003,153
110,2004,148
110,2005,144
110,2006,145
110,2007,134
110,2008,104
110,2009,102
110,2010,109
110,2011,103
110,2012,102
110,2013,94
110,2014,98
110,2015,99
110,2016,103
110,2017,105
110,2018,106
110,2019,110
110,2020,110
110,2021,117
110,2022,114
110,2023,113
112,1961,10
112,1962,11
112,1963,10
112,1964,8
112,1965,10
112,1966,10
112,1967,9
112,1968,16
112,1969,14
112,1970,13
112,1971,17
112,1972,26
112,1973,11
112,1974,17
112,1975,2
112,1976,21
112,1977,4
112,1978,3
112,1979,12
112,1980,108
112,1981,330
112,1982,96
112,1983,125
112,1984,144
112,1985,239
112,1986,86
112,1987,72
112,1988,26
112,1989,81
112,1990,129
112,1991,246
112,1992,16
112,1993,8
112,1994,10
112,1995,35
112,1996,7
112,1997,28
112,1998,17
112,1999,13
112,2000,19
112,2001,14
112,2002,15
112,2003,116
112,2004,76
112,2005,29
112,2006,26
112,2007,66
112,2008,82
112,2009,92
112,2010,99
112,2011,96
112,2012,85
112,2013,80
112,2014,121
112,2015,92
112,2016,87
112,2017,107
112,2018,182
112,2019,283
112,2020,274
112,2021,446
112,2022,422
112,2023,441
113,1994,221
113,1995,218
113,1996,618
113,1997,1339
113,1998,1049
113,1999,985
113,2000,895
113,2001,138
113,2002,320
113,2003,252
113,2004,37
113,2005,68
113,2006,92
113,2007,160
113,2008,173
113,2009,120
113,2010,108
113,2011,196
113,2012,153
113,2013,157
113,2014,70
113,2015,138
113,2016,92
113,2017,128
113,2018,136
113,2019,181
113,2020,158
113,2021,260
113,2022,770
113,2023,318
114,1961,146
114,1962,146
114,1963,115
114,1964,211
114,1965,26
114,1966,28
114,1967,18
114,1968,19
114,1969,156
114,1970,361
114,1971,111
114,1972,53
114,1973,140
114,1974,22
114,1975,66
114,1976,68
114,1977,39
114,1978,10
114,1979,87
114,1980,56
114,1981,17
114,1982,12
114,1983,32
114,1984,21
114,1985,9
114,1986,24
114,1987,11
114,1988,22
114,1989,10
114,1990,4
114,1991,9
114,1992,359
114,1993,472
114,1994,372
114,1995,546
114,1996,456
114,1997,350
114,1998,449
114,1999,228
114,2000,147
114,2001,104
114,2002,91
114,2003,283
114,2004,113
114,2005,158
114,2006,142
114,2007,233
114,2008,243
114,2009,171
114,2010,176
114,2011,91
114,2012,82
114,2013,120
114,2014,49
114,2015,150
114,2016,101
114,2017,551
114,2018,349
114,2019,180
114,2020,262
114,2021,156
114,2022,171
114,2023,501
115,1969,77
115,1970,36
115,1971,35
115,1972,5
115,1973,234
115,2000,17
115,2001,35
115,2003,23
115,2004,452
115,2005,2
115,2006,0
115,2007,1
115,2008,1
115,2009,1
115,2010,25
115,2011,0
115,2012,3
115,2013,1
115,2014,21
115,2015,77
115,2016,201
115,2017,141
115,2018,136
115,2019,447
115,2020,495
115,2021,551
115,2022,804
115,2023,747
116,2014,92
116,2015,128
116,2016,81
116,2017,38
116,2018,63
116,2019,101
116,2020,31
116,2021,20
116,2022,224
116,2023,4
117,1966,1
117,1967,1
117,1968,1
117,1969,1
117,1970,1
117,1971,2
117,1972,1
117,1973,2
117,1974,3
117,1975,2
117,1976,2
117,1977,3
117,1978,3
117,1979,3
117,1980,2
117,1981,2
117,1982,2
117,1983,3
117,1984,3
117,1985,3
117,1986,5
117,1987,11
117,1988,30
117,1989,40
117,1990,37
117,1991,38
117,1992,37
117,1993,39
117,1994,51
117,1995,61
117,1996,68
117,1997,73
117,1998,64
117,1999,67
117,2000,77
117,2001,80
117,2002,76
117,2003,79
117,2004,82
117,2005,79
117,2006,76
117,2007,73
117,2008,70
117,2009,70
117,2010,79
117,2011,86
117,2012,87
117,2013,87
117,2014,95
117,2015,104
117,2016,100
117,2017,104
117,2018,111
117,2019,115
117,2020,126
117,2021,135
117,2022,130
117,2023,135
118,1961,6
118,1962,7
118,1963,7
118,1964,2
118,1965,10
118,1966,1
118,1967,1
118,1968,0
118,1969,7
118,1970,6
118,1971,10
118,1972,8
118,1973,3
118,1974,7
118,1975,3
118,1976,5
118,1977,3
118,1978,6
118,1979,14
118,1980,24
118,1981,67
118,1982,81
118,1983,65
118,1984,102
118,1985,25
118,1986,9
118,1987,11
118,1988,8
118,1989,7
118,1990,4
118,1991,1
118,1992,5
118,1993,4
118,1994,5
118,1995,6
118,1996,119
118,1997,30
118,1998,5
118,1999,20
118,2000,32
118,2001,13
118,2002,8
118,2003,4
118,2004,1
118,2005,10
118,2006,12
118,2007,12
118,2008,4
118,2009,50
118,2010,49
118,2011,53
118,2012,56
118,2013,76
118,2014,85
118,2015,101
118,2016,113
118,2017,115
118,2018,118
118,2019,134
118,2020,119
118,2021,119
118,2022,92
118,2023,87
119,1993,4
119,1994,1
119,1995,1
119,1996,2
119,1997,4
119,1998,2
119,1999,4
119,2000,4
119,2001,10
119,2002,4
119,2003,13
119,2004,19
119,2005,25
119,2006,30
119,2007,30
119,2008,31
119,2009,38
119,2010,44
119,2011,41
119,2012,62
119,2013,66
119,2014,86
119,2015,108
119,2016,106
119,2017,130
119,2018,130
119,2019,142
119,2020,145
119,2021,130
119,2022,134
119,2023,143
12,1985,282
12,1988,1034
12,1995,6108
12,1996,564
12,1997,4605
12,1998,188
12,2000,376
12,2001,19922
12,2002,15130
12,2003,5450
12,2004,213506
12,2005,5920
12,2006,17479
12,2007,14378
12,2008,2537
12,2009,2819
12,2011,1316
12,2013,3477
12,2014,51
12,2015,173
12,2016,76
12,2017,3527
12,2018,278
12,2019,1020
12,2020,17
12,2021,153
12,2022,42
12,2023,1855
120,1961,0
120,1962,0
120,2014,30
120,2015,137
120,2016,133
120,2017,195
120,2018,58
120,2019,194
120,2020,180
120,2021,174
120,2022,423
120,2023,335
121,1961,3
121,1962,6
121,1963,2
121,1964,3
121,1965,11
121,1966,10
121,1967,20
121,1968,9
121,1969,25
121,1970,25
121,1971,20
121,1972,21
121,1973,15
121,1974,7
121,1975,1
121,1976,1
121,1977,3
121,1978,2
121,1979,2
121,1980,18
121,1981,1
121,1982,1
121,1983,1
121,1984,1
121,1985,0
121,1986,0
121,1987,0
121,1988,0
121,1989,0
121,1990,0
121,1991,0
121,1992,0
121,1993,1
121,1994,2
121,1995,1
121,1996,1
121,1997,26
121,1998,18
121,1999,15
121,2000,11
121,2001,17
121,2002,19
121,2003,98
121,2004,103
121,2005,40
121,2006,40
121,2007,42
121,2008,97
121,2009,72
121,2010,68
121,2011,61
121,2012,108
121,2013,186
121,2014,119
121,2015,101
121,2016,79
121,2017,58
121,2018,74
121,2019,58
121,2020,57
121,2021,41
121,2022,38
121,2023,38
122,1982,9
122,1983,12
122,1984,11
122,1985,12
122,1986,19
122,1987,44
122,1988,43
122,1989,41
122,1990,41
122,1991,23
122,1992,15
122,1993,6
122,1994,5
122,1995,2
122,1996,2
122,1997,2
122,1998,11
122,1999,10
122,2000,9
122,2001,8
122,2002,1
122,2003,1
122,2004,2
122,2005,3
122,2006,3
122,2007,3
122,2008,2
122,2009,2
122,2010,1
122,2011,1
122,2012,1
122,2013,76
122,2014,145
122,2015,84
122,2016,71
122,2017,65
122,2018,52
122,2019,95
122,2020,135
122,2021,60
122,2022,122
122,2023,120
123,1975,473
123,1976,182
123,1977,13002
123,1978,25530
123,1979,33178
123,1980,21560
123,1981,3569
123,1984,73
123,1985,146
123,1986,219
123,2005,2659
123,2006,2659
123,2007,2659
123,2008,2659
123,2009,2659
123,2010,2659
123,2011,2659
123,2012,437
123,2013,73
123,2014,131
123,2015,99
123,2016,70
123,2017,938
123,2018,273904
123,2019,43928
123,2020,32366
123,2021,717
123,2022,910
123,2023,4
124,1967,63
124,1968,45
124,1969,101
124,1970,324
124,1971,150
124,1972,102
124,1973,59
124,1975,1
124,2000,186
124,2001,194
124,2003,39
124,2004,6
124,2005,467
124,2006,299
124,2007,314
124,2008,2
124,2009,1345
124,2010,39
124,2011,12
124,2012,366
124,2013,260
124,2014,257
124,2015,14
124,2016,29
124,2017,29
124,2018,70
124,2019,7
124,2020,10
124,2021,51
124,2022,67
124,2023,50
126,1992,5
126,1993,2
126,1994,9
126,1995,14
126,1996,7
126,1997,15
126,1998,16
126,1999,4
126,2000,3
126,2001,8
126,2002,6
126,2003,14
126,2004,31
126,2005,43
126,2006,51
126,2007,56
126,2008,56
126,2009,51
126,2010,58
126,2011,57
126,2012,74
126,2013,79
126,2014,86
126,2015,101
126,2016,112
126,2017,146
126,2018,128
126,2019,133
126,2020,138
126,2021,132
126,2022,147
126,2023,143
128,1961,8
128,1962,9
128,1963,2
128,1964,1
128,1965,3
128,1969,1
128,1971,1
128,1974,1
128,1976,2
128,1977,0
128,1980,14
128,1981,149
128,1982,184
128,1983,143
128,1984,166
128,1985,174
128,1986,173
128,1987,343
128,1988,368
128,1989,170
128,1990,237
128,1991,306
128,1992,227
128,1993,125
128,1994,110
128,1995,137
128,1996,45
128,1997,52
128,1998,31
128,1999,27
128,2000,20
128,2001,26
128,2002,28
128,2003,46
128,2004,45
128,2005,71
128,2006,73
128,2007,95
128,2008,156
128,2009,127
128,2010,1
128,2011,4
128,2012,109
128,2013,75
128,2014,161
128,2015,131
128,2016,8
128,2017,464
128,2018,429
128,2019,129
128,2020,98
128,2021,100
128,2022,297
128,2023,126
129,1961,9
129,1962,12
129,1963,8
129,1964,3
129,1965,4
129,1966,4
129,1967,5
129,1968,40
129,1969,20
129,1970,5
129,1971,4
129,1972,5
129,1973,2
129,1974,4
129,1975,2
129,1976,2
129,1977,484
129,1978,4
129,1979,1
129,1981,4
129,1983,6
129,1984,116
129,1985,3
129,1986,16
129,1987,2
129,1988,1
129,1989,2
129,1990,3
129,1991,290
129,1992,95
129,1993,31
129,1994,25
129,1995,16
129,1996,18
129,1997,7
129,1998,1
129,1999,45
129,2000,48
129,2001,25
129,2002,82
129,2003,29
129,2004,54
129,2005,38
129,2006,56
129,2007,49
129,2008,56
129,2009,53
129,2010,59
129,2011,80
129,2012,89
129,2013,134
129,2014,99
129,2015,112
129,2016,89
129,2017,65
129,2018,106
129,2019,94
129,2020,127
129,2021,156
129,2022,121
129,2023,75
13,1970,2
13,1971,30
13,1972,15
13,1973,7
13,1974,9
13,1975,6
13,1976,22
13,1977,14
13,1978,2
13,1979,0
13,1980,2
13,1981,2
13,1982,6
13,1983,9
13,1984,12
13,1987,5
13,1988,2
13,1989,2
13,1990,2
13,1991,2
13,1992,2
13,1993,2
13,1994,2
13,1995,2
13,1996,2
13,1997,1070
13,1998,53
13,1999,0
13,2000,155
13,2001,115
13,2002,107
13,2003,67
13,2004,66
13,2005,74
13,2006,58
13,2007,55
13,2008,54
13,2009,96
13,2010,102
13,2011,121
13,2012,134
13,2013,146
13,2014,179
13,2015,66
13,2016,56
13,2017,171
13,2018,561
13,2019,617
13,2020,869
13,2021,963
13,2022,900
13,2023,832
130,1965,3
130,1966,0
130,1967,1
130,1968,8
130,1969,1
130,1970,5
130,1971,450
130,1972,18
130,1973,568
130,1974,25
130,1975,820
130,1976,1
130,1977,8
130,1978,351
130,1979,111
130,1980,525
130,1981,5
130,1982,2
130,1983,7
130,1985,2
130,1988,1
130,1989,3
130,1990,52
130,1991,246
130,1992,477
130,1993,1920
130,1994,392
130,1995,310
130,1996,85
130,1997,55
130,1998,10
130,1999,17
130,2000,9
130,2001,251
130,2002,75
130,2003,25
130,2004,114
130,2005,58
130,2006,416
130,2007,7085
130,2008,666
130,2009,156
130,2010,2552
130,2011,3652
130,2012,2488
130,2013,97
130,2014,111
130,2015,162
130,2016,27
130,2017,47
130,2018,1637
130,2019,6
130,2020,31
130,2021,297
130,2022,166
130,2023,539
131,1961,1
131,1962,1
131,1963,1
131,1964,1
131,1965,0
131,1966,0
131,1967,5
131,1968,3
131,1969,1
131,1970,2
131,1971,0
131,1972,1
131,1973,1
131,1974,1
131,1975,1
131,1976,2
131,1977,2
131,1978,3
131,1979,2
131,1980,3
131,1981,4
131,1982,4
131,1983,4
131,1984,4
131,1985,4
131,1986,4
131,1987,5
131,1988,10
131,1989,12
131,1990,14
131,1991,19
131,1992,22
131,1993,22
131,1994,34
131,1995,44
131,1996,49
131,1997,27
131,1998,26
131,1999,31
131,2000,35
131,2001,39
131,2002,39
131,2003,43
131,2004,36
131,2005,35
131,2006,44
131,2007,46
131,2008,61
131,2009,63
131,2010,69
131,2011,74
131,2012,85
131,2013,83
131,2014,99
131,2015,96
131,2016,106
131,2017,118
131,2018,124
131,2019,136
131,2020,129
131,2021,127
131,2022,126
131,2023,148
133,1972,0
133,1973,1
133,1974,1
133,1975,1
133,1976,1
133,1982,158
133,1987,2
133,1996,15
133,2001,83
133,2002,143
133,2003,355
133,2004,132
133,2005,127
133,2006,38
133,2007,115
133,2008,15
133,2010,2
133,2011,9
133,2012,126
133,2013,100
133,2014,61
133,2015,18
133,2016,222
133,2017,157
133,2018,58
133,2019,67
133,2020,25
133,2021,12
133,2022,5
133,2023,4
134,1961,0
134,1962,2
134,1963,2
134,1964,1
134,1965,2
134,1966,26
134,1967,3
134,1968,4
134,1969,4
134,1970,2
134,1971,2
134,1972,6
134,1973,45
134,1974,25
134,1975,7
134,1976,8
134,1977,6
134,1978,2
134,1979,3
134,1980,2
134,1981,7
134,1982,1
134,1983,2
134,1984,3
134,1985,2
134,1986,5
134,1987,8
134,1988,3
134,1989,6
134,1990,7
134,1991,9
134,1992,49
134,1993,12
134,1994,11
134,1995,11
134,1996,19
134,1997,23
134,1998,18
134,1999,18
134,2000,15
134,2001,15
134,2002,17
134,2003,18
134,2004,18
134,2005,19
134,2006,52
134,2007,45
134,2008,65
134,2009,72
134,2010,67
134,2011,69
134,2012,84
134,2013,90
134,2014,105
134,2015,102
134,2016,92
134,2017,82
134,2018,81
134,2019,89
134,2020,95
134,2021,83
134,2022,85
134,2023,81
136,1988,24
136,1989,9
136,1991,6
136,1992,4
136,1993,2
136,2014,0
136,2015,300
136,2016,0
136,2018,0
136,2019,6
136,2020,2
136,2022,2
136,2023,56
137,1963,0
137,1964,0
137,1965,0
137,1966,0
137,1967,0
137,1968,0
137,1969,0
137,1970,0
137,1971,0
137,1972,0
137,1973,0
137,1974,0
137,1975,0
137,1977,0
137,1978,0
137,1980,0
137,1981,0
137,1982,0
137,1983,0
137,1984,2
137,1985,0
137,1986,0
137,1987,0
137,1988,0
137,1989,0
137,1990,6
137,1991,1
137,1992,32
137,1993,64
137,1994,65
137,1995,65
137,1996,116
137,1997,122
137,1998,88
137,1999,76
137,2000,113
137,2001,126
137,2002,153
137,2003,161
137,2004,133
137,2005,128
137,2006,71
137,2007,56
137,2008,36
137,2009,104
137,2010,122
137,2011,85
137,2012,118
137,2013,107
137,2014,99
137,2015,110
137,2016,91
137,2017,96
137,2018,95
137,2019,68
137,2020,50
137,2021,40
137,2022,55
137,2023,45
138,1961,0
138,1962,0
138,1963,0
138,1964,0
138,1965,0
138,1966,0
138,1967,0
138,1968,0
138,1969,0
138,1970,0
138,1971,0
138,1972,0
138,1973,1
138,1974,0
138,1975,1
138,1976,1
138,1977,1
138,1978,1
138,1979,1
138,1980,1
138,1981,0
138,1982,1
138,1983,0
138,1984,1
138,1985,2
138,1986,1
138,1987,2
138,1988,3
138,1989,8
138,1990,7
138,1991,3
138,1992,3
138,1993,5
138,1994,15
138,1995,13
138,1996,13
138,1997,18
138,1998,20
138,1999,18
138,2000,21
138,2001,24
138,2002,27
138,2003,31
138,2004,38
138,2005,58
138,2006,47
138,2007,57
138,2008,65
138,2009,65
138,2010,75
138,2011,84
138,2012,86
138,2013,84
138,2014,85
138,2015,97
138,2016,118
138,2017,137
138,2018,156
138,2019,137
138,2020,145
138,2021,151
138,2022,159
138,2023,163
14,1961,5
14,1962,6
14,1963,7
14,1964,8
14,1965,8
14,1966,8
14,1967,7
14,1968,9
14,1969,10
14,1970,13
14,1971,20
14,1972,20
14,1973,14
14,1974,15
14,1975,10
14,1976,15
14,1977,15
14,1978,16
14,1979,18
14,1980,33
14,1981,30
14,1982,21
14,1983,15
14,1984,6
14,1985,2
14,1986,8
14,1987,9
14,1988,18
14,1989,19
14,1990,21
14,1991,27
14,1992,26
14,1993,23
14,1994,23
14,1995,36
14,1996,44
14,1997,63
14,1998,101
14,1999,76
14,2000,49
14,2001,62
14,2002,84
14,2003,93
14,2004,103
14,2005,97
14,2006,78
14,2007,96
14,2008,92
14,2009,74
14,2010,72
14,2011,77
14,2012,95
14,2013,101
14,2014,112
14,2015,96
14,2016,92
14,2017,93
14,2018,94
14,2019,99
14,2020,86
14,2021,88
14,2022,131
14,2023,139
141,1986,9
141,1987,5191
141,1988,2630
141,1989,1177
141,1990,865
141,1997,11
141,1998,3
141,1999,8
141,2000,1
141,2001,4
141,2003,0
141,2004,1
141,2005,1
141,2006,0
141,2013,1
141,2014,2
141,2015,263
141,2016,35
141,2017,43
141,2018,21
141,2019,26
141,2020,5
141,2021,3
141,2022,3
141,2023,3
143,1961,6
143,1962,6
143,1963,5
143,1964,3
143,1965,3
143,1966,2
143,1967,1
143,1968,20
143,1969,3
143,1970,2
143,1971,0
143,1972,0
143,1973,0
143,1974,1
143,1975,0
143,1976,3
143,1977,2
143,1978,1
143,1979,2
143,1980,3
143,1981,1
143,1982,0
143,1983,0
143,1984,0
143,1985,0
143,1986,0
143,1987,0
143,1988,0
143,1989,0
143,1990,0
143,1991,0
143,1992,1
143,1993,0
143,1994,10
143,1995,21
143,1996,25
143,1997,46
143,1998,64
143,1999,48
143,2000,73
143,2001,130
143,2002,128
143,2003,109
143,2004,60
143,2005,71
143,2006,87
143,2007,111
143,2008,72
143,2009,73
143,2010,94
143,2011,15
143,2012,154
143,2013,164
143,2014,170
143,2015,97
143,2016,33
143,2017,20
143,2018,36
143,2019,31
143,2020,22
143,2021,29
143,2022,32
143,2023,47
144,1961,3
144,1962,5
144,1963,6
144,1964,8
144,1965,8
144,1966,10
144,1967,13
144,1968,14
144,1969,28
144,1970,7
144,1971,9
144,1972,7
144,1973,5
144,1974,4
144,1975,0
144,1976,0
144,2002,1
144,2003,1
144,2004,7
144,2005,2
144,2006,9
144,2007,6
144,2008,4
144,2009,4
144,2010,157
144,2011,191
144,2012,251
144,2013,144
144,2014,143
144,2015,113
144,2016,44
144,2017,35
144,2018,20
144,2019,120
144,2020,155
144,2021,83
144,2022,89
144,2023,66
146,1992,12
146,1994,8
146,1995,118
146,1996,87
146,1997,35
146,1998,69
146,1999,88
146,2000,29
146,2001,23
146,2002,63
146,2003,44
146,2004,18
146,2005,26
146,2006,24
146,2007,23
146,2008,31
146,2009,55
146,2010,52
146,2011,104
146,2012,101
146,2013,85
146,2014,116
146,2015,97
146,2016,86
146,2017,89
146,2018,102
146,2019,99
146,2020,90
146,2021,84
146,2022,144
146,2023,202
147,1997,11
147,1998,22
147,1999,14
147,2000,15
147,2001,15
147,2002,69
147,2003,19
147,2004,0
147,2005,0
147,2006,1
147,2007,0
147,2008,0
147,2009,0
147,2010,0
147,2011,1
147,2012,44
147,2013,89
147,2014,62
147,2015,152
147,2016,86
147,2017,73
147,2018,83
147,2019,91
147,2020,35
147,2021,84
147,2022,81
147,2023,83
148,2014,0
148,2016,200
148,2021,39
149,1982,7
149,1983,17
149,1984,164
149,1985,191
149,1986,54
149,1987,15
149,1988,8
149,1989,6
149,1990,5
149,1991,15
149,1992,6
149,1993,5
149,1994,6
149,1995,12
149,1996,17
149,1997,354
149,1998,344
149,1999,380
149,2000,44
149,2001,117
149,2002,123
149,2003,263
149,2004,88
149,2005,62
149,2006,23
149,2007,71
149,2008,102
149,2009,137
149,2010,104
149,2011,144
149,2012,103
149,2013,114
149,2014,122
149,2015,77
149,2016,101
149,2017,102
149,2018,113
149,2019,99
149,2020,92
149,2021,97
149,2022,110
149,2023,93
150,1961,4
150,1962,6
150,1963,5
150,1964,5
150,1965,6
150,1966,10
150,1967,10
150,1968,20
150,1969,20
150,1970,24
150,1971,24
150,1972,23
150,1973,26
150,1974,25
150,1975,31
150,1976,35
150,1977,38
150,1978,37
150,1979,37
150,1980,39
150,1981,36
150,1982,42
150,1983,37
150,1984,47
150,1985,48
150,1986,40
150,1987,46
150,1988,51
150,1989,55
150,1990,59
150,1991,65
150,1992,66
150,1993,70
150,1994,77
150,1995,81
150,1996,80
150,1997,84
150,1998,74
150,1999,92
150,2000,87
150,2001,83
150,2002,78
150,2003,79
150,2004,89
150,2005,85
150,2006,92
150,2007,76
150,2008,82
150,2009,82
150,2010,83
150,2011,85
150,2012,86
150,2013,88
150,2014,92
150,2015,100
150,2016,108
150,2017,128
150,2018,134
150,2019,146
150,2020,148
150,2021,160
150,2022,166
150,2023,154
153,1975,408
153,1976,143
153,1977,112
153,1978,311
153,1979,101
153,1980,90
153,1981,154
153,1982,116
153,1983,197
153,1986,34
153,1996,42
153,1997,50
153,1998,74
153,1999,74
153,2000,74
153,2001,34
153,2002,27
153,2003,51
153,2004,376
153,2005,151
153,2006,213
153,2007,138
153,2008,197
153,2009,173
153,2010,82
153,2011,98
153,2012,109
153,2013,50
153,2014,57
153,2015,45
153,2016,197
153,2017,230
153,2018,176
153,2019,202
153,2020,44
153,2021,70
153,2022,53
153,2023,1
154,1992,9
154,1993,8
154,1994,15
154,1995,85
154,1996,16
154,1997,12
154,1998,10
154,1999,11
154,2000,11
154,2001,9
154,2002,8
154,2003,12
154,2004,15
154,2005,23
154,2006,30
154,2007,36
154,2008,48
154,2009,45
154,2010,63
154,2011,69
154,2012,68
154,2013,79
154,2014,89
154,2015,104
154,2016,106
154,2017,96
154,2018,96
154,2019,93
154,2020,90
154,2021,91
154,2022,88
154,2023,98
155,1987,168
155,2004,999
155,2014,237
155,2015,52
155,2016,11
155,2017,0
155,2018,15
155,2019,33
155,2020,225
155,2021,9
155,2022,0
155,2023,0
156,1961,0
156,1962,0
156,1963,0
156,1964,0
156,1965,0
156,1966,1
156,1967,0
156,1968,1
156,1969,1
156,1970,2
156,1971,2
156,1972,2
156,1973,2
156,1974,2
156,1975,2
156,1976,3
156,1977,3
156,1978,3
156,1979,3
156,1980,4
156,1981,7
156,1982,8
156,1983,18
156,1984,15
156,1985,16
156,1986,10
156,1987,9
156,1988,10
156,1989,12
156,1990,8
156,1991,10
156,1992,14
156,1993,16
156,1994,16
156,1995,31
156,1996,28
156,1997,28
156,1998,27
156,1999,32
156,2000,30
156,2001,23
156,2002,28
156,2003,24
156,2004,46
156,2005,76
156,2006,79
156,2007,88
156,2008,73
156,2009,92
156,2010,93
156,2011,60
156,2012,82
156,2013,92
156,2014,89
156,2015,95
156,2016,116
156,2017,99
156,2018,124
156,2019,145
156,2020,142
156,2021,128
156,2022,132
156,2023,114
157,1961,0
157,1962,0
157,1963,0
157,1964,1
157,1965,7
157,1966,6
157,1967,9
157,1968,12
157,1969,11
157,1970,14
157,1971,15
157,1972,15
157,1973,11
157,1974,12
157,1975,11
157,1976,12
157,1977,14
157,1978,16
157,1979,9
157,1980,12
157,1981,10
157,1982,8
157,1983,7
157,1984,6
157,1985,3
157,1986,6
157,1987,14
157,1988,1
157,1989,2
157,1990,2
157,1991,2
157,1992,2
157,1993,3
157,1994,4
157,1995,8
157,1996,5
157,1997,5
157,1998,11
157,1999,11
157,2000,16
157,2001,28
157,2002,97
157,2003,122
157,2004,113
157,2005,101
157,2006,86
157,2007,72
157,2008,70
157,2009,71
157,2010,85
157,2011,92
157,2012,101
157,2013,78
157,2014,109
157,2015,102
157,2016,89
157,2017,72
157,2018,65
157,2019,50
157,2020,47
157,2021,33
157,2022,21
157,2023,25
158,1979,1
158,1980,0
158,1981,2
158,1988,1
158,1990,0
158,1995,0
158,1996,5
158,1997,0
158,1998,0
158,1999,1
158,2000,2
158,2001,1
158,2002,3
158,2003,2
158,2004,18
158,2005,6
158,2006,3
158,2007,5
158,2008,8
158,2009,8
158,2010,82
158,2011,71
158,2012,73
158,2013,54
158,2014,78
158,2015,85
158,2016,137
158,2017,162
158,2018,240
158,2019,27
158,2020,28
158,2021,38
158,2022,11
158,2023,11
159,1963,2
159,1964,2
159,1965,2
159,1966,0
159,1969,0
159,1973,23
159,1978,38
159,1979,216
159,1981,32
159,1982,91
159,1988,1
159,1989,0
159,1990,0
159,1991,0
159,1992,0
159,1993,430
159,1994,4
159,1995,669
159,1996,9
159,1997,6
159,1998,11
159,1999,12
159,2000,53
159,2001,218
159,2002,90
159,2003,74
159,2004,44
159,2005,71
159,2006,132
159,2007,85
159,2008,88
159,2009,23
159,2010,27
159,2011,47
159,2012,43
159,2013,36
159,2014,114
159,2015,88
159,2016,98
159,2017,355
159,2018,325
159,2019,260
159,2020,118
159,2021,169
159,2022,130
159,2023,232
16,1977,2
16,1978,0
16,1980,0
16,1981,1
16,1982,0
16,1983,0
16,1987,0
16,1988,0
16,1989,0
16,1993,0
16,1994,0
16,1995,0
16,1996,0
16,1997,1
16,1998,1
16,1999,0
16,2000,1
16,2001,1
16,2002,3
16,2003,2
16,2004,3
16,2005,11
16,2006,8
16,2007,15
16,2008,17
16,2009,22
16,2010,28
16,2011,37
16,2012,39
16,2013,47
16,2014,79
16,2015,127
16,2016,94
16,2017,112
16,2018,141
16,2019,171
16,2020,223
16,2021,236
16,2022,173
16,2023,176
160,2014,100
160,2021,0
160,2022,0
162,1961,16
162,1962,23
162,1963,30
162,1964,27
162,1965,20
162,1966,24
162,1967,23
162,1968,29
162,1969,87
162,1970,107
162,1971,84
162,1972,39
162,1973,45
162,1974,47
162,1975,53
162,1976,55
162,1977,96
162,1978,72
162,1979,75
162,1980,86
162,1981,83
162,1982,64
162,1983,63
162,1984,65
162,1985,71
162,1986,66
162,1987,75
162,1988,85
162,1989,83
162,1990,86
162,1991,86
162,1992,97
162,1993,98
162,1994,129
162,1995,135
162,1996,142
162,1997,132
162,1998,123
162,1999,96
162,2000,98
162,2001,104
162,2002,96
162,2003,103
162,2004,111
162,2005,108
162,2006,107
162,2007,110
162,2008,108
162,2009,87
162,2010,105
162,2011,96
162,2012,90
162,2013,92
162,2014,94
162,2015,101
162,2016,105
162,2017,116
162,2018,106
162,2019,130
162,2020,124
162,2021,130
162,2022,172
162,2023,171
165,1964,1
165,1965,0
165,1966,0
165,1967,0
165,1968,0
165,1969,0
165,1970,0
165,1971,0
165,1972,0
165,1973,0
165,1974,0
165,1975,0
165,1976,1
165,1977,0
165,1978,0
165,1979,0
165,1980,0
165,1981,0
165,1982,1
165,1983,1
165,1984,1
165,1985,0
165,1986,1
165,1987,0
165,1988,0
165,1989,0
165,1990,0
165,1991,0
165,1992,0
165,1993,0
165,1994,0
165,1995,0
165,1996,1
165,1997,1
165,1998,1
165,1999,1
165,2000,5
165,2001,57
165,2002,75
165,2003,56
165,2004,42
165,2005,95
165,2006,68
165,2007,75
165,2008,39
165,2009,9
165,2010,11
165,2011,180
165,2012,134
165,2013,100
165,2014,69
165,2015,144
165,2016,87
165,2017,55
165,2018,80
165,2019,87
165,2020,20
165,2021,32
165,2022,36
165,2023,41
166,1962,0
166,1963,0
166,1964,0
166,1965,0
166,1966,0
166,1967,1
166,1968,1
166,1969,1
166,1970,0
166,1971,1
166,1972,2
166,1973,3
166,1974,2
166,1975,2
166,1976,2
166,1977,5
166,1978,4
166,1979,2
166,1980,4
166,1981,8
166,1982,7
166,1983,8
166,1984,2
166,1985,1
166,1986,1
166,1987,1
166,1988,6
166,1989,4
166,1990,2
166,1991,2
166,1992,3
166,1993,27
166,1994,44
166,1995,16
166,1996,128
166,1997,5
166,1998,13
166,1999,17
166,2000,17
166,2001,18
166,2002,26
166,2003,31
166,2004,32
166,2005,29
166,2006,62
166,2007,59
166,2008,91
166,2009,122
166,2010,69
166,2011,50
166,2012,45
166,2013,32
166,2014,92
166,2015,105
166,2016,103
166,2017,338
166,2018,226
166,2019,90
166,2020,59
166,2021,34
166,2022,89
166,2023,218
167,1993,41
167,1994,40
167,1995,59
167,1996,46
167,1997,41
167,1998,44
167,1999,43
167,2000,62
167,2001,45
167,2002,48
167,2003,54
167,2004,67
167,2005,60
167,2006,68
167,2007,68
167,2008,74
167,2009,76
167,2010,79
167,2011,88
167,2012,89
167,2013,86
167,2014,96
167,2015,96
167,2016,108
167,2017,109
167,2018,114
167,2019,111
167,2020,108
167,2021,118
167,2022,124
167,2023,121
168,1961,3
168,1964,2
168,1967,3
168,1968,2
168,1969,2
168,1970,5
168,1971,3
168,1973,8
168,1974,108
168,1975,127
168,1976,69
168,1977,74
168,1978,95
168,1979,116
168,1980,138
168,1981,203
168,1982,159
168,1983,123
168,1984,363
168,1985,278
168,1986,92
168,1987,68
168,1990,2
168,1993,105
168,1996,195
168,1997,46
168,1998,138
168,1999,148
168,2000,85
168,2001,569
168,2002,275
168,2003,349
168,2004,116
168,2005,1234
168,2006,1159
168,2007,1247
168,2008,37
168,2009,20
168,2010,6
168,2011,5
168,2012,5
168,2013,90
168,2014,3
168,2015,249
168,2016,48
168,2017,729
168,2018,884
168,2019,5
168,2020,855
168,2021,325
168,2022,48
168,2023,0
169,1994,2
169,1995,2
169,1996,6
169,1997,68
169,1998,52
169,1999,6
169,2000,8
169,2001,13
169,2002,7
169,2003,25
169,2004,48
169,2005,26
169,2006,26
169,2007,20
169,2008,42
169,2009,22
169,2010,36
169,2011,49
169,2012,68
169,2013,248
169,2014,49
169,2015,96
169,2016,155
169,2017,162
169,2018,137
169,2019,128
169,2020,84
169,2021,95
169,2022,147
169,2023,116
170,1961,1
170,1962,2
170,1963,1
170,1964,0
170,1965,0
170,1966,0
170,1967,0
170,1968,0
170,1969,0
170,1970,0
170,1971,1
170,1972,2
170,1973,1
170,1974,0
170,1975,0
170,1978,0
170,1979,5
170,1980,1
170,1981,0
170,1982,0
170,1983,0
170,1984,0
170,1985,0
170,1986,0
170,1987,0
170,1988,0
170,1989,0
170,1990,0
170,1991,0
170,1992,0
170,1993,8
170,1994,19
170,1995,10
170,1996,2
170,1997,5
170,1998,10
170,1999,16
170,2000,15
170,2001,34
170,2002,42
170,2003,50
170,2004,48
170,2005,52
170,2006,67
170,2007,63
170,2008,68
170,2009,66
170,2010,85
170,2011,103
170,2012,90
170,2013,95
170,2014,101
170,2015,90
170,2016,109
170,2017,109
170,2018,115
170,2019,121
170,2020,135
170,2021,162
170,2022,152
170,2023,170
171,1962,0
171,1963,0
171,1964,0
171,1965,0
171,1966,0
171,1967,0
171,1968,0
171,1969,0
171,1970,0
171,1971,0
171,1972,0
171,1973,0
171,1974,1
171,1975,1
171,1976,1
171,1977,1
171,1978,1
171,1979,2
171,1980,2
171,1981,2
171,1982,3
171,1983,3
171,1984,4
171,1985,3
171,1986,3
171,1987,5
171,1988,5
171,1989,5
171,1990,5
171,1991,5
171,1992,7
171,1993,8
171,1994,9
171,1995,10
171,1996,17
171,1997,17
171,1998,17
171,1999,18
171,2000,28
171,2001,51
171,2002,36
171,2003,29
171,2004,32
171,2005,45
171,2006,55
171,2007,50
171,2008,48
171,2009,46
171,2010,45
171,2011,48
171,2012,32
171,2013,46
171,2014,120
171,2015,71
171,2016,109
171,2017,141
171,2018,92
171,2019,152
171,2020,82
171,2021,126
171,2022,77
171,2023,66
173,1961,2
173,1962,1
173,1963,4
173,1964,4
173,1965,4
173,1966,4
173,1967,4
173,1968,4
173,1969,4
173,1970,4
173,1971,4
173,1972,4
173,1973,4
173,1974,3
173,1975,2
173,1976,2
173,1977,2
173,1978,2
173,1979,3
173,1980,4
173,1981,2
173,1982,1
173,1983,1
173,1984,1
173,1985,1
173,1986,1
173,1987,1
173,1988,1
173,1989,2
173,1990,1
173,1991,1
173,1992,20
173,1993,2
173,1994,3
173,1995,8
173,1996,11
173,1997,14
173,1998,11
173,1999,9
173,2000,9
173,2001,10
173,2002,13
173,2003,16
173,2004,29
173,2005,31
173,2006,32
173,2007,39
173,2008,46
173,2009,58
173,2010,60
173,2011,67
173,2012,68
173,2013,74
173,2014,88
173,2015,97
173,2016,115
173,2017,132
173,2018,142
173,2019,149
173,2020,157
173,2021,170
173,2022,174
173,2023,176
174,1961,0
174,1962,0
174,1963,0
174,1964,0
174,1965,0
174,1966,0
174,1967,0
174,1968,0
174,1969,0
174,1970,0
174,1971,0
174,1972,0
174,1973,1
174,1974,1
174,1975,1
174,1976,2
174,1977,6
174,1978,6
174,1979,6
174,1980,9
174,1981,6
174,1982,3
174,1983,2
174,1984,1
174,1985,1
174,1986,1
174,1987,3
174,1988,2
174,1989,3
174,1990,3
174,1991,4
174,1992,4
174,1993,7
174,1994,9
174,1995,14
174,1996,18
174,1997,20
174,1998,19
174,1999,16
174,2000,16
174,2001,17
174,2002,24
174,2003,22
174,2004,30
174,2005,32
174,2006,39
174,2007,42
174,2008,41
174,2009,49
174,2010,58
174,2011,63
174,2012,74
174,2013,74
174,2014,90
174,2015,94
174,2016,116
174,2017,119
174,2018,111
174,2019,113
174,2020,108
174,2021,102
174,2022,102
174,2023,102
175,1969,248002
175,2014,100
175,2018,147479
175,2023,6391182
176,2014,297
176,2015,1
176,2016,1
176,2017,1407
176,2018,31
176,2021,6
178,1994,38009
178,1995,20218
178,1996,20218
178,1997,20218
178,1998,20218
178,1999,20218
178,2000,238569
178,2014,291
178,2015,8
178,2016,1
178,2017,202
178,2018,911
178,2019,445
178,2020,1143
178,2021,26
178,2022,38
178,2023,81150
179,1972,0
179,1973,0
179,1974,1
179,1975,0
179,1990,0
179,1991,1
179,1992,1
179,1993,0
179,1994,3
179,1995,12
179,1996,3
179,1997,3
179,1998,3
179,1999,3
179,2000,2
179,2001,3
179,2002,3
179,2003,5
179,2004,6
179,2005,11
179,2006,6
179,2007,4
179,2008,7
179,2009,9
179,2010,26
179,2011,40
179,2012,69
179,2013,88
179,2014,65
179,2015,109
179,2016,126
179,2017,63
179,2018,3
179,2019,1
179,2020,1
179,2021,1
179,2022,2
179,2023,3
18,1991,236
18,1992,208
18,1993,204
18,1994,56
18,1995,131
18,1996,294
18,1997,291
18,1998,358
18,1999,358
18,2000,171
18,2001,40
18,2003,1
18,2004,122
18,2005,17
18,2006,2
18,2007,2
18,2008,2
18,2009,2
18,2010,13
18,2011,13
18,2012,217
18,2013,217
18,2014,151
18,2015,114
18,2016,35
18,2017,13
18,2018,23
18,2019,40
18,2020,6
18,2021,0
18,2022,0
18,2023,0
181,1961,18
181,1962,27
181,1963,19
181,1964,22
181,1965,65
181,1966,74
181,1967,41
181,1968,52
181,1969,62
181,1970,72
181,1971,83
181,1972,93
181,1973,103
181,1974,114
181,1975,156
181,1976,247
181,1977,232
181,1978,233
181,1979,193
181,1980,128
181,1981,148
181,1982,132
181,1983,112
181,1984,49
181,1985,146
181,1986,284
181,1987,490
181,1988,161
181,1989,151
181,1990,237
181,1991,500
181,1992,102
181,1993,171
181,1994,623
181,1995,769
181,1996,389
181,1997,608
181,1998,470
181,1999,532
181,2000,391
181,2001,171
181,2002,213
181,2003,175
181,2004,202
181,2005,120
181,2006,150
181,2007,53
181,2008,42
181,2009,36
181,2010,14
181,2011,27
181,2012,68
181,2013,92
181,2014,87
181,2015,132
181,2016,81
181,2017,23
181,2018,31
181,2019,56
181,2020,100
181,2021,146
181,2022,107
181,2023,85
183,1967,19
183,1968,59
183,1969,16
183,1970,40
183,1971,36
183,1972,1
183,1974,2
183,1975,1
183,1976,2
183,1977,1
183,1980,22
183,1989,1
183,1991,1
183,1992,0
183,1993,0
183,1994,0
183,1995,8
183,1996,72
183,1997,1
183,1998,2
183,1999,3
183,2000,5
183,2001,6
183,2002,10
183,2003,20
183,2004,21
183,2005,20
183,2006,27
183,2007,28
183,2008,31
183,2009,34
183,2010,76
183,2011,71
183,2012,77
183,2013,66
183,2014,68
183,2015,102
183,2016,130
183,2017,101
183,2018,94
183,2019,100
183,2020,113
183,2021,126
183,2022,167
183,2023,177
184,1997,0
184,2003,0
184,2004,0
184,2005,0
184,2006,0
184,2007,2
184,2008,7
184,2009,1
184,2010,5
184,2011,24
184,2012,87
184,2013,69
184,2014,81
184,2015,127
184,2016,92
184,2017,139
184,2018,236
184,2019,210
184,2020,229
184,2021,350
184,2022,328
184,2023,35
185,1992,1
185,1993,1
185,1994,64
185,1995,18
185,1996,6
185,1997,16
185,1998,21
185,1999,29
185,2000,40
185,2001,43
185,2002,33
185,2003,64
185,2004,40
185,2005,60
185,2006,63
185,2007,86
185,2008,107
185,2009,101
185,2010,49
185,2011,142
185,2012,53
185,2013,63
185,2014,77
185,2015,115
185,2016,108
185,2017,107
185,2018,138
185,2019,157
185,2020,162
185,2021,196
185,2022,184
185,2023,209
188,1975,73
188,1977,12
188,1996,1097
188,2000,902
188,2001,743
188,2002,463
188,2003,512
188,2004,232
188,2005,49
188,2006,122
188,2014,104
188,2015,52
188,2016,144
188,2017,58
188,2020,629
188,2021,28
188,2022,0
188,2023,0
189,1973,66
189,1974,124
189,1977,816
189,1978,1072
189,1979,769
189,1980,435
189,1981,315
189,1982,35
189,1993,12
189,1994,167
189,1995,132
189,1996,8
189,1997,8
189,1998,62
189,1999,148
189,2002,575
189,2003,824
189,2004,653
189,2005,796
189,2006,497
189,2007,486
189,2008,1305
189,2009,148
189,2010,70
189,2011,62
189,2012,62
189,2013,62
189,2014,62
189,2015,76
189,2016,162
189,2017,10447
189,2018,2543
189,2019,4872
189,2020,9724
189,2021,8363
189,2022,5630
189,2023,9190
19,1961,0
19,1964,3
19,1965,0
19,1966,0
19,1967,1
19,1968,1
19,1969,8
19,1970,0
19,1978,20
19,1979,14
19,1980,32
19,1981,16
19,1982,426
19,1983,241
19,1984,85
19,1985,178
19,1986,315
19,1987,919
19,1988,854
19,1989,2031
19,1990,1062
19,1991,1458
19,1992,1247
19,1993,3096
19,1994,2866
19,1995,117
19,1996,88
19,1997,132
19,1998,173
19,1999,145
19,2000,119
19,2001,102
19,2002,110
19,2003,110
19,2004,98
19,2005,105
19,2006,134
19,2007,262
19,2008,121
19,2009,58
19,2010,65
19,2011,76
19,2012,73
19,2013,120
19,2014,119
19,2015,93
19,2016,88
19,2017,111
19,2018,233
19,2019,276
19,2020,128
19,2021,115
19,2022,94
19,2023,78
191,1977,1
191,1978,57
191,1979,43
191,1980,22
191,1981,48
191,1982,84
191,1983,85
191,1984,101
191,1985,111
191,1986,88
191,1987,97
191,1988,107
191,1989,111
191,1990,114
191,1991,109
191,1992,121
191,1993,123
191,1994,121
191,1995,115
191,1996,81
191,1997,110
191,1998,87
191,1999,78
191,2000,55
191,2001,54
191,2002,60
191,2003,65
191,2004,68
191,2005,69
191,2006,68
191,2007,74
191,2008,65
191,2009,69
191,2010,78
191,2011,30
191,2012,22
191,2013,37
191,2014,102
191,2015,101
191,2016,97
191,2017,85
191,2018,69
191,2019,71
191,2020,78
191,2021,76
191,2022,75
191,2023,44
193,2015,2
193,2016,198
193,2019,7
193,2020,2936
194,1970,0
194,1972,0
194,1973,1
194,1974,0
194,1975,1
194,1976,0
194,1977,0
194,1978,1
194,1979,1
194,1980,10
194,1981,5
194,1982,5
194,1983,3
194,1984,3
194,1985,3
194,1986,5
194,1987,4
194,1988,3
194,1989,5
194,1990,2
194,1991,4
194,1992,7
194,1993,5
194,1994,4
194,1995,6
194,1996,8
194,1997,9
194,1998,10
194,1999,7
194,2000,8
194,2001,9
194,2002,14
194,2003,20
194,2004,21
194,2005,24
194,2006,33
194,2007,44
194,2008,29
194,2009,19
194,2010,90
194,2011,95
194,2012,105
194,2013,103
194,2014,98
194,2015,103
194,2016,99
194,2017,94
194,2018,78
194,2019,84
194,2020,102
194,2021,117
194,2022,132
194,2023,133
195,1961,46
195,1962,51
195,1963,46
195,1964,53
195,1965,55
195,1966,50
195,1967,25
195,1968,44
195,1969,47
195,1970,59
195,1971,18
195,1972,6
195,1973,30
195,1974,31
195,1975,19
195,1976,5
195,1977,21
195,1978,59
195,1979,5
195,1980,5
195,1981,8
195,1982,9
195,1983,6
195,1984,6
195,1985,3
195,1986,1
195,1987,0
195,1988,0
195,1989,2
195,1990,1
195,1991,1
195,1992,1
195,1993,2
195,1994,4
195,1995,2
195,1996,2
195,1997,1
195,1998,3
195,1999,1
195,2000,2
195,2001,1
195,2002,3
195,2003,4
195,2004,12
195,2005,33
195,2006,67
195,2007,49
195,2008,51
195,2009,39
195,2010,60
195,2011,47
195,2012,75
195,2013,55
195,2014,87
195,2015,126
195,2016,87
195,2017,109
195,2018,113
195,2019,85
195,2020,117
195,2021,141
195,2022,143
195,2023,65
197,1982,452
197,1983,297
197,1984,254
197,1985,266
197,1986,254
197,2002,152
197,2003,152
197,2004,158
197,2005,12
197,2006,12
197,2007,12
197,2008,12
197,2009,12
197,2013,15
197,2014,59
197,2015,160
197,2016,81
197,2017,152
197,2018,282
197,2019,0
197,2020,99
197,2021,73
197,2022,74
197,2023,77
198,1992,33
198,1993,30
198,1994,48
198,1995,23
198,1996,61
198,1997,56
198,1998,38
198,1999,15
198,2000,40
198,2001,36
198,2002,38
198,2003,34
198,2004,39
198,2005,44
198,2006,50
198,2007,44
198,2008,56
198,2009,70
198,2010,101
198,2011,102
198,2012,106
198,2013,60
198,2014,78
198,2015,97
198,2016,124
198,2017,174
198,2018,162
198,2019,164
198,2020,147
198,2021,145
198,2022,134
198,2023,163
199,1993,30
199,1994,23
199,1995,63
199,1996,45
199,1997,29
199,1998,30
199,1999,42
199,2000,44
199,2001,39
199,2002,50
199,2003,65
199,2004,59
199,2005,70
199,2006,77
199,2007,71
199,2008,79
199,2009,72
199,2010,87
199,2011,95
199,2012,102
199,2013,88
199,2014,91
199,2015,100
199,2016,110
199,2017,113
199,2018,113
199,2019,109
199,2020,112
199,2021,123
199,2022,144
199,2023,125
2,2014,113
2,2015,74
2,2016,113
2,2018,9
2,2019,32
2,2020,13
2,2021,6
2,2022,23
2,2023,23
20,1974,2
20,1975,1
20,1976,2
20,1977,8
20,1978,18
20,1979,24
20,1980,13
20,1981,2
20,1982,2
20,1983,4
20,1984,3
20,1985,4
20,1986,23
20,1987,29
20,1988,20
20,1989,14
20,1990,60
20,1991,104
20,1992,75
20,1993,80
20,1994,92
20,1995,76
20,1996,45
20,1997,24
20,1998,91
20,1999,109
20,2000,147
20,2001,104
20,2002,19
20,2003,31
20,2004,15
20,2005,1
20,2006,1
20,2007,61
20,2008,44
20,2009,174
20,2010,361
20,2011,224
20,2012,99
20,2013,89
20,2014,101
20,2015,100
20,2016,98
20,2017,58
20,2018,50
20,2019,40
20,2020,139
20,2021,126
20,2022,163
20,2023,150
200,1961,11
200,1962,13
200,1963,16
200,1964,16
200,1965,20
200,1966,18
200,1967,10
200,1968,8
200,1969,9
200,1970,15
200,1971,15
200,1972,10
200,1973,18
200,1974,20
200,1975,14
200,1976,10
200,1977,17
200,1978,34
200,1979,54
200,1980,52
200,1981,55
200,1982,30
200,1983,21
200,1984,18
200,1985,16
200,1986,20
200,1987,21
200,1988,41
200,1989,33
200,1990,27
200,1991,35
200,1992,35
200,1993,28
200,1994,50
200,1995,55
200,1996,46
200,1997,47
200,1998,37
200,1999,32
200,2000,32
200,2001,36
200,2002,39
200,2003,39
200,2004,47
200,2005,60
200,2006,70
200,2007,73
200,2008,75
200,2009,80
200,2010,85
200,2011,88
200,2012,90
200,2013,93
200,2014,99
200,2015,100
200,2016,101
200,2017,102
200,2018,102
200,2019,102
200,2020,73
200,2021,83
200,2022,90
200,2023,82
201,1961,2
201,1962,3
201,1965,2
201,1966,7
201,1968,1
201,1969,2
201,1973,3
201,1974,1
201,1977,6
201,1981,3
201,2005,12
201,2013,1
201,2015,67
201,2016,133
201,2017,69
201,2018,124
201,2019,209
201,2020,515
201,2021,574
201,2022,138
201,2023,1842
202,1961,11
202,1962,23
202,1963,8
202,1964,4
202,1965,3
202,1966,1
202,1967,2
202,1968,8
202,1969,6
202,1970,3
202,1971,6
202,1972,5
202,1973,5
202,1974,10
202,1975,7
202,1976,6
202,1977,5
202,1978,5
202,1979,4
202,1980,9
202,1981,7
202,1982,9
202,1983,9
202,1984,11
202,1985,6
202,1986,11
202,1987,9
202,1988,8
202,1989,25
202,1990,12
202,1991,25
202,1992,24
202,1993,25
202,1994,35
202,1995,42
202,1996,41
202,1997,31
202,1998,50
202,1999,47
202,2000,23
202,2001,29
202,2002,47
202,2003,24
202,2004,12
202,2005,68
202,2006,16
202,2007,10
202,2008,39
202,2009,45
202,2010,47
202,2011,45
202,2012,51
202,2013,110
202,2014,103
202,2015,98
202,2016,99
202,2017,92
202,2018,98
202,2019,109
202,2020,139
202,2021,113
202,2022,102
202,2023,148
203,1961,0
203,1962,1
203,1963,0
203,1964,0
203,1965,5
203,1966,0
203,1967,30
203,1968,23
203,1969,16
203,1970,22
203,1971,2
203,1972,12
203,1973,7
203,1974,2
203,1975,2
203,1976,3
203,1977,5
203,1978,12
203,1979,18
203,1980,15
203,1981,44
203,1982,14
203,1983,12
203,1984,7
203,1985,12
203,1986,9
203,1987,12
203,1988,15
203,1989,14
203,1990,23
203,1991,25
203,1992,42
203,1993,66
203,1994,82
203,1995,83
203,1996,79
203,1997,89
203,1998,74
203,1999,60
203,2000,53
203,2001,69
203,2002,68
203,2003,76
203,2004,84
203,2005,84
203,2006,75
203,2007,72
203,2008,70
203,2009,73
203,2010,66
203,2011,81
203,2012,101
203,2013,92
203,2014,93
203,2015,100
203,2016,107
203,2017,117
203,2018,122
203,2019,130
203,2020,134
203,2021,140
203,2022,140
203,2023,170
207,1988,0
207,1989,0
207,1990,1
207,1991,0
207,1992,1
207,1993,0
207,1994,0
207,1995,1
207,1996,0
207,1997,0
207,1998,1
207,1999,0
207,2000,0
207,2002,0
207,2003,32
207,2004,1
207,2006,1
207,2007,0
207,2008,4
207,2009,28
207,2010,23
207,2011,99
207,2012,130
207,2013,26
207,2014,78
207,2015,98
207,2016,124
207,2017,25
207,2018,12
207,2019,13
207,2020,9
207,2021,68
207,2022,83
207,2023,20
208,2001,1159
208,2005,194
208,2006,194
208,2007,97
208,2008,97
208,2009,2622
208,2010,777
208,2011,777
208,2012,777
208,2013,777
208,2014,6
208,2015,6
208,2016,289
208,2017,293
208,2018,1112
208,2019,3169
208,2020,596
208,2021,2659
208,2022,6073
208,2023,6905
209,1972,47
209,1973,73
209,1974,96
209,1987,28
209,1988,204
209,1989,259
209,1990,303
209,1991,50
209,1992,50
209,1993,50
209,1994,50
209,1995,50
209,1996,50
209,1997,407
209,1998,767
209,1999,405
209,2000,668
209,2001,419
209,2002,380
209,2003,985
209,2004,1928
209,2005,920
209,2006,319
209,2007,95
209,2008,29
209,2009,29
209,2010,29
209,2011,32
209,2012,31
209,2013,143
209,2014,88
209,2015,126
209,2016,86
209,2017,124
209,2018,146
209,2019,198
209,2020,234
209,2021,2037
209,2022,1493
209,2023,1106
21,1963,0
21,1966,0
21,1968,0
21,1969,0
21,1970,0
21,1971,0
21,1972,0
21,1973,2
21,1974,15
21,1975,8
21,1976,7
21,1977,5
21,1978,5
21,1979,5
21,1980,8
21,1981,12
21,1982,3
21,1983,11
21,1984,84
21,1985,36
21,1986,3
21,1987,5
21,1988,4
21,1989,2
21,1990,2
21,1991,4
21,1992,9
21,1993,11
21,1994,9
21,1995,11
21,1996,15
21,1997,14
21,1998,14
21,1999,19
21,2000,22
21,2001,26
21,2002,27
21,2003,42
21,2004,52
21,2005,60
21,2006,67
21,2007,87
21,2008,103
21,2009,91
21,2010,70
21,2011,78
21,2012,77
21,2013,93
21,2014,112
21,2015,97
21,2016,91
21,2017,141
21,2018,105
21,2019,115
21,2020,195
21,2021,190
21,2022,145
21,2023,110
210,1961,4
210,1962,5
210,1963,5
210,1964,5
210,1965,6
210,1966,8
210,1967,8
210,1968,8
210,1969,12
210,1970,13
210,1971,11
210,1972,17
210,1973,14
210,1974,17
210,1975,20
210,1976,22
210,1977,30
210,1978,25
210,1979,28
210,1980,29
210,1981,33
210,1982,33
210,1983,31
210,1984,25
210,1985,28
210,1986,26
210,1987,30
210,1988,32
210,1989,33
210,1990,34
210,1991,33
210,1992,23
210,1993,21
210,1994,37
210,1995,29
210,1996,32
210,1997,46
210,1998,57
210,1999,54
210,2000,54
210,2001,57
210,2002,62
210,2003,68
210,2004,80
210,2005,102
210,2006,94
210,2007,103
210,2008,95
210,2009,76
210,2010,77
210,2011,84
210,2012,89
210,2013,104
210,2014,94
210,2015,101
210,2016,105
210,2017,109
210,2018,105
210,2019,107
210,2020,105
210,2021,108
210,2022,110
210,2023,111
211,1961,4
211,1962,5
211,1963,5
211,1964,5
211,1965,5
211,1966,6
211,1967,6
211,1968,7
211,1969,9
211,1970,9
211,1971,9
211,1972,6
211,1973,5
211,1974,4
211,1975,4
211,1976,4
211,1977,5
211,1978,4
211,1979,6
211,1980,8
211,1981,10
211,1982,10
211,1983,11
211,1984,10
211,1985,11
211,1986,14
211,1987,14
211,1988,15
211,1989,17
211,1990,19
211,1991,20
211,1992,22
211,1993,27
211,1994,28
211,1995,32
211,1996,38
211,1997,44
211,1998,51
211,1999,47
211,2000,55
211,2001,56
211,2002,55
211,2003,60
211,2004,65
211,2005,64
211,2006,72
211,2007,80
211,2008,85
211,2009,87
211,2010,92
211,2011,94
211,2012,81
211,2013,84
211,2014,99
211,2015,99
211,2016,102
211,2017,102
211,2018,109
211,2019,105
211,2020,109
211,2021,105
211,2022,103
211,2023,98
212,1961,16
212,1962,54
212,1963,41
212,1964,48
212,1965,38
212,1966,18
212,1967,20
212,1968,26
212,1969,8
212,1970,4
212,1971,5
212,1972,20
212,1973,11
212,1974,55
212,1975,12
212,1976,64
212,1977,17
212,1978,19
212,1979,15
212,1980,8
212,1981,5
212,1982,2
212,1983,1
212,1984,1
212,1985,0
212,1986,2
212,1987,2
212,1988,1
212,1989,73
212,1990,96
212,1991,42
212,1992,77
212,1993,53
212,1994,40
212,1995,39
212,1996,44
212,1997,34
212,1998,41
212,1999,33
212,2000,29
212,2001,77
212,2002,47
212,2003,112
212,2004,886
212,2005,319
212,2006,2129
212,2007,2336
212,2008,5228
212,2009,2641
212,2010,1770
212,2011,230
212,2012,136
212,2013,106
212,2014,155
212,2015,80
212,2016,65
212,2017,59
212,2018,66
212,2019,115
212,2020,169
212,2021,528
212,2022,205
212,2023,131
213,2014,154
213,2015,120
213,2016,26
213,2017,16269
213,2018,271
213,2019,2344
213,2020,678
213,2021,1146
213,2022,821
213,2023,1329
214,1961,3
214,1962,5
214,1963,12
214,1964,43
214,1965,52
214,1966,18
214,1967,15
214,1968,18
214,1969,19
214,1970,29
214,1971,49
214,1972,7
214,1973,11
214,1974,2
214,1975,4
214,1976,6
214,1977,6
214,1978,12
214,1979,12
214,1980,16
214,1981,15
214,1982,19
214,1983,23
214,1984,23
214,1985,23
214,1986,25
214,1987,26
214,1988,28
214,1989,32
214,1990,27
214,1991,51
214,1992,51
214,1993,33
214,1994,30
214,1995,31
214,1996,34
214,1997,36
214,1998,34
214,1999,36
214,2000,40
214,2001,45
214,2002,42
214,2003,33
214,2004,41
214,2005,44
214,2006,41
214,2007,40
214,2008,45
214,2009,43
214,2010,59
214,2011,66
214,2012,79
214,2013,93
214,2014,97
214,2015,100
214,2016,103
214,2017,104
214,2018,113
214,2019,124
214,2020,118
214,2021,114
214,2022,106
214,2023,106
215,1961,24
215,1962,28
215,1963,15
215,1964,1
215,1965,0
215,1966,5
215,1967,2
215,1968,0
215,1969,0
215,1970,0
215,1971,0
215,1972,0
215,1973,1
215,1974,0
215,1975,1
215,1976,0
215,1978,0
215,1979,0
215,1980,1
215,1981,6
215,1997,8
215,1998,31
215,1999,12
215,2000,40
215,2001,43
215,2002,52
215,2003,65
215,2004,81
215,2005,26
215,2006,59
215,2007,134
215,2008,95
215,2009,46
215,2010,137
215,2011,124
215,2012,179
215,2013,168
215,2014,190
215,2015,76
215,2016,34
215,2017,56
215,2018,70
215,2019,76
215,2020,56
215,2021,65
215,2022,67
215,2023,103
216,1961,2
216,1962,4
216,1963,7
216,1964,9
216,1965,9
216,1966,13
216,1967,16
216,1968,22
216,1969,19
216,1970,18
216,1971,18
216,1972,20
216,1973,14
216,1974,15
216,1975,12
216,1976,14
216,1977,15
216,1978,16
216,1979,18
216,1980,17
216,1981,20
216,1982,24
216,1983,22
216,1984,24
216,1985,25
216,1986,26
216,1987,23
216,1988,23
216,1989,23
216,1990,27
216,1991,33
216,1992,39
216,1993,38
216,1994,44
216,1995,40
216,1996,38
216,1997,38
216,1998,40
216,1999,45
216,2000,50
216,2001,47
216,2002,50
216,2003,55
216,2004,86
216,2005,80
216,2006,79
216,2007,75
216,2008,69
216,2009,72
216,2010,80
216,2011,80
216,2012,82
216,2013,87
216,2014,94
216,2015,97
216,2016,109
216,2017,107
216,2018,112
216,2019,118
216,2020,125
216,2021,134
216,2022,138
216,2023,136
217,1961,29
217,1962,15
217,1963,29
217,1966,4
217,1967,0
217,1969,70
217,1970,1
217,1972,4
217,1974,71
217,1976,96
217,1977,80
217,1978,3
217,1979,16
217,1981,7
217,1983,21
217,1987,719
217,1988,2411
217,1989,2646
217,1990,3289
217,1991,2342
217,1992,2617
217,1993,685
217,1994,718
217,1995,271
217,1996,368
217,1997,430
217,1998,1443
217,1999,2502
217,2000,2955
217,2001,5673
217,2002,6283
217,2003,4943
217,2004,2538
217,2005,3792
217,2006,2959
217,2007,1601
217,2008,2908
217,2009,3354
217,2010,2581
217,2011,422
217,2012,378
217,2013,615
217,2014,108
217,2015,79
217,2016,113
217,2017,748
217,2018,1652
217,2019,1333
217,2020,3750
217,2021,5344
217,2022,3486
217,2023,2076
219,1981,17
219,1982,11
219,1983,22
219,1984,6
219,1986,17
219,1987,17
219,1988,6
219,1989,17
219,1990,17
219,1991,72
219,1992,28
219,1993,28
219,1997,77
219,1998,50
219,1999,55
219,2001,6
219,2002,50
219,2014,195
219,2016,5
219,2020,20
219,2021,0
219,2022,0
219,2023,0
220,1961,4
220,1962,3
220,1963,4
220,1964,3
220,1965,3
220,1966,3
220,1967,3
220,1968,5
220,1969,6
220,1970,7
220,1971,8
220,1972,8
220,1973,10
220,1974,12
220,1975,31
220,1976,26
220,1977,18
220,1978,12
220,1979,11
220,1980,60
220,1981,12
220,1982,13
220,1983,7
220,1984,7
220,1985,8
220,1986,22
220,1987,14
220,1988,18
220,1989,24
220,1990,27
220,1991,30
220,1992,43
220,1993,32
220,1994,41
220,1995,49
220,1996,51
220,1997,70
220,1998,82
220,1999,81
220,2000,76
220,2001,90
220,2002,87
220,2003,96
220,2004,86
220,2005,116
220,2006,126
220,2007,170
220,2008,74
220,2009,84
220,2010,84
220,2011,48
220,2012,60
220,2013,73
220,2014,86
220,2015,95
220,2016,119
220,2017,122
220,2018,117
220,2019,136
220,2020,133
220,2021,128
220,2022,128
220,2023,122
221,1977,1
221,1978,3
221,1979,3
221,1980,3
221,1981,3
221,1982,3
221,1983,3
221,1984,2
221,1985,4
221,1986,3
221,1987,1
221,1988,1
221,1989,1
221,1990,1
221,1991,1
221,1992,2
221,1993,2
221,1994,3
221,1995,9
221,1996,9
221,1997,31
221,1998,23
221,1999,21
221,2000,44
221,2001,48
221,2002,51
221,2003,44
221,2004,37
221,2005,40
221,2006,35
221,2007,35
221,2008,29
221,2009,42
221,2010,41
221,2011,54
221,2012,54
221,2013,90
221,2014,96
221,2015,96
221,2016,108
221,2017,104
221,2018,116
221,2019,137
221,2020,162
221,2021,149
221,2022,91
221,2023,92
222,1961,9
222,1962,5
222,1963,11
222,1964,8
222,1965,2
222,1966,2
222,1967,1
222,1968,0
222,1969,0
222,1970,0
222,1971,0
222,1972,0
222,1973,5
222,1974,0
222,1975,0
222,1976,0
222,1977,0
222,1978,1
222,1979,2
222,1980,3
222,1981,6
222,1982,5
222,1983,5
222,1984,4
222,1985,3
222,1986,2
222,1987,3
222,1988,3
222,1989,4
222,1990,40
222,1991,5
222,1992,28
222,1993,34
222,1994,68
222,1995,97
222,1996,56
222,1997,112
222,1998,119
222,1999,121
222,2000,161
222,2001,106
222,2002,134
222,2003,58
222,2004,58
222,2005,131
222,2006,49
222,2007,91
222,2008,79
222,2009,100
222,2010,111
222,2011,162
222,2012,98
222,2013,108
222,2014,93
222,2015,108
222,2016,99
222,2017,121
222,2018,117
222,2019,111
222,2020,117
222,2021,87
222,2022,81
222,2023,59
223,1961,0
223,1962,0
223,1963,0
223,1964,0
223,1966,0
223,1967,0
223,1968,0
223,1969,0
223,1970,0
223,1971,0
223,1972,0
223,1973,0
223,1974,0
223,1975,0
223,1976,0
223,1977,1
223,1978,3
223,1979,3
223,1980,2
223,1981,3
223,1982,5
223,1983,7
223,1984,10
223,1985,7
223,1986,4
223,1987,6
223,1988,12
223,1989,7
223,1990,4
223,1991,17
223,1992,13
223,1993,11
223,1994,16
223,1995,19
223,1996,20
223,1997,27
223,1998,13
223,1999,8
223,2000,11
223,2001,8
223,2002,10
223,2003,20
223,2004,26
223,2005,55
223,2006,39
223,2007,40
223,2008,39
223,2009,55
223,2010,60
223,2011,66
223,2012,67
223,2013,78
223,2014,84
223,2015,96
223,2016,120
223,2017,125
223,2018,129
223,2019,128
223,2020,126
223,2021,126
223,2022,127
223,2023,139
225,1975,0
225,1976,0
225,1977,0
225,1978,0
225,1979,1
225,1980,2
225,1981,2
225,1982,4
225,1983,6
225,1984,10
225,1985,21
225,1986,10
225,1987,1
225,1988,1
225,1989,1
225,1990,27
225,1991,10
225,1992,2
225,1993,3
225,1994,3
225,1995,6
225,1996,136
225,1997,10
225,1998,38
225,1999,100
225,2000,109
225,2001,67
225,2002,114
225,2003,160
225,2004,92
225,2005,173
225,2006,100
225,2007,112
225,2008,136
225,2009,35
225,2010,68
225,2011,70
225,2012,74
225,2013,109
225,2014,95
225,2015,99
225,2016,107
225,2017,105
225,2018,148
225,2019,187
225,2020,174
225,2021,172
225,2022,220
225,2023,232
226,1961,1
226,1962,5
226,1963,5
226,1964,0
226,1965,1
226,1966,1
226,1967,1
226,1968,1
226,1969,0
226,1970,2
226,1971,0
226,1972,0
226,1973,0
226,1994,2
226,1995,14
226,1996,7
226,1997,20
226,1998,6
226,1999,4
226,2000,4
226,2001,11
226,2002,16
226,2003,9
226,2004,39
226,2005,33
226,2006,36
226,2007,54
226,2008,46
226,2009,44
226,2010,77
226,2011,55
226,2012,75
226,2013,81
226,2014,88
226,2015,89
226,2016,124
226,2017,82
226,2018,106
226,2019,158
226,2020,112
226,2021,126
226,2022,146
226,2023,153
229,1961,7
229,1962,8
229,1963,8
229,1964,9
229,1965,8
229,1966,8
229,1967,9
229,1968,13
229,1969,13
229,1970,12
229,1971,16
229,1972,14
229,1973,19
229,1974,23
229,1975,20
229,1976,27
229,1977,23
229,1978,28
229,1979,30
229,1980,34
229,1981,41
229,1982,48
229,1983,53
229,1984,44
229,1985,43
229,1986,41
229,1987,47
229,1988,50
229,1989,50
229,1990,54
229,1991,62
229,1992,67
229,1993,68
229,1994,73
229,1995,72
229,1996,83
229,1997,82
229,1998,87
229,1999,96
229,2000,89
229,2001,93
229,2002,90
229,2003,89
229,2004,91
229,2005,88
229,2006,79
229,2007,86
229,2008,77
229,2009,81
229,2010,87
229,2011,95
229,2012,102
229,2013,98
229,2014,97
229,2015,102
229,2016,102
229,2017,111
229,2018,107
229,2019,105
229,2020,98
229,2021,94
229,2022,98
229,2023,86
23,1961,30
23,1962,23
23,1963,24
23,1964,26
23,1965,19
23,1966,20
23,1967,26
23,1968,28
23,1969,26
23,1970,16
23,1971,19
23,1972,12
23,1973,6
23,1974,4
23,1975,3
23,1976,40
23,1977,45
23,1978,53
23,1979,18
23,1980,19
23,1981,10
23,1982,21
23,1983,42
23,1984,5
23,1985,2
23,1986,2
23,1987,2
23,1988,2
23,1989,5
23,1990,3
23,1991,2
23,1992,5
23,1993,4
23,1994,1
23,1995,0
23,1996,0
23,1997,0
23,2000,0
23,2002,0
23,2003,1
23,2004,1
23,2005,1
23,2006,0
23,2007,0
23,2010,45
23,2011,160
23,2012,138
23,2013,200
23,2014,210
23,2015,88
23,2016,2
23,2017,74
23,2018,69
23,2019,78
23,2020,102
23,2021,124
23,2022,69
23,2023,78
230,1992,7
230,1993,8
230,1994,27
230,1995,98
230,1996,113
230,1997,43
230,1998,14
230,1999,16
230,2000,10
230,2001,12
230,2002,16
230,2003,18
230,2004,25
230,2005,30
230,2006,30
230,2007,52
230,2008,89
230,2009,73
230,2010,52
230,2011,71
230,2012,72
230,2013,90
230,2014,92
230,2015,96
230,2016,112
230,2017,139
230,2018,114
230,2019,117
230,2020,88
230,2021,67
230,2022,43
230,2023,61
231,1961,83
231,1962,94
231,1963,86
231,1964,82
231,1965,66
231,1966,74
231,1967,57
231,1968,69
231,1969,63
231,1970,67
231,1971,59
231,1972,59
231,1973,55
231,1974,45
231,1975,43
231,1976,47
231,1977,59
231,1978,67
231,1979,67
231,1980,58
231,1981,65
231,1982,67
231,1983,104
231,1984,62
231,1985,74
231,1986,77
231,1987,73
231,1988,68
231,1989,75
231,1990,70
231,1991,81
231,1992,79
231,1993,91
231,1994,96
231,1995,94
231,1996,71
231,1997,78
231,1998,83
231,1999,100
231,2000,93
231,2001,91
231,2002,126
231,2003,159
231,2004,161
231,2005,186
231,2006,203
231,2007,205
231,2008,115
231,2009,106
231,2010,102
231,2011,102
231,2012,98
231,2013,97
231,2014,100
231,2015,99
231,2016,100
231,2017,100
231,2018,97
231,2019,95
231,2020,94
231,2021,94
231,2022,92
231,2023,91
233,1973,30
233,1974,1
233,1975,5
233,1976,5
233,1977,0
233,1978,2
233,1979,13
233,1982,9
233,1983,0
233,1985,4
233,1986,0
233,1994,24
233,1995,11
233,1996,4
233,1997,6
233,1998,10
233,1999,4
233,2000,17
233,2001,637
233,2002,874
233,2003,974
233,2004,133
233,2005,63
233,2006,30
233,2007,155
233,2008,151
233,2009,179
233,2010,129
233,2011,170
233,2012,20
233,2013,36
233,2014,164
233,2015,121
233,2016,15
233,2017,60
233,2018,1
233,2019,73
233,2020,13
233,2021,91
233,2022,243
233,2023,150
234,1961,3
234,1962,1
234,1963,1
234,1964,0
234,1965,1
234,1966,3
234,1967,0
234,1968,1
234,1969,2
234,1970,3
234,1971,6
234,1972,3
234,1973,3
234,1974,3
234,1975,5
234,1976,6
234,1977,7
234,1978,12
234,1979,14
234,1980,16
234,1981,15
234,1982,16
234,1983,17
234,1984,19
234,1985,18
234,1986,17
234,1987,17
234,1988,22
234,1989,21
234,1990,26
234,1991,37
234,1992,29
234,1993,37
234,1994,43
234,1995,56
234,1996,63
234,1997,66
234,1998,82
234,1999,58
234,2000,61
234,2001,70
234,2002,63
234,2003,65
234,2004,80
234,2005,84
234,2006,92
234,2007,88
234,2008,105
234,2009,110
234,2010,109
234,2011,112
234,2012,113
234,2013,120
234,2014,114
234,2015,78
234,2016,108
234,2017,126
234,2018,134
234,2019,147
234,2020,134
234,2021,138
234,2022,149
234,2023,170
235,1995,0
235,1998,0
235,1999,0
235,2000,2
235,2001,0
235,2002,0
235,2003,0
235,2004,1
235,2005,4
235,2006,0
235,2007,1
235,2008,1
235,2009,1
235,2010,1
235,2011,1
235,2012,1
235,2013,1
235,2014,100
235,2015,100
235,2016,100
235,2017,104
235,2018,156
235,2019,211
235,2020,370
235,2021,438
235,2022,479
235,2023,659
236,1961,211
236,1962,25
236,1963,19
236,1964,15
236,1965,28
236,1966,31
236,1967,82
236,1968,128
236,1969,388
236,1970,334
236,1971,336
236,1972,665
236,1973,651
236,1974,590
236,1975,510
236,1976,483
236,1977,290
236,1978,243
236,1979,94
236,1980,106
236,1981,56
236,1982,253
236,1983,643
236,1984,109
236,1985,527
236,1986,1015
236,1987,2721
236,1988,1123
236,1989,1134
236,1990,2734
236,1991,5500
236,1992,5751
236,1993,20683
236,1994,24529
236,1995,35651
236,1996,26038
236,1997,30031
236,1998,32550
236,1999,23179
236,2000,27355
236,2001,21523
236,2002,15933
236,2003,11078
236,2004,12331
236,2005,14955
236,2006,13373
236,2007,6666
236,2008,1318
236,2009,151
236,2010,73
236,2011,45
236,2012,91
236,2013,75
236,2014,63
236,2015,180
236,2016,57
236,2017,73
236,2018,200
236,2019,93
236,2020,1460
236,2021,1307
236,2022,1863
236,2023,600
237,1961,0
237,1962,0
237,1963,0
237,1964,0
237,1965,0
237,1966,0
237,1967,0
237,1968,0
237,1969,0
237,1970,0
237,1971,0
237,1972,0
237,1973,0
237,1991,0
237,1992,0
237,1993,0
237,1994,1
237,1995,1
237,1996,1
237,1997,1
237,1998,2
237,1999,2
237,2000,3
237,2001,4
237,2002,6
237,2003,7
237,2004,8
237,2005,9
237,2006,13
237,2007,10
237,2008,10
237,2009,12
237,2010,12
237,2011,16
237,2012,22
237,2013,22
237,2014,82
237,2015,113
237,2016,105
237,2017,118
237,2018,126
237,2019,138
237,2020,137
237,2021,142
237,2022,134
237,2023,127
238,1993,2
238,1994,1
238,1995,7
238,1996,7
238,1997,7
238,1998,6
238,1999,7
238,2000,9
238,2001,7
238,2002,10
238,2003,17
238,2004,13
238,2005,24
238,2006,11
238,2007,23
238,2008,17
238,2009,18
238,2010,35
238,2011,41
238,2012,46
238,2013,57
238,2014,87
238,2015,114
238,2016,99
238,2017,100
238,2018,111
238,2019,125
238,2020,120
238,2021,144
238,2022,168
238,2023,186
244,1961,5
244,1963,2
244,1964,2
244,1966,3
244,1967,8
244,1968,2
244,1969,4
244,1971,18
244,1972,1
244,1973,2
244,1976,0
244,1977,0
244,1978,1
244,1979,9
244,1980,3
244,1981,1
244,1982,3
244,1983,2
244,1985,0
244,1986,16
244,1987,0
244,1990,6
244,2002,0
244,2003,0
244,2004,0
244,2005,0
244,2006,0
244,2007,27
244,2009,18
244,2011,0
244,2012,3
244,2013,17
244,2014,6
244,2015,141
244,2016,153
244,2017,26
244,2018,22
244,2019,1480
244,2020,13
244,2021,781
244,2022,4
244,2023,8
249,1961,22
249,1962,21
249,1963,14
249,1964,17
249,1965,16
249,1966,17
249,1967,11
249,1968,7
249,1969,12
249,1970,18
249,1971,1
249,1972,0
249,1973,0
249,1974,0
249,1975,0
249,1976,0
249,1977,0
249,1978,1
249,1979,2
249,1980,3
249,1981,5
249,1982,5
249,1983,6
249,1984,4
249,1985,11
249,1986,2
249,1987,7
249,1988,4
249,1989,0
249,1990,3
249,1991,3
249,1992,6
249,1993,1
249,1994,5
249,1995,6
249,1996,0
249,1997,0
249,1998,7
249,1999,3
249,2000,6
249,2001,1
249,2002,5
249,2003,9
249,2004,34
249,2005,66
249,2006,58
249,2007,19
249,2008,133
249,2009,161
249,2010,11
249,2011,150
249,2012,247
249,2013,222
249,2014,213
249,2015,85
249,2016,3
249,2017,1
249,2018,101
249,2019,158
249,2020,102
249,2021,27
249,2022,12
249,2023,2
250,1966,1
250,1969,9
250,1970,1
250,1971,4
250,1973,7
250,1974,2
250,1975,61
250,1976,4
250,2001,1259
250,2002,687
250,2003,0
250,2004,0
250,2005,1
250,2006,3
250,2007,4
250,2008,712
250,2009,1031
250,2010,966
250,2011,1030
250,2012,996
250,2013,101
250,2014,170
250,2015,120
250,2016,10
250,2017,166
250,2018,103
250,2019,18
250,2020,103
250,2021,5
250,2022,141
250,2023,174
251,1961,4
251,1962,4
251,1963,4
251,1964,5
251,1965,5
251,1966,1
251,1967,0
251,1968,0
251,1971,0
251,1972,0
251,1973,0
251,1974,0
251,1976,0
251,1977,0
251,1978,0
251,1990,14
251,1991,0
251,1992,10
251,1993,2
251,1994,2
251,1995,3
251,1996,2
251,1997,4
251,1998,12
251,1999,10
251,2000,17
251,2001,23
251,2002,6
251,2003,45
251,2004,74
251,2005,61
251,2006,52
251,2007,123
251,2008,115
251,2009,107
251,2010,126
251,2011,135
251,2012,195
251,2013,196
251,2014,160
251,2015,73
251,2016,67
251,2017,78
251,2018,52
251,2019,71
251,2020,188
251,2021,389
251,2022,688
251,2023,224
255,2000,71
255,2001,75
255,2002,80
255,2003,88
255,2004,90
255,2005,94
255,2006,99
255,2007,101
255,2008,104
255,2009,89
255,2010,92
255,2011,94
255,2012,92
255,2013,89
255,2014,97
255,2015,100
255,2016,103
255,2017,104
255,2018,100
255,2019,100
255,2020,97
255,2021,108
255,2022,112
255,2023,103
256,2000,49
256,2001,47
256,2002,41
256,2003,44
256,2004,39
256,2005,39
256,2006,39
256,2007,38
256,2008,48
256,2009,37
256,2010,66
256,2011,78
256,2012,67
256,2013,67
256,2014,89
256,2015,101
256,2016,110
256,2017,117
256,2018,144
256,2019,145
256,2020,144
256,2021,145
256,2022,145
256,2023,148
26,1963,2
26,1968,12
26,1971,26
26,1972,26
26,1973,25
26,1974,47
26,1978,32
26,1979,15
26,1980,14
26,1981,25
26,1982,8
26,1983,11
26,1984,10
26,1985,14
26,1986,69
26,1987,53
26,1988,105
26,1989,48
26,1990,48
26,1991,48
26,1992,1
26,1993,1
26,1994,1
26,1995,1
26,1996,1
26,1997,2
26,1998,15
26,1999,4
26,2000,2
26,2001,2
26,2002,1
26,2003,1
26,2004,0
26,2005,1
26,2006,1
26,2007,1
26,2008,1
26,2009,3
26,2010,3
26,2011,4
26,2012,4
26,2013,127
26,2014,237
26,2015,34
26,2016,29
26,2017,45
26,2018,65
26,2019,205
26,2020,8
26,2021,59
26,2022,9
26,2023,4
27,1961,1
27,1962,0
27,1963,0
27,1964,0
27,1965,0
27,1966,1
27,1967,2
27,1968,3
27,1969,0
27,1970,3
27,1971,7
27,1972,9
27,1973,10
27,1974,5
27,1976,2
27,1977,3
27,1978,2
27,1979,2
27,1980,4
27,1981,1
27,1982,1
27,1983,1
27,1984,0
27,1985,0
27,1986,0
27,1987,1
27,1988,1
27,1989,0
27,1990,0
27,1991,0
27,1992,0
27,1993,11
27,1994,24
27,1995,90
27,1996,13
27,1997,9
27,1998,7
27,1999,5
27,2000,7
27,2001,18
27,2002,17
27,2003,25
27,2004,13
27,2005,16
27,2006,35
27,2007,40
27,2008,39
27,2009,96
27,2010,85
27,2011,81
27,2012,100
27,2013,106
27,2014,155
27,2015,75
27,2016,70
27,2017,103
27,2018,101
27,2019,123
27,2020,100
27,2021,94
27,2022,90
27,2023,78
272,2006,69
272,2007,114
272,2008,114
272,2009,90
272,2010,88
272,2011,78
272,2012,85
272,2013,89
272,2014,89
272,2015,93
272,2016,118
272,2017,119
272,2018,112
272,2019,99
272,2020,94
272,2021,96
272,2022,106
272,2023,122
273,2006,21
273,2007,10
273,2008,26
273,2009,95
273,2010,50
273,2011,40
273,2012,92
273,2013,96
273,2014,110
273,2015,101
273,2016,89
273,2017,46
273,2018,6
273,2019,4
273,2020,5
273,2021,1
273,2022,2
273,2023,2
276,2012,1363
276,2013,887
276,2014,8
276,2015,73
276,2016,219
276,2017,275
276,2018,69366
276,2019,9161
276,2020,6123
276,2021,1915
276,2022,123
276,2023,739
277,2015,41
277,2016,159
277,2017,16
277,2018,20054
277,2019,174
277,2020,2177
277,2021,829
277,2022,159
277,2023,14841
28,1961,1
28,1964,3
28,1965,0
28,1991,14
28,1996,8
28,2000,0
28,2001,10
28,2002,28
28,2004,1
28,2005,6
28,2006,0
28,2007,2
28,2008,15
28,2009,4
28,2010,4
28,2011,64
28,2012,22
28,2013,84
28,2014,14
28,2015,24
28,2016,262
28,2017,94
28,2018,50
28,2019,53
28,2020,110
28,2021,957
28,2022,997
28,2023,766
29,1975,0
29,1998,0
29,1999,0
29,2000,0
29,2005,1
29,2009,1
29,2010,10
29,2011,2
29,2012,0
29,2013,49
29,2014,75
29,2015,101
29,2016,124
29,2017,196
29,2018,231
29,2019,247
29,2020,232
29,2021,109
29,2022,154
29,2023,0
299,1996,188
299,1997,213
299,1998,184
299,1999,184
299,2000,126
299,2001,112
299,2002,124
299,2003,128
299,2004,118
299,2005,135
299,2006,142
299,2007,152
299,2008,133
299,2009,140
299,2010,123
299,2011,142
299,2012,159
299,2013,202
299,2014,96
299,2015,114
299,2016,90
299,2017,162
299,2018,193
299,2019,146
299,2020,42
299,2021,51
299,2022,15
299,2023,20
3,1986,29
3,1996,0
3,1999,28
3,2000,5
3,2001,6
3,2002,0
3,2003,68
3,2004,41
3,2005,3
3,2006,5
3,2007,26
3,2008,5
3,2009,5
3,2010,6
3,2011,73
3,2012,68
3,2013,78
3,2014,18
3,2015,107
3,2016,176
3,2017,19
3,2018,42
3,2020,17
3,2021,28
3,2022,110
3,2023,107
32,1961,1
32,1962,2
32,1964,0
32,1965,0
32,1966,1
32,1967,0
32,1968,2
32,1969,2
32,1970,4
32,1971,13
32,1972,13
32,1973,6
32,1974,8
32,1975,7
32,1976,11
32,1977,7
32,1978,18
32,1979,17
32,1980,30
32,1981,46
32,1982,127
32,1983,9
32,1984,45
32,1985,44
32,1986,34
32,1987,43
32,1988,213
32,1989,178
32,1990,3168
32,1991,608
32,1992,13
32,1993,75
32,1994,14
32,1995,17
32,1996,21
32,1997,135
32,1998,116
32,1999,43
32,2000,34
32,2001,32
32,2002,95
32,2003,58
32,2004,37
32,2005,40
32,2006,36
32,2007,103
32,2008,99
32,2009,104
32,2010,130
32,2011,93
32,2012,101
32,2013,71
32,2014,85
32,2015,105
32,2016,109
32,2017,204
32,2018,274
32,2019,291
32,2020,395
32,2021,1006
32,2022,603
32,2023,271
33,1961,35
33,1962,31
33,1963,32
33,1964,50
33,1965,31
33,1966,39
33,1967,30
33,1968,28
33,1969,26
33,1970,31
33,1971,32
33,1972,29
33,1973,29
33,1974,27
33,1975,30
33,1976,30
33,1977,32
33,1978,41
33,1979,39
33,1980,34
33,1981,38
33,1982,28
33,1983,30
33,1984,30
33,1985,24
33,1986,25
33,1987,29
33,1988,22
33,1989,21
33,1990,23
33,1991,26
33,1992,28
33,1993,30
33,1994,39
33,1995,41
33,1996,44
33,1997,49
33,1998,53
33,1999,58
33,2000,62
33,2001,70
33,2002,72
33,2003,74
33,2004,80
33,2005,83
33,2006,84
33,2007,92
33,2008,89
33,2009,84
33,2010,84
33,2011,85
33,2012,85
33,2013,88
33,2014,98
33,2015,99
33,2016,102
33,2017,108
33,2018,111
33,2019,111
33,2020,113
33,2021,122
33,2022,126
33,2023,129
35,1964,2
35,1965,2
35,1967,2
35,1968,3
35,1969,25
35,1970,56
35,1971,48
35,1972,8
35,1973,47
35,1974,2
35,1975,4
35,1983,96
35,1991,1
35,1993,1
35,1995,2
35,1996,9
35,1997,32
35,1998,5
35,1999,7
35,2000,5
35,2001,1
35,2002,17
35,2003,22
35,2004,22
35,2005,30
35,2006,2017
35,2007,8
35,2008,15
35,2009,73
35,2010,25
35,2011,74
35,2012,76
35,2013,97
35,2014,89
35,2015,106
35,2016,105
35,2017,141
35,2018,248
35,2019,254
35,2020,222
35,2021,105
35,2022,127
35,2023,194
37,1971,15
37,1979,41
37,1980,10
37,1992,17
37,1995,3
37,1996,4978
37,1998,1934
37,1999,20
37,2001,9
37,2002,9
37,2003,18
37,2009,642
37,2016,100
37,2017,0
37,2020,158
38,1961,0
38,1962,0
38,1963,0
38,1964,1
38,1965,0
38,1967,0
38,1968,1
38,1970,0
38,1971,0
38,1972,1
38,1973,1
38,1974,0
38,1975,0
38,1976,0
38,1977,0
38,1979,0
38,1980,0
38,1981,0
38,1982,0
38,1983,0
38,1984,0
38,1985,0
38,1986,0
38,1987,0
38,1988,0
38,1989,0
38,1990,0
38,1991,1
38,1992,1
38,1993,1
38,1994,0
38,1995,1
38,1996,2
38,1997,1
38,1998,1
38,1999,2
38,2000,2
38,2001,4
38,2002,7
38,2003,2
38,2004,10
38,2005,79
38,2006,192
38,2007,162
38,2008,133
38,2009,118
38,2010,340
38,2011,358
38,2012,250
38,2013,104
38,2014,119
38,2015,93
38,2016,88
38,2017,88
38,2018,73
38,2019,114
38,2020,125
38,2021,114
38,2022,111
38,2023,87
39,1983,1
39,1984,1
39,2013,0
39,2015,100
39,2017,0
39,2020,0
39,2021,1
39,2022,1
39,2023,0
4,1961,827
4,1962,205
4,1963,599
4,1964,183
4,1965,259
4,1966,186
4,1967,85
4,1968,1
4,1969,2
4,1970,0
4,1971,1
4,1972,1
4,1973,27
4,1974,27
4,1975,7
4,1976,129
4,1987,1
4,1988,6
4,1990,1
4,1991,61
4,1992,14
4,1993,1
4,1994,2
4,1995,61
4,1996,199
4,1999,0
4,2000,0
4,2001,2
4,2002,4
4,2003,7
4,2004,118
4,2005,240
4,2006,126
4,2007,254
4,2008,439
4,2009,677
4,2010,707
4,2011,82
4,2012,99
4,2013,29
4,2014,53
4,2015,129
4,2016,118
4,2017,174
4,2018,80
4,2019,1160
4,2020,1036
4,2021,993
4,2022,1422
4,2023,1385
40,1961,0
40,1962,1
40,1963,1
40,1964,3
40,1965,3
40,1966,3
40,1967,4
40,1968,7
40,1969,2
40,1970,3
40,1971,4
40,1972,4
40,1974,3
40,1975,10
40,1976,6
40,1977,11
40,1978,9
40,1979,22
40,1980,18
40,1981,14
40,1982,10
40,1983,8
40,1984,9
40,1985,7
40,1986,6
40,1987,16
40,1988,16
40,1989,29
40,1990,41
40,1991,24
40,1992,23
40,1993,28
40,1994,29
40,1995,42
40,1996,44
40,1997,52
40,1998,50
40,1999,44
40,2000,35
40,2001,49
40,2002,40
40,2003,52
40,2004,59
40,2005,61
40,2006,68
40,2007,78
40,2008,78
40,2009,76
40,2010,82
40,2011,101
40,2012,91
40,2013,96
40,2014,95
40,2015,105
40,2016,100
40,2017,96
40,2018,103
40,2019,116
40,2020,128
40,2021,103
40,2022,115
40,2023,86
41,1963,0
41,1964,0
41,1965,1
41,1966,1
41,1967,2
41,1968,1
41,1969,1
41,1970,1
41,1971,2
41,1972,2
41,1973,2
41,1974,2
41,1975,3
41,1976,3
41,1977,3
41,1978,3
41,1979,4
41,1980,4
41,1981,5
41,1982,5
41,1983,5
41,1984,6
41,1985,6
41,1986,7
41,1987,9
41,1988,12
41,1989,9
41,1990,10
41,1991,15
41,1992,28
41,1993,41
41,1994,43
41,1995,50
41,1996,104
41,1997,91
41,1998,48
41,1999,38
41,2000,44
41,2001,53
41,2002,59
41,2003,70
41,2004,77
41,2005,87
41,2006,96
41,2007,158
41,2008,106
41,2009,98
41,2010,106
41,2011,109
41,2012,118
41,2013,112
41,2014,107
41,2015,92
41,2016,100
41,2017,112
41,2018,137
41,2019,149
41,2020,115
41,2021,105
41,2022,127
41,2023,134
44,1961,0
44,1962,0
44,1963,0
44,1964,0
44,1965,0
44,1967,0
44,1968,0
44,1969,1
44,1970,0
44,1972,4
44,1973,8
44,1974,2
44,1975,2
44,1976,3
44,1977,2
44,1978,3
44,1979,3
44,1980,5
44,1981,3
44,1982,3
44,1983,5
44,1984,6
44,1985,7
44,1986,7
44,1987,7
44,1988,8
44,1989,11
44,1990,13
44,1991,18
44,1992,83
44,1993,14
44,1994,40
44,1995,52
44,1996,47
44,1997,71
44,1998,85
44,1999,71
44,2000,101
44,2001,105
44,2002,114
44,2003,183
44,2004,125
44,2005,123
44,2006,127
44,2007,120
44,2008,137
44,2009,99
44,2010,104
44,2011,108
44,2012,126
44,2013,108
44,2014,130
44,2015,92
44,2016,78
44,2017,149
44,2018,226
44,2019,280
44,2020,335
44,2021,323
44,2022,297
44,2023,309
45,1995,314
45,1999,52
45,2000,2
45,2001,1
45,2014,100
45,2022,0
45,2023,61
46,1963,172
46,1975,46
46,1979,34
46,1980,34
46,1981,25
46,1982,4
46,1983,4
46,1984,1305
46,1986,4
46,1989,13
46,1993,886
46,1994,420
46,1995,118
46,1997,4
46,2002,34
46,2003,45604
46,2004,21073
46,2005,18999
46,2007,3651
46,2009,13539
46,2010,13539
46,2011,2732
46,2012,3828
46,2013,201
46,2014,117
46,2015,178
46,2016,5
46,2017,68
46,2018,7
46,2019,15
46,2020,11003
46,2021,6750
46,2022,17986
46,2023,613
48,1961,0
48,1962,0
48,1963,0
48,1964,1
48,1965,1
48,1966,1
48,1967,1
48,1968,2
48,1969,2
48,1970,2
48,1971,1
48,1972,1
48,1973,2
48,1974,2
48,1975,3
48,1976,3
48,1977,3
48,1978,3
48,1979,2
48,1980,2
48,1981,4
48,1982,4
48,1983,4
48,1984,4
48,1985,2
48,1986,2
48,1987,2
48,1988,3
48,1989,5
48,1990,4
48,1991,5
48,1992,6
48,1993,7
48,1994,12
48,1995,21
48,1996,32
48,1997,28
48,1998,38
48,1999,42
48,2000,53
48,2001,62
48,2002,79
48,2003,66
48,2004,67
48,2005,91
48,2006,104
48,2007,93
48,2008,97
48,2009,84
48,2010,80
48,2011,89
48,2012,80
48,2013,89
48,2014,92
48,2015,103
48,2016,105
48,2017,105
48,2018,100
48,2019,97
48,2020,111
48,2021,101
48,2022,108
48,2023,113
49,1999,4
49,2000,13
49,2001,21
49,2002,21
49,2003,2377
49,2004,969
49,2005,459
49,2006,1
49,2007,12
49,2010,150
49,2011,227
49,2012,435
49,2013,854
49,2014,0
49,2015,269
49,2016,31
49,2017,0
49,2018,6
49,2019,3
49,2020,113
49,2021,10
49,2022,0
49,2023,0
50,1962,0
50,1963,0
50,1964,0
50,1965,0
50,1966,0
50,1967,1
50,1968,1
50,1969,2
50,1970,2
50,1971,2
50,1972,2
50,1973,2
50,1974,2
50,1975,3
50,1976,8
50,1977,17
50,1978,4
50,1979,3
50,1980,5
50,1981,6
50,1982,6
50,1983,7
50,1984,10
50,1985,11
50,1986,10
50,1987,10
50,1988,14
50,1989,14
50,1990,13
50,1991,9
50,1992,13
50,1993,14
50,1994,14
50,1995,18
50,1996,18
50,1997,17
50,1998,27
50,1999,26
50,2000,26
50,2001,10
50,2002,10
50,2003,8
50,2004,24
50,2005,58
50,2006,64
50,2007,62
50,2008,69
50,2009,61
50,2010,65
50,2011,64
50,2012,90
50,2013,81
50,2014,97
50,2015,99
50,2016,104
50,2017,105
50,2018,92
50,2019,58
50,2020,58
50,2021,60
50,2022,41
50,2023,24
5000,1961,13
5000,1962,14
5000,1963,13
5000,1964,15
5000,1965,13
5000,1966,13
5000,1967,14
5000,1968,15
5000,1969,14
5000,1970,16
5000,1971,17
5000,1972,16
5000,1973,17
5000,1974,17
5000,1975,18
5000,1976,18
5000,1977,20
5000,1978,23
5000,1979,25
5000,1980,25
5000,1981,27
5000,1982,26
5000,1983,26
5000,1984,26
5000,1985,27
5000,1986,25
5000,1987,27
5000,1988,29
5000,1989,31
5000,1990,33
5000,1991,38
5000,1992,40
5000,1993,41
5000,1994,45
5000,1995,49
5000,1996,51
5000,1997,54
5000,1998,51
5000,1999,52
5000,2000,55
5000,2001,55
5000,2002,59
5000,2003,64
5000,2004,67
5000,2005,76
5000,2006,79
5000,2007,82
5000,2008,78
5000,2009,77
5000,2010,81
5000,2011,88
5000,2012,90
5000,2013,90
5000,2014,96
5000,2015,99
5000,2016,105
5000,2017,110
5000,2018,112
5000,2019,115
5000,2020,114
5000,2021,120
5000,2022,122
5000,2023,122
5100,1961,11
5100,1962,14
5100,1963,9
5100,1964,7
5100,1965,5
5100,1966,5
5100,1967,3
5100,1968,6
5100,1969,6
5100,1970,6
5100,1971,4
5100,1972,3
5100,1973,5
5100,1974,6
5100,1975,5
5100,1976,5
5100,1977,4
5100,1978,5
5100,1979,4
5100,1980,5
5100,1981,5
5100,1982,6
5100,1983,5
5100,1984,5
5100,1985,4
5100,1986,7
5100,1987,8
5100,1988,7
5100,1989,13
5100,1990,19
5100,1991,16
5100,1992,16
5100,1993,19
5100,1994,26
5100,1995,35
5100,1996,30
5100,1997,33
5100,1998,42
5100,1999,38
5100,2000,34
5100,2001,40
5100,2002,47
5100,2003,37
5100,2004,30
5100,2005,54
5100,2006,31
5100,2007,41
5100,2008,45
5100,2009,55
5100,2010,68
5100,2011,66
5100,2012,81
5100,2013,101
5100,2014,105
5100,2015,101
5100,2016,94
5100,2017,102
5100,2018,124
5100,2019,153
5100,2020,147
5100,2021,164
5100,2022,144
5100,2023,177
5101,1961,10
5101,1962,13
5101,1963,9
5101,1964,8
5101,1965,4
5101,1966,5
5101,1967,3
5101,1968,3
5101,1969,8
5101,1970,14
5101,1971,6
5101,1972,5
5101,1973,8
5101,1974,4
5101,1975,7
5101,1976,8
5101,1977,8
5101,1978,7
5101,1979,8
5101,1980,6
5101,1981,6
5101,1982,4
5101,1983,4
5101,1984,2
5101,1985,4
5101,1986,8
5101,1987,13
5101,1988,5
5101,1989,4
5101,1990,8
5101,1991,14
5101,1992,17
5101,1993,25
5101,1994,33
5101,1995,46
5101,1996,34
5101,1997,43
5101,1998,41
5101,1999,30
5101,2000,34
5101,2001,31
5101,2002,36
5101,2003,45
5101,2004,56
5101,2005,40
5101,2006,43
5101,2007,78
5101,2008,60
5101,2009,50
5101,2010,94
5101,2011,86
5101,2012,124
5101,2013,115
5101,2014,118
5101,2015,96
5101,2016,86
5101,2017,98
5101,2018,114
5101,2019,130
5101,2020,132
5101,2021,237
5101,2022,245
5101,2023,171
5102,1961,74
5102,1962,94
5102,1963,68
5102,1964,95
5102,1965,149
5102,1966,119
5102,1967,9
5102,1968,48
5102,1969,97
5102,1970,113
5102,1971,64
5102,1972,65
5102,1973,40
5102,1974,27
5102,1975,14
5102,1976,6
5102,1977,3
5102,1978,9
5102,1979,9
5102,1980,14
5102,1981,22
5102,1982,59
5102,1983,5
5102,1984,25
5102,1985,21
5102,1986,16
5102,1987,20
5102,1988,99
5102,1989,83
5102,1990,1475
5102,1991,283
5102,1992,6
5102,1993,37
5102,1994,8
5102,1995,9
5102,1996,107
5102,1997,63
5102,1998,92
5102,1999,20
5102,2000,16
5102,2001,239
5102,2002,168
5102,2003,166
5102,2004,80
5102,2005,76
5102,2006,18
5102,2007,60
5102,2008,174
5102,2009,285
5102,2010,273
5102,2011,236
5102,2012,236
5102,2013,52
5102,2014,70
5102,2015,102
5102,2016,128
5102,2017,363
5102,2018,289
5102,2019,1045
5102,2020,326
5102,2021,566
5102,2022,539
5102,2023,169
5103,1961,12
5103,1962,5
5103,1963,12
5103,1964,7
5103,1965,6
5103,1966,7
5103,1967,3
5103,1968,5
5103,1969,2
5103,1970,1
5103,1971,1
5103,1972,1
5103,1973,2
5103,1974,1
5103,1975,1
5103,1976,2
5103,1977,1
5103,1978,1
5103,1979,1
5103,1980,1
5103,1981,2
5103,1982,1
5103,1983,1
5103,1984,1
5103,1985,1
5103,1986,1
5103,1987,1
5103,1988,2
5103,1989,2
5103,1990,10
5103,1991,3
5103,1992,8
5103,1993,9
5103,1994,19
5103,1995,28
5103,1996,21
5103,1997,37
5103,1998,43
5103,1999,42
5103,2000,54
5103,2001,56
5103,2002,60
5103,2003,42
5103,2004,28
5103,2005,55
5103,2006,36
5103,2007,52
5103,2008,44
5103,2009,66
5103,2010,68
5103,2011,78
5103,2012,84
5103,2013,95
5103,2014,104
5103,2015,107
5103,2016,89
5103,2017,111
5103,2018,162
5103,2019,230
5103,2020,174
5103,2021,193
5103,2022,134
5103,2023,270
5104,1961,10
5104,1962,21
5104,1963,7
5104,1964,3
5104,1965,3
5104,1966,1
5104,1967,2
5104,1968,7
5104,1969,5
5104,1970,3
5104,1971,5
5104,1972,4
5104,1973,4
5104,1974,10
5104,1975,6
5104,1976,6
5104,1977,5
5104,1978,4
5104,1979,4
5104,1980,8
5104,1981,6
5104,1982,9
5104,1983,9
5104,1984,10
5104,1985,6
5104,1986,11
5104,1987,11
5104,1988,10
5104,1989,25
5104,1990,15
5104,1991,25
5104,1992,23
5104,1993,24
5104,1994,33
5104,1995,39
5104,1996,38
5104,1997,29
5104,1998,49
5104,1999,46
5104,2000,25
5104,2001,29
5104,2002,45
5104,2003,24
5104,2004,14
5104,2005,63
5104,2006,15
5104,2007,10
5104,2008,36
5104,2009,44
5104,2010,49
5104,2011,44
5104,2012,49
5104,2013,107
5104,2014,104
5104,2015,99
5104,2016,97
5104,2017,89
5104,2018,94
5104,2019,107
5104,2020,136
5104,2021,112
5104,2022,106
5104,2023,146
5105,1961,8
5105,1962,9
5105,1963,9
5105,1964,11
5105,1965,10
5105,1966,9
5105,1967,4
5105,1968,8
5105,1969,8
5105,1970,10
5105,1971,4
5105,1972,1
5105,1973,7
5105,1974,7
5105,1975,4
5105,1976,2
5105,1977,5
5105,1978,13
5105,1979,8
5105,1980,2
5105,1981,4
5105,1982,8
5105,1983,4
5105,1984,3
5105,1985,3
5105,1986,3
5105,1987,5
5105,1988,10
5105,1989,11
5105,1990,13
5105,1991,10
5105,1992,11
5105,1993,14
5105,1994,6
5105,1995,19
5105,1996,11
5105,1997,13
5105,1998,22
5105,1999,23
5105,2000,19
5105,2001,43
5105,2002,40
5105,2003,46
5105,2004,34
5105,2005,48
5105,2006,49
5105,2007,47
5105,2008,43
5105,2009,64
5105,2010,75
5105,2011,67
5105,2012,90
5105,2013,73
5105,2014,90
5105,2015,105
5105,2016,106
5105,2017,120
5105,2018,141
5105,2019,126
5105,2020,140
5105,2021,116
5105,2022,95
5105,2023,75
52,1994,14
52,1995,50
52,1996,88
52,1997,47
52,1998,67
52,1999,6
52,2001,257
52,2002,719
52,2003,468
52,2004,60
52,2005,816
52,2006,719
52,2007,1202
52,2008,3340
52,2009,1930
52,2010,550
52,2011,434
52,2012,463
52,2013,343
52,2014,242
52,2015,38
52,2016,20
52,2017,33
52,2018,236
52,2019,176
52,2020,115
52,2021,89
52,2022,269
52,2023,690
5200,1961,35
5200,1962,37
5200,1963,35
5200,1964,38
5200,1965,29
5200,1966,33
5200,1967,25
5200,1968,29
5200,1969,28
5200,1970,30
5200,1971,29
5200,1972,28
5200,1973,26
5200,1974,23
5200,1975,24
5200,1976,26
5200,1977,31
5200,1978,35
5200,1979,34
5200,1980,29
5200,1981,31
5200,1982,30
5200,1983,42
5200,1984,32
5200,1985,32
5200,1986,32
5200,1987,33
5200,1988,29
5200,1989,34
5200,1990,35
5200,1991,39
5200,1992,38
5200,1993,44
5200,1994,51
5200,1995,50
5200,1996,45
5200,1997,54
5200,1998,57
5200,1999,62
5200,2000,62
5200,2001,64
5200,2002,75
5200,2003,86
5200,2004,94
5200,2005,108
5200,2006,115
5200,2007,125
5200,2008,99
5200,2009,94
5200,2010,95
5200,2011,102
5200,2012,101
5200,2013,91
5200,2014,99
5200,2015,100
5200,2016,102
5200,2017,109
5200,2018,107
5200,2019,109
5200,2020,112
5200,2021,119
5200,2022,120
5200,2023,116
5203,1961,61
5203,1962,65
5203,1963,62
5203,1964,67
5203,1965,50
5203,1966,58
5203,1967,45
5203,1968,50
5203,1969,47
5203,1970,51
5203,1971,47
5203,1972,46
5203,1973,43
5203,1974,37
5203,1975,37
5203,1976,39
5203,1977,47
5203,1978,55
5203,1979,54
5203,1980,47
5203,1981,53
5203,1982,49
5203,1983,71
5203,1984,48
5203,1985,51
5203,1986,53
5203,1987,53
5203,1988,47
5203,1989,51
5203,1990,49
5203,1991,56
5203,1992,56
5203,1993,64
5203,1994,70
5203,1995,70
5203,1996,59
5203,1997,65
5203,1998,70
5203,1999,81
5203,2000,79
5203,2001,81
5203,2002,102
5203,2003,120
5203,2004,124
5203,2005,140
5203,2006,149
5203,2007,154
5203,2008,104
5203,2009,96
5203,2010,94
5203,2011,94
5203,2012,92
5203,2013,93
5203,2014,99
5203,2015,99
5203,2016,101
5203,2017,104
5203,2018,103
5203,2019,102
5203,2020,102
5203,2021,107
5203,2022,108
5203,2023,108
5204,1961,0
5204,1962,0
5204,1963,0
5204,1964,0
5204,1965,0
5204,1966,0
5204,1967,1
5204,1968,1
5204,1969,1
5204,1970,1
5204,1971,1
5204,1972,1
5204,1973,1
5204,1974,1
5204,1975,1
5204,1976,2
5204,1977,2
5204,1978,2
5204,1979,2
5204,1980,2
5204,1981,2
5204,1982,1
5204,1983,1
5204,1984,2
5204,1985,2
5204,1986,2
5204,1987,2
5204,1988,3
5204,1989,6
5204,1990,6
5204,1991,4
5204,1992,4
5204,1993,6
5204,1994,13
5204,1995,14
5204,1996,15
5204,1997,18
5204,1998,21
5204,1999,21
5204,2000,25
5204,2001,30
5204,2002,36
5204,2003,42
5204,2004,46
5204,2005,67
5204,2006,61
5204,2007,70
5204,2008,71
5204,2009,68
5204,2010,76
5204,2011,87
5204,2012,89
5204,2013,86
5204,2014,88
5204,2015,98
5204,2016,114
5204,2017,127
5204,2018,139
5204,2019,127
5204,2020,133
5204,2021,135
5204,2022,147
5204,2023,152
5206,1961,2
5206,1962,3
5206,1963,4
5206,1964,2
5206,1965,3
5206,1966,3
5206,1967,3
5206,1968,3
5206,1969,1
5206,1970,1
5206,1971,2
5206,1972,2
5206,1973,2
5206,1974,2
5206,1975,4
5206,1976,4
5206,1977,3
5206,1978,7
5206,1979,6
5206,1980,9
5206,1981,7
5206,1982,9
5206,1983,8
5206,1984,8
5206,1985,9
5206,1986,10
5206,1987,10
5206,1988,12
5206,1989,13
5206,1990,13
5206,1991,14
5206,1992,16
5206,1993,15
5206,1994,16
5206,1995,18
5206,1996,16
5206,1997,22
5206,1998,23
5206,1999,25
5206,2000,22
5206,2001,23
5206,2002,25
5206,2003,27
5206,2004,27
5206,2005,31
5206,2006,31
5206,2007,38
5206,2008,26
5206,2009,24
5206,2010,25
5206,2011,18
5206,2012,85
5206,2013,83
5206,2014,137
5206,2015,86
5206,2016,77
5206,2017,79
5206,2018,79
5206,2019,103
5206,2020,88
5206,2021,89
5206,2022,102
5206,2023,93
5207,1961,3
5207,1962,3
5207,1963,1
5207,1964,2
5207,1965,2
5207,1966,2
5207,1967,2
5207,1968,3
5207,1969,5
5207,1970,6
5207,1971,8
5207,1972,7
5207,1973,7
5207,1974,9
5207,1975,10
5207,1976,12
5207,1977,17
5207,1978,12
5207,1979,13
5207,1980,8
5207,1981,6
5207,1982,6
5207,1983,10
5207,1984,18
5207,1985,12
5207,1986,6
5207,1987,9
5207,1988,9
5207,1989,16
5207,1990,23
5207,1991,26
5207,1992,22
5207,1993,28
5207,1994,36
5207,1995,33
5207,1996,34
5207,1997,56
5207,1998,55
5207,1999,48
5207,2000,53
5207,2001,53
5207,2002,45
5207,2003,44
5207,2004,65
5207,2005,72
5207,2006,83
5207,2007,104
5207,2008,114
5207,2009,114
5207,2010,117
5207,2011,135
5207,2012,129
5207,2013,90
5207,2014,99
5207,2015,103
5207,2016,97
5207,2017,111
5207,2018,99
5207,2019,114
5207,2020,123
5207,2021,138
5207,2022,133
5207,2023,116
53,1971,2
53,1973,40
53,1974,25
53,1975,18
53,1976,18
53,1977,23
53,1978,63
53,1979,80
53,1980,2
53,1983,5
53,1985,1
53,1986,6
53,1991,8
53,1992,6
53,1993,6
53,1994,11
53,1995,33
53,1996,3
53,1997,2
53,1998,3
53,1999,6
53,2000,8
53,2001,17
53,2002,6
53,2003,12
53,2004,28
53,2005,426
53,2006,127
53,2007,243
53,2008,114
53,2009,98
53,2010,46
53,2011,169
53,2012,360
53,2013,330
53,2014,127
53,2015,131
53,2016,42
53,2017,101
53,2018,159
53,2019,102
53,2020,114
53,2021,159
53,2022,44
53,2023,2
5300,1961,1
5300,1962,2
5300,1963,2
5300,1964,2
5300,1965,3
5300,1966,2
5300,1967,2
5300,1968,3
5300,1969,2
5300,1970,2
5300,1971,2
5300,1972,2
5300,1973,2
5300,1974,2
5300,1975,2
5300,1976,2
5300,1977,2
5300,1978,5
5300,1979,5
5300,1980,6
5300,1981,7
5300,1982,7
5300,1983,8
5300,1984,10
5300,1985,8
5300,1986,7
5300,1987,8
5300,1988,12
5300,1989,10
5300,1990,10
5300,1991,16
5300,1992,15
5300,1993,15
5300,1994,19
5300,1995,26
5300,1996,35
5300,1997,30
5300,1998,21
5300,1999,20
5300,2000,26
5300,2001,27
5300,2002,33
5300,2003,40
5300,2004,39
5300,2005,57
5300,2006,54
5300,2007,61
5300,2008,61
5300,2009,64
5300,2010,72
5300,2011,83
5300,2012,87
5300,2013,88
5300,2014,92
5300,2015,99
5300,2016,109
5300,2017,113
5300,2018,119
5300,2019,118
5300,2020,116
5300,2021,119
5300,2022,125
5300,2023,127
5301,1992,0
5301,1993,1
5301,1994,3
5301,1995,8
5301,1996,10
5301,1997,12
5301,1998,12
5301,1999,13
5301,2000,15
5301,2001,8
5301,2002,14
5301,2003,22
5301,2004,24
5301,2005,42
5301,2006,50
5301,2007,66
5301,2008,82
5301,2009,100
5301,2010,102
5301,2011,86
5301,2012,101
5301,2013,84
5301,2014,92
5301,2015,91
5301,2016,117
5301,2017,115
5301,2018,119
5301,2019,92
5301,2020,114
5301,2021,108
5301,2022,133
5301,2023,148
5302,1961,6
5302,1962,8
5302,1963,8
5302,1964,8
5302,1965,12
5302,1966,9
5302,1967,10
5302,1968,14
5302,1969,8
5302,1970,6
5302,1971,9
5302,1972,6
5302,1973,7
5302,1974,5
5302,1975,5
5302,1976,6
5302,1977,6
5302,1978,9
5302,1979,11
5302,1980,14
5302,1981,14
5302,1982,22
5302,1983,26
5302,1984,28
5302,1985,24
5302,1986,31
5302,1987,37
5302,1988,41
5302,1989,44
5302,1990,47
5302,1991,52
5302,1992,58
5302,1993,65
5302,1994,65
5302,1995,72
5302,1996,102
5302,1997,92
5302,1998,64
5302,1999,63
5302,2000,68
5302,2001,75
5302,2002,78
5302,2003,83
5302,2004,87
5302,2005,92
5302,2006,97
5302,2007,132
5302,2008,97
5302,2009,91
5302,2010,99
5302,2011,102
5302,2012,108
5302,2013,104
5302,2014,103
5302,2015,96
5302,2016,101
5302,2017,109
5302,2018,126
5302,2019,134
5302,2020,115
5302,2021,111
5302,2022,121
5302,2023,125
5303,1961,0
5303,1962,0
5303,1963,0
5303,1964,0
5303,1965,0
5303,1966,0
5303,1967,0
5303,1968,0
5303,1969,0
5303,1970,1
5303,1971,0
5303,1972,0
5303,1973,1
5303,1974,1
5303,1975,1
5303,1976,1
5303,1977,1
5303,1978,5
5303,1979,2
5303,1980,2
5303,1981,1
5303,1982,1
5303,1983,1
5303,1984,1
5303,1985,2
5303,1986,1
5303,1987,2
5303,1988,1
5303,1989,1
5303,1990,1
5303,1991,2
5303,1992,1
5303,1993,2
5303,1994,5
5303,1995,29
5303,1996,45
5303,1997,15
5303,1998,10
5303,1999,9
5303,2000,27
5303,2001,49
5303,2002,68
5303,2003,69
5303,2004,34
5303,2005,58
5303,2006,55
5303,2007,62
5303,2008,49
5303,2009,26
5303,2010,52
5303,2011,131
5303,2012,121
5303,2013,107
5303,2014,91
5303,2015,120
5303,2016,89
5303,2017,93
5303,2018,98
5303,2019,94
5303,2020,83
5303,2021,104
5303,2022,107
5303,2023,67
5304,1961,3
5304,1962,4
5304,1963,5
5304,1964,5
5304,1965,6
5304,1966,6
5304,1967,7
5304,1968,7
5304,1969,6
5304,1970,7
5304,1971,7
5304,1972,7
5304,1973,7
5304,1974,8
5304,1975,6
5304,1976,6
5304,1977,7
5304,1978,11
5304,1979,16
5304,1980,15
5304,1981,17
5304,1982,13
5304,1983,11
5304,1984,10
5304,1985,10
5304,1986,11
5304,1987,11
5304,1988,17
5304,1989,16
5304,1990,16
5304,1991,21
5304,1992,24
5304,1993,22
5304,1994,31
5304,1995,34
5304,1996,34
5304,1997,27
5304,1998,25
5304,1999,28
5304,2000,32
5304,2001,35
5304,2002,36
5304,2003,39
5304,2004,49
5304,2005,53
5304,2006,55
5304,2007,53
5304,2008,57
5304,2009,59
5304,2010,66
5304,2011,69
5304,2012,73
5304,2013,77
5304,2014,95
5304,2015,98
5304,2016,106
5304,2017,114
5304,2018,113
5304,2019,124
5304,2020,116
5304,2021,126
5304,2022,129
5304,2023,130
5305,1961,0
5305,1962,0
5305,1963,0
5305,1964,0
5305,1965,1
5305,1966,0
5305,1967,0
5305,1968,0
5305,1969,1
5305,1970,1
5305,1971,1
5305,1972,1
5305,1973,1
5305,1974,1
5305,1975,0
5305,1976,1
5305,1977,1
5305,1978,3
5305,1979,3
5305,1980,3
5305,1981,5
5305,1982,6
5305,1983,8
5305,1984,11
5305,1985,8
5305,1986,5
5305,1987,6
5305,1988,10
5305,1989,7
5305,1990,5
5305,1991,16
5305,1992,12
5305,1993,9
5305,1994,14
5305,1995,17
5305,1996,24
5305,1997,27
5305,1998,15
5305,1999,13
5305,2000,17
5305,2001,13
5305,2002,16
5305,2003,27
5305,2004,30
5305,2005,57
5305,2006,43
5305,2007,44
5305,2008,48
5305,2009,56
5305,2010,62
5305,2011,68
5305,2012,71
5305,2013,84
5305,2014,88
5305,2015,96
5305,2016,116
5305,2017,120
5305,2018,126
5305,2019,130
5305,2020,129
5305,2021,128
5305,2022,128
5305,2023,138
54,1961,8
54,1962,7
54,1963,8
54,1964,9
54,1965,9
54,1966,11
54,1967,7
54,1968,9
54,1969,11
54,1970,12
54,1971,11
54,1972,14
54,1973,15
54,1974,15
54,1975,13
54,1976,16
54,1977,15
54,1978,17
54,1979,15
54,1980,16
54,1981,18
54,1982,19
54,1983,21
54,1984,24
54,1985,26
54,1986,26
54,1987,26
54,1988,26
54,1989,32
54,1990,37
54,1991,43
54,1992,46
54,1993,49
54,1994,56
54,1995,62
54,1996,66
54,1997,77
54,1998,74
54,1999,72
54,2000,74
54,2001,72
54,2002,75
54,2003,70
54,2004,75
54,2005,65
54,2006,72
54,2007,69
54,2008,68
54,2009,62
54,2010,40
54,2011,43
54,2012,73
54,2013,78
54,2014,93
54,2015,107
54,2016,100
54,2017,111
54,2018,107
54,2019,116
54,2020,114
54,2021,117
54,2022,104
54,2023,107
5400,1961,9
5400,1962,9
5400,1963,10
5400,1964,11
5400,1965,11
5400,1966,11
5400,1967,15
5400,1968,15
5400,1969,15
5400,1970,19
5400,1971,19
5400,1972,19
5400,1973,23
5400,1974,24
5400,1975,24
5400,1976,24
5400,1977,26
5400,1978,30
5400,1979,34
5400,1980,35
5400,1981,38
5400,1982,35
5400,1983,31
5400,1984,35
5400,1985,37
5400,1986,34
5400,1987,37
5400,1988,39
5400,1989,42
5400,1990,46
5400,1991,52
5400,1992,56
5400,1993,55
5400,1994,59
5400,1995,63
5400,1996,64
5400,1997,67
5400,1998,64
5400,1999,66
5400,2000,69
5400,2001,67
5400,2002,68
5400,2003,70
5400,2004,73
5400,2005,76
5400,2006,81
5400,2007,79
5400,2008,82
5400,2009,79
5400,2010,81
5400,2011,88
5400,2012,88
5400,2013,90
5400,2014,96
5400,2015,99
5400,2016,105
5400,2017,111
5400,2018,110
5400,2019,113
5400,2020,112
5400,2021,116
5400,2022,119
5400,2023,118
5401,1961,11
5401,1962,11
5401,1963,13
5401,1964,13
5401,1965,12
5401,1966,14
5401,1967,17
5401,1968,23
5401,1969,23
5401,1970,28
5401,1971,26
5401,1972,17
5401,1973,24
5401,1974,30
5401,1975,21
5401,1976,23
5401,1977,24
5401,1978,27
5401,1979,28
5401,1980,23
5401,1981,23
5401,1982,13
5401,1983,12
5401,1984,12
5401,1985,13
5401,1986,15
5401,1987,14
5401,1988,14
5401,1989,15
5401,1990,14
5401,1991,14
5401,1992,20
5401,1993,11
5401,1994,26
5401,1995,52
5401,1996,37
5401,1997,29
5401,1998,25
5401,1999,27
5401,2000,32
5401,2001,29
5401,2002,30
5401,2003,39
5401,2004,35
5401,2005,41
5401,2006,44
5401,2007,54
5401,2008,68
5401,2009,69
5401,2010,64
5401,2011,85
5401,2012,74
5401,2013,78
5401,2014,91
5401,2015,98
5401,2016,110
5401,2017,119
5401,2018,120
5401,2019,123
5401,2020,121
5401,2021,130
5401,2022,128
5401,2023,128
5402,1961,6
5402,1962,7
5402,1963,7
5402,1964,6
5402,1965,6
5402,1966,6
5402,1967,6
5402,1968,8
5402,1969,9
5402,1970,10
5402,1971,11
5402,1972,12
5402,1973,13
5402,1974,15
5402,1975,15
5402,1976,18
5402,1977,17
5402,1978,19
5402,1979,20
5402,1980,21
5402,1981,25
5402,1982,28
5402,1983,30
5402,1984,26
5402,1985,27
5402,1986,26
5402,1987,28
5402,1988,32
5402,1989,34
5402,1990,37
5402,1991,40
5402,1992,42
5402,1993,44
5402,1994,50
5402,1995,52
5402,1996,59
5402,1997,64
5402,1998,66
5402,1999,67
5402,2000,68
5402,2001,68
5402,2002,67
5402,2003,67
5402,2004,75
5402,2005,76
5402,2006,76
5402,2007,76
5402,2008,72
5402,2009,68
5402,2010,68
5402,2011,73
5402,2012,84
5402,2013,87
5402,2014,94
5402,2015,102
5402,2016,104
5402,2017,113
5402,2018,109
5402,2019,111
5402,2020,109
5402,2021,104
5402,2022,106
5402,2023,102
5403,1961,2
5403,1962,3
5403,1963,4
5403,1964,3
5403,1965,8
5403,1966,7
5403,1967,19
5403,1968,11
5403,1969,10
5403,1970,13
5403,1971,12
5403,1972,13
5403,1973,15
5403,1974,8
5403,1975,14
5403,1976,12
5403,1977,17
5403,1978,26
5403,1979,39
5403,1980,38
5403,1981,46
5403,1982,45
5403,1983,37
5403,1984,37
5403,1985,43
5403,1986,37
5403,1987,39
5403,1988,36
5403,1989,47
5403,1990,51
5403,1991,65
5403,1992,77
5403,1993,73
5403,1994,73
5403,1995,68
5403,1996,76
5403,1997,83
5403,1998,79
5403,1999,73
5403,2000,78
5403,2001,76
5403,2002,76
5403,2003,74
5403,2004,78
5403,2005,83
5403,2006,87
5403,2007,80
5403,2008,78
5403,2009,81
5403,2010,82
5403,2011,87
5403,2012,92
5403,2013,92
5403,2014,95
5403,2015,97
5403,2016,107
5403,2017,114
5403,2018,113
5403,2019,117
5403,2020,125
5403,2021,123
5403,2022,128
5403,2023,135
5404,1961,11
5404,1962,12
5404,1963,12
5404,1964,15
5404,1965,14
5404,1966,13
5404,1967,15
5404,1968,16
5404,1969,17
5404,1970,21
5404,1971,23
5404,1972,23
5404,1973,28
5404,1974,30
5404,1975,31
5404,1976,31
5404,1977,33
5404,1978,36
5404,1979,39
5404,1980,42
5404,1981,43
5404,1982,42
5404,1983,35
5404,1984,44
5404,1985,44
5404,1986,42
5404,1987,46
5404,1988,49
5404,1989,51
5404,1990,57
5404,1991,63
5404,1992,64
5404,1993,66
5404,1994,68
5404,1995,67
5404,1996,70
5404,1997,75
5404,1998,71
5404,1999,75
5404,2000,77
5404,2001,76
5404,2002,77
5404,2003,80
5404,2004,83
5404,2005,84
5404,2006,93
5404,2007,87
5404,2008,90
5404,2009,86
5404,2010,91
5404,2011,94
5404,2012,92
5404,2013,94
5404,2014,98
5404,2015,99
5404,2016,103
5404,2017,106
5404,2018,106
5404,2019,108
5404,2020,105
5404,2021,111
5404,2022,116
5404,2023,113
55,1986,1
55,1987,1
55,1989,3
55,1990,5
55,1991,10
55,1992,10
55,1993,11
55,1994,28
55,1995,22
55,1996,22
55,1997,16
55,1998,54
55,1999,26
55,2001,0
55,2005,13
55,2007,0
55,2008,5
55,2009,5
55,2010,5
55,2011,11
55,2013,14
55,2014,85
55,2015,123
55,2016,91
55,2017,172
55,2018,211
55,2019,0
55,2020,0
55,2021,0
55,2022,0
55,2023,0
5500,1961,63
5500,1962,57
5500,1963,53
5500,1964,69
5500,1965,60
5500,1966,45
5500,1967,41
5500,1968,42
5500,1969,38
5500,1970,39
5500,1971,43
5500,1972,35
5500,1973,32
5500,1974,30
5500,1975,45
5500,1976,39
5500,1977,34
5500,1978,33
5500,1979,31
5500,1980,43
5500,1981,48
5500,1982,42
5500,1983,42
5500,1984,34
5500,1985,30
5500,1986,31
5500,1987,42
5500,1988,44
5500,1989,49
5500,1990,51
5500,1991,43
5500,1992,45
5500,1993,42
5500,1994,44
5500,1995,48
5500,1996,57
5500,1997,64
5500,1998,70
5500,1999,76
5500,2000,76
5500,2001,80
5500,2002,83
5500,2003,78
5500,2004,93
5500,2005,94
5500,2006,102
5500,2007,102
5500,2008,98
5500,2009,92
5500,2010,96
5500,2011,80
5500,2012,95
5500,2013,99
5500,2014,105
5500,2015,99
5500,2016,95
5500,2017,102
5500,2018,113
5500,2019,122
5500,2020,113
5500,2021,163
5500,2022,132
5500,2023,115
5501,1961,65
5501,1962,60
5501,1963,55
5501,1964,72
5501,1965,62
5501,1966,47
5501,1967,42
5501,1968,44
5501,1969,40
5501,1970,41
5501,1971,45
5501,1972,37
5501,1973,34
5501,1974,31
5501,1975,47
5501,1976,41
5501,1977,36
5501,1978,34
5501,1979,33
5501,1980,44
5501,1981,49
5501,1982,44
5501,1983,44
5501,1984,35
5501,1985,31
5501,1986,32
5501,1987,44
5501,1988,45
5501,1989,51
5501,1990,53
5501,1991,45
5501,1992,47
5501,1993,44
5501,1994,46
5501,1995,49
5501,1996,59
5501,1997,66
5501,1998,72
5501,1999,79
5501,2000,78
5501,2001,82
5501,2002,85
5501,2003,80
5501,2004,94
5501,2005,95
5501,2006,104
5501,2007,103
5501,2008,99
5501,2009,93
5501,2010,97
5501,2011,80
5501,2012,95
5501,2013,99
5501,2014,105
5501,2015,99
5501,2016,96
5501,2017,103
5501,2018,114
5501,2019,122
5501,2020,113
5501,2021,165
5501,2022,134
5501,2023,115
5502,1961,2
5502,1962,1
5502,1963,2
5502,1964,2
5502,1965,3
5502,1966,2
5502,1967,2
5502,1968,3
5502,1969,3
5502,1970,2
5502,1971,3
5502,1972,3
5502,1973,4
5502,1974,3
5502,1975,3
5502,1976,2
5502,1977,2
5502,1978,3
5502,1979,4
5502,1980,4
5502,1981,5
5502,1982,4
5502,1983,5
5502,1984,5
5502,1985,6
5502,1986,4
5502,1987,4
5502,1988,5
5502,1989,5
5502,1990,7
5502,1991,8
5502,1992,7
5502,1993,15
5502,1994,18
5502,1995,16
5502,1996,14
5502,1997,14
5502,1998,12
5502,1999,12
5502,2000,23
5502,2001,29
5502,2002,33
5502,2003,31
5502,2004,56
5502,2005,64
5502,2006,76
5502,2007,81
5502,2008,71
5502,2009,76
5502,2010,85
5502,2011,76
5502,2012,81
5502,2013,105
5502,2014,115
5502,2015,100
5502,2016,85
5502,2017,84
5502,2018,95
5502,2019,104
5502,2020,101
5502,2021,101
5502,2022,104
5502,2023,104
5503,2012,197
5503,2013,197
5503,2014,0
5503,2015,9
5503,2016,291
5503,2017,1
5503,2021,4
5503,2022,203
5504,1961,5
5504,1963,2
5504,1964,2
5504,1965,0
5504,1966,3
5504,1967,7
5504,1968,2
5504,1969,4
5504,1970,9
5504,1971,37
5504,1972,12
5504,1973,2
5504,1976,0
5504,1977,0
5504,1978,1
5504,1979,9
5504,1980,3
5504,1981,2
5504,1982,3
5504,1983,2
5504,1984,7
5504,1985,6
5504,1986,21
5504,1987,7
5504,1988,6
5504,1989,6
5504,1990,12
5504,1991,2
5504,1992,5
5504,1993,1
5504,1994,1
5504,1997,2
5504,1998,1
5504,1999,1
5504,2001,0
5504,2002,2
5504,2003,0
5504,2004,0
5504,2005,0
5504,2006,0
5504,2007,25
5504,2008,0
5504,2009,17
5504,2010,1
5504,2011,1
5504,2012,4
5504,2013,20
5504,2014,17
5504,2015,136
5504,2016,147
5504,2017,25
5504,2018,21
5504,2019,1384
5504,2020,13
5504,2021,730
5504,2022,4
5504,2023,7
56,1969,0
56,1970,0
56,1971,0
56,1972,0
56,1973,0
56,1974,1
56,1975,1
56,1976,0
56,1977,0
56,1978,1
56,1979,1
56,1980,0
56,1981,1
56,1982,1
56,1983,0
56,1984,0
56,1985,1
56,1986,1
56,1987,1
56,1988,2
56,1989,1
56,1990,1
56,1991,1
56,1992,1
56,1993,1
56,1994,1
56,1995,1
56,1996,2
56,1997,3
56,1998,3
56,1999,4
56,2000,4
56,2001,3
56,2002,5
56,2003,2
56,2004,3
56,2005,6
56,2006,7
56,2007,9
56,2008,6
56,2009,5
56,2010,4
56,2011,5
56,2012,93
56,2013,86
56,2014,153
56,2015,83
56,2016,64
56,2017,66
56,2018,69
56,2019,98
56,2020,77
56,2021,82
56,2022,98
56,2023,87
57,1992,5
57,1993,2
57,1994,6
57,1995,23
57,1996,14
57,1997,15
57,1998,26
57,1999,19
57,2000,26
57,2001,32
57,2002,30
57,2003,33
57,2004,11
57,2005,15
57,2006,19
57,2007,14
57,2008,23
57,2009,9
57,2010,39
57,2011,45
57,2012,37
57,2013,37
57,2014,68
57,2015,84
57,2016,148
57,2017,129
57,2018,85
57,2019,54
57,2020,59
57,2021,86
57,2022,63
57,2023,7
5707,1961,8
5707,1962,8
5707,1963,8
5707,1964,10
5707,1965,10
5707,1966,9
5707,1967,13
5707,1968,13
5707,1969,13
5707,1970,16
5707,1971,17
5707,1972,18
5707,1973,20
5707,1974,20
5707,1975,22
5707,1976,22
5707,1977,24
5707,1978,28
5707,1979,33
5707,1980,34
5707,1981,37
5707,1982,36
5707,1983,30
5707,1984,35
5707,1985,37
5707,1986,34
5707,1987,37
5707,1988,39
5707,1989,42
5707,1990,47
5707,1991,54
5707,1992,59
5707,1993,59
5707,1994,61
5707,1995,64
5707,1996,65
5707,1997,71
5707,1998,67
5707,1999,68
5707,2000,71
5707,2001,70
5707,2002,70
5707,2003,72
5707,2004,76
5707,2005,78
5707,2006,85
5707,2007,79
5707,2008,82
5707,2009,80
5707,2010,83
5707,2011,87
5707,2012,89
5707,2013,91
5707,2014,97
5707,2015,99
5707,2016,104
5707,2017,109
5707,2018,110
5707,2019,113
5707,2020,113
5707,2021,117
5707,2022,122
5707,2023,121
58,1977,0
58,1980,1
58,1982,4
58,1983,57
58,1984,72
58,1985,10
58,1986,1
58,1987,14
58,1988,130
58,1989,89
58,1990,129
58,1991,29
58,1992,23
58,1993,74
58,1994,63
58,1995,100
58,1996,167
58,1997,81
58,1998,36
58,1999,246
58,2000,420
58,2001,232
58,2002,328
58,2003,264
58,2004,149
58,2005,47
58,2006,96
58,2007,112
58,2008,98
58,2009,66
58,2010,76
58,2011,68
58,2012,56
58,2013,96
58,2014,102
58,2015,100
58,2016,98
58,2017,157
58,2018,172
58,2019,219
58,2020,231
58,2021,269
58,2022,369
58,2023,266
5801,1961,11
5801,1962,14
5801,1963,11
5801,1964,9
5801,1965,10
5801,1966,10
5801,1967,5
5801,1968,6
5801,1969,8
5801,1970,9
5801,1971,3
5801,1972,2
5801,1973,4
5801,1974,3
5801,1975,3
5801,1976,1
5801,1977,2
5801,1978,5
5801,1979,1
5801,1980,1
5801,1981,2
5801,1982,3
5801,1983,2
5801,1984,4
5801,1985,5
5801,1986,2
5801,1987,5
5801,1988,6
5801,1989,6
5801,1990,8
5801,1991,6
5801,1992,6
5801,1993,3
5801,1994,3
5801,1995,5
5801,1996,5
5801,1997,11
5801,1998,15
5801,1999,13
5801,2000,14
5801,2001,26
5801,2002,27
5801,2003,30
5801,2004,37
5801,2005,35
5801,2006,37
5801,2007,56
5801,2008,61
5801,2009,57
5801,2010,70
5801,2011,83
5801,2012,120
5801,2013,112
5801,2014,122
5801,2015,96
5801,2016,82
5801,2017,88
5801,2018,122
5801,2019,149
5801,2020,140
5801,2021,215
5801,2022,229
5801,2023,156
5802,1961,0
5802,1962,0
5802,1963,0
5802,1964,0
5802,1965,0
5802,1966,0
5802,1967,0
5802,1968,0
5802,1969,0
5802,1970,0
5802,1971,0
5802,1972,0
5802,1973,0
5802,1974,0
5802,1975,1
5802,1976,1
5802,1977,1
5802,1978,1
5802,1979,1
5802,1980,1
5802,1981,1
5802,1982,1
5802,1983,1
5802,1984,1
5802,1985,1
5802,1986,2
5802,1987,5
5802,1988,3
5802,1989,4
5802,1990,4
5802,1991,5
5802,1992,4
5802,1993,7
5802,1994,10
5802,1995,12
5802,1996,12
5802,1997,16
5802,1998,16
5802,1999,16
5802,2000,16
5802,2001,10
5802,2002,15
5802,2003,23
5802,2004,26
5802,2005,41
5802,2006,47
5802,2007,64
5802,2008,77
5802,2009,92
5802,2010,97
5802,2011,82
5802,2012,98
5802,2013,86
5802,2014,93
5802,2015,92
5802,2016,115
5802,2017,113
5802,2018,118
5802,2019,99
5802,2020,117
5802,2021,118
5802,2022,149
5802,2023,148
5803,1961,7
5803,1962,9
5803,1963,11
5803,1964,10
5803,1965,13
5803,1966,11
5803,1967,7
5803,1968,6
5803,1969,6
5803,1970,9
5803,1971,9
5803,1972,6
5803,1973,11
5803,1974,13
5803,1975,9
5803,1976,8
5803,1977,11
5803,1978,22
5803,1979,34
5803,1980,34
5803,1981,35
5803,1982,21
5803,1983,15
5803,1984,13
5803,1985,13
5803,1986,15
5803,1987,15
5803,1988,28
5803,1989,24
5803,1990,20
5803,1991,25
5803,1992,27
5803,1993,24
5803,1994,37
5803,1995,40
5803,1996,37
5803,1997,39
5803,1998,32
5803,1999,29
5803,2000,31
5803,2001,34
5803,2002,37
5803,2003,38
5803,2004,44
5803,2005,53
5803,2006,58
5803,2007,61
5803,2008,58
5803,2009,62
5803,2010,67
5803,2011,65
5803,2012,89
5803,2013,91
5803,2014,113
5803,2015,96
5803,2016,92
5803,2017,93
5803,2018,94
5803,2019,102
5803,2020,78
5803,2021,85
5803,2022,93
5803,2023,85
5815,1961,10
5815,1962,12
5815,1963,10
5815,1964,9
5815,1965,8
5815,1966,8
5815,1967,5
5815,1968,6
5815,1969,8
5815,1970,13
5815,1971,5
5815,1972,4
5815,1973,7
5815,1974,5
5815,1975,6
5815,1976,6
5815,1977,6
5815,1978,8
5815,1979,6
5815,1980,4
5815,1981,5
5815,1982,5
5815,1983,4
5815,1984,4
5815,1985,6
5815,1986,6
5815,1987,11
5815,1988,9
5815,1989,8
5815,1990,27
5815,1991,15
5815,1992,12
5815,1993,13
5815,1994,18
5815,1995,24
5815,1996,19
5815,1997,27
5815,1998,29
5815,1999,24
5815,2000,22
5815,2001,25
5815,2002,30
5815,2003,36
5815,2004,40
5815,2005,36
5815,2006,48
5815,2007,59
5815,2008,81
5815,2009,62
5815,2010,65
5815,2011,63
5815,2012,88
5815,2013,81
5815,2014,117
5815,2015,99
5815,2016,84
5815,2017,92
5815,2018,137
5815,2019,155
5815,2020,196
5815,2021,221
5815,2022,232
5815,2023,260
5817,1961,4
5817,1962,4
5817,1963,4
5817,1964,4
5817,1965,3
5817,1966,3
5817,1967,2
5817,1968,3
5817,1969,3
5817,1970,4
5817,1971,2
5817,1972,1
5817,1973,2
5817,1974,2
5817,1975,2
5817,1976,2
5817,1977,2
5817,1978,2
5817,1979,2
5817,1980,3
5817,1981,5
5817,1982,3
5817,1983,3
5817,1984,4
5817,1985,5
5817,1986,3
5817,1987,5
5817,1988,4
5817,1989,4
5817,1990,7
5817,1991,7
5817,1992,8
5817,1993,10
5817,1994,12
5817,1995,16
5817,1996,13
5817,1997,19
5817,1998,22
5817,1999,21
5817,2000,25
5817,2001,42
5817,2002,50
5817,2003,45
5817,2004,39
5817,2005,62
5817,2006,56
5817,2007,65
5817,2008,51
5817,2009,47
5817,2010,61
5817,2011,115
5817,2012,115
5817,2013,99
5817,2014,100
5817,2015,111
5817,2016,89
5817,2017,87
5817,2018,109
5817,2019,133
5817,2020,103
5817,2021,127
5817,2022,122
5817,2023,134
59,1961,2
59,1962,2
59,1963,5
59,1964,6
59,1965,5
59,1966,8
59,1967,4
59,1968,1
59,1969,1
59,1970,1
59,1971,1
59,1972,1
59,1973,1
59,1974,1
59,1975,1
59,1976,1
59,1977,1
59,1978,0
59,1979,0
59,1980,0
59,1981,0
59,1982,0
59,1983,0
59,1984,0
59,1985,1
59,1986,0
59,1987,0
59,1988,2
59,1989,2
59,1990,1
59,1991,3
59,1992,2
59,1993,2
59,1994,2
59,1995,1
59,1996,2
59,1997,1
59,1998,3
59,1999,7
59,2000,1
59,2001,7
59,2002,4
59,2003,11
59,2004,2
59,2005,14
59,2006,10
59,2007,10
59,2008,12
59,2009,37
59,2010,30
59,2011,65
59,2012,51
59,2013,63
59,2014,85
59,2015,110
59,2016,105
59,2017,140
59,2018,206
59,2019,338
59,2020,239
59,2021,286
59,2022,174
59,2023,426
60,1961,0
60,1962,0
60,1963,0
60,1964,0
60,1965,0
60,1966,0
60,1967,0
60,1968,0
60,1969,0
60,1970,0
60,1971,0
60,1972,0
60,1973,1
60,1974,1
60,1975,1
60,1976,2
60,1977,3
60,1978,4
60,1979,3
60,1980,3
60,1981,2
60,1982,1
60,1983,1
60,1984,1
60,1985,0
60,1986,0
60,1987,1
60,1989,1
60,1990,2
60,1991,3
60,1992,3
60,1993,8
60,1994,10
60,1995,20
60,1996,12
60,1997,14
60,1998,13
60,1999,25
60,2000,31
60,2001,30
60,2002,42
60,2003,62
60,2004,61
60,2005,86
60,2006,100
60,2007,113
60,2008,97
60,2009,88
60,2010,100
60,2011,120
60,2012,121
60,2013,102
60,2014,92
60,2015,98
60,2016,110
60,2017,116
60,2018,117
60,2019,132
60,2020,121
60,2021,122
60,2022,114
60,2023,121
61,2014,61
61,2015,139
61,2017,39
61,2018,1711
61,2019,6372
61,2020,16776
61,2021,8876
61,2022,1724883
61,2023,46145
63,1992,1
63,1993,8
63,1994,12
63,1995,11
63,1996,17
63,1997,45
63,1998,27
63,1999,16
63,2000,14
63,2001,13
63,2002,13
63,2003,16
63,2004,10
63,2005,27
63,2006,34
63,2007,44
63,2008,49
63,2009,57
63,2010,57
63,2011,68
63,2012,91
63,2013,91
63,2014,109
63,2015,99
63,2016,92
63,2017,91
63,2018,94
63,2019,100
63,2020,102
63,2021,106
63,2022,117
63,2023,113
64,2014,230
64,2015,27
64,2016,43
64,2017,294
64,2018,49
64,2019,0
64,2020,25
64,2021,49
64,2022,200
64,2023,45
66,1961,2
66,1962,1
66,1963,2
66,1964,2
66,1965,3
66,1966,2
66,1967,2
66,1968,3
66,1969,2
66,1970,2
66,1971,2
66,1972,3
66,1973,4
66,1974,3
66,1975,2
66,1976,2
66,1977,2
66,1978,3
66,1979,4
66,1980,4
66,1981,4
66,1982,4
66,1983,5
66,1984,5
66,1985,6
66,1986,4
66,1987,4
66,1988,5
66,1989,5
66,1990,7
66,1991,8
66,1992,7
66,1993,15
66,1994,18
66,1995,16
66,1996,14
66,1997,14
66,1998,11
66,1999,12
66,2000,23
66,2001,28
66,2002,33
66,2003,30
66,2004,55
66,2005,62
66,2006,73
66,2007,78
66,2008,71
66,2009,76
66,2010,85
66,2011,76
66,2012,81
66,2013,105
66,2014,115
66,2015,99
66,2016,85
66,2017,82
66,2018,93
66,2019,104
66,2020,100
66,2021,101
66,2022,104
66,2023,105
67,1961,45
67,1962,47
67,1963,54
67,1964,17
67,1965,1
67,1966,1
67,1967,2
67,1968,6
67,1969,9
67,1970,22
67,1971,29
67,1972,36
67,1973,33
67,1974,41
67,1975,45
67,1976,32
67,1977,37
67,1978,27
67,1979,34
67,1980,47
67,1981,59
67,1982,46
67,1983,50
67,1984,48
67,1985,51
67,1986,46
67,1987,40
67,1988,33
67,1989,52
67,1990,55
67,1991,52
67,1992,52
67,1993,78
67,1994,85
67,1995,99
67,1996,174
67,1997,184
67,1998,157
67,1999,134
67,2000,135
67,2001,139
67,2002,132
67,2003,134
67,2004,143
67,2005,113
67,2006,128
67,2007,151
67,2008,142
67,2009,105
67,2010,105
67,2011,112
67,2012,92
67,2013,90
67,2014,104
67,2015,100
67,2016,96
67,2017,91
67,2018,94
67,2019,100
67,2020,109
67,2021,109
67,2022,107
67,2023,92
68,1961,14
68,1962,14
68,1963,16
68,1964,17
68,1965,22
68,1966,19
68,1967,24
68,1968,23
68,1969,25
68,1970,33
68,1971,38
68,1972,40
68,1973,49
68,1974,52
68,1975,53
68,1976,50
68,1977,54
68,1978,59
68,1979,70
68,1980,77
68,1981,78
68,1982,74
68,1983,63
68,1984,81
68,1985,83
68,1986,81
68,1987,87
68,1988,88
68,1989,87
68,1990,97
68,1991,103
68,1992,104
68,1993,111
68,1994,104
68,1995,105
68,1996,106
68,1997,109
68,1998,98
68,1999,98
68,2000,100
68,2001,93
68,2002,93
68,2003,97
68,2004,97
68,2005,100
68,2006,120
68,2007,96
68,2008,95
68,2009,93
68,2010,99
68,2011,103
68,2012,102
68,2013,106
68,2014,104
68,2015,97
68,2016,98
68,2017,94
68,2018,93
68,2019,93
68,2020,88
68,2021,94
68,2022,100
68,2023,98
7,1961,323
7,1962,408
7,1963,297
7,1964,416
7,1965,654
7,1966,519
7,1967,37
7,1968,205
7,1969,416
7,1970,486
7,1971,252
7,1972,258
7,1973,156
7,1974,103
7,2002,8
7,2003,21
7,2004,7
7,2005,7
7,2006,4
7,2007,4
7,2008,6
7,2009,4
7,2010,5
7,2011,5
7,2012,4
7,2013,4
7,2014,0
7,2015,0
7,2016,300
7,2017,1001
7,2018,616
7,2019,3958
7,2020,387
7,2021,334
7,2022,536
7,2023,36
70,1961,4
70,1965,4
70,1970,214
70,1971,496
70,1972,285
70,1981,18
70,1984,175
70,1985,143
70,1986,143
70,1987,150
70,1988,143
70,1989,143
70,1990,153
70,1992,107
70,1994,14
70,2002,4
70,2003,4
70,2004,7
70,2006,4
70,2007,4
70,2008,4
70,2010,14
70,2011,32
70,2012,29
70,2013,103
70,2014,100
70,2015,100
70,2016,100
70,2017,3
70,2018,2
70,2019,5
70,2020,2
70,2021,1
70,2022,4
70,2023,2
72,1991,100
72,1992,0
72,1993,0
72,1994,0
72,1995,0
72,1996,0
72,1997,0
72,1998,0
72,1999,0
72,2000,0
72,2001,0
72,2002,1781
72,2003,0
72,2004,0
72,2005,1
72,2006,1
72,2007,1
72,2008,9
72,2009,17
72,2010,25
72,2011,25
72,2012,218
72,2013,389
72,2014,126
72,2015,82
72,2016,92
72,2017,144
72,2018,116
72,2019,133
72,2020,159
72,2021,103893
72,2022,50649
72,2023,62336
73,1997,1
73,1999,0
73,2000,155
73,2001,123
73,2002,1
73,2003,7
73,2004,30
73,2005,138
73,2006,1
73,2007,43
73,2008,69
73,2009,9
73,2010,15
73,2011,30
73,2012,19
73,2013,23
73,2014,24
73,2015,143
73,2016,133
73,2017,311
73,2018,140
73,2019,8
73,2020,7
73,2021,7
73,2022,40
73,2023,42
74,1979,12
74,1983,12
74,1995,4
74,1997,1
74,1998,14
74,2001,0
74,2003,12
74,2014,0
74,2015,200
74,2016,100
74,2017,199
74,2018,47
74,2019,58
74,2020,0
74,2021,1
74,2022,5
74,2023,2
75,1995,138
75,1999,377
75,2000,7
75,2002,17
75,2003,3
75,2006,1
75,2007,2
75,2008,16
75,2009,177
75,2010,30
75,2011,754
75,2012,887
75,2013,537
75,2014,153
75,2015,101
75,2016,45
75,2017,27
75,2018,145
75,2019,575
75,2020,92
75,2021,6
75,2022,5
75,2023,355
79,1961,19
79,1962,20
79,1963,18
79,1964,25
79,1965,17
79,1966,14
79,1967,16
79,1968,17
79,1969,17
79,1970,19
79,1971,20
79,1972,20
79,1973,22
79,1974,24
79,1975,27
79,1976,25
79,1977,26
79,1978,29
79,1979,31
79,1980,34
79,1981,33
79,1982,30
79,1983,24
79,1984,28
79,1985,29
79,1986,27
79,1987,28
79,1988,35
79,1989,35
79,1990,38
79,1991,46
79,1992,47
79,1993,43
79,1994,47
79,1995,45
79,1996,48
79,1997,56
79,1998,55
79,1999,60
79,2000,66
79,2001,66
79,2002,68
79,2003,66
79,2004,69
79,2005,66
79,2006,71
79,2007,75
79,2008,82
79,2009,79
79,2010,86
79,2011,89
79,2012,87
79,2013,90
79,2014,96
79,2015,100
79,2016,104
79,2017,109
79,2018,110
79,2019,112
79,2020,109
79,2021,111
79,2022,115
79,2023,118
8,1981,25
8,2005,106
8,2006,81
8,2010,20
8,2011,259
8,2012,365
8,2013,218
8,2014,226
8,2015,56
8,2016,18
8,2017,36
8,2018,17
8,2019,28
8,2020,6
8,2021,10
8,2022,70
8,2023,61
80,2003,10
80,2004,24
80,2005,39
80,2006,26
80,2007,25
80,2008,29
80,2009,26
80,2010,27
80,2011,33
80,2012,36
80,2013,41
80,2014,49
80,2015,60
80,2016,191
80,2017,261
80,2018,85
80,2019,80
80,2020,92
80,2021,76
80,2022,72
80,2023,79
81,1967,0
81,1971,1
81,1973,0
81,1978,2
81,1980,0
81,1989,0
81,1990,0
81,1991,0
81,1992,0
81,1993,0
81,1994,0
81,1995,0
81,1996,3
81,1997,5
81,1998,17
81,1999,12
81,2000,2
81,2001,1
81,2002,3
81,2003,7
81,2004,6
81,2005,5
81,2006,8
81,2007,10
81,2008,6
81,2009,5
81,2010,13
81,2011,10
81,2012,19
81,2013,36
81,2014,75
81,2015,96
81,2016,129
81,2017,146
81,2018,181
81,2019,193
81,2020,164
81,2021,109
81,2022,74
81,2023,75
83,2012,141
83,2013,141
83,2015,6
83,2016,194
83,2017,1
83,2022,146
84,1961,0
84,1962,0
84,1963,0
84,1964,0
84,1965,0
84,1966,0
84,1967,4
84,1968,1
84,1969,1
84,1970,1
84,1971,8
84,1972,11
84,1973,2
84,1974,4
84,1975,7
84,1976,52
84,1977,80
84,1978,237
84,1979,384
84,1980,299
84,1981,218
84,1982,233
84,1983,292
84,1984,220
84,1985,184
84,1986,73
84,1987,95
84,1988,13
84,1989,24
84,1990,30
84,1991,40
84,1992,43
84,1993,109
84,1994,118
84,1995,53
84,1996,93
84,1997,104
84,1998,95
84,1999,105
84,2000,92
84,2001,100
84,2002,89
84,2003,76
84,2004,81
84,2005,86
84,2006,79
84,2007,84
84,2008,74
84,2009,88
84,2010,80
84,2011,80
84,2012,83
84,2013,85
84,2014,85
84,2015,102
84,2016,113
84,2017,113
84,2018,122
84,2019,139
84,2020,154
84,2021,161
84,2022,171
84,2023,178
86,1967,0
86,1979,0
86,1980,7
86,1981,13
86,1982,18
86,1984,0
86,1987,26
86,1988,37
86,1989,30
86,1990,28
86,1991,51
86,1992,46
86,1993,39
86,1994,34
86,1995,47
86,1996,65
86,1997,52
86,1998,71
86,1999,170
86,2000,156
86,2001,99
86,2002,126
86,2003,101
86,2004,85
86,2005,120
86,2006,134
86,2007,103
86,2008,72
86,2011,14
86,2012,7
86,2013,6
86,2014,55
86,2015,104
86,2016,141
86,2017,106
86,2018,112
86,2019,89
86,2020,72
86,2021,73
86,2022,87
86,2023,88
89,1961,0
89,1962,0
89,1963,0
89,1964,0
89,1965,1
89,1966,1
89,1967,1
89,1968,1
89,1969,1
89,1970,4
89,1971,1
89,1972,2
89,1973,3
89,1974,3
89,1975,2
89,1976,2
89,1977,3
89,1978,4
89,1979,4
89,1980,5
89,1981,4
89,1982,3
89,1983,3
89,1984,2
89,1985,3
89,1986,4
89,1987,5
89,1988,5
89,1989,5
89,1990,5
89,1991,6
89,1992,7
89,1993,9
89,1994,13
89,1995,18
89,1996,27
89,1997,28
89,1998,29
89,1999,32
89,2000,40
89,2001,62
89,2002,58
89,2003,67
89,2004,73
89,2005,97
89,2006,101
89,2007,118
89,2008,87
89,2009,75
89,2010,79
89,2011,81
89,2012,80
89,2013,81
89,2014,89
89,2015,102
89,2016,108
89,2017,110
89,2018,104
89,2019,103
89,2020,118
89,2021,111
89,2022,136
89,2023,130
9,1961,4
9,1962,4
9,1963,2
9,1964,3
9,1965,2
9,1966,3
9,1967,2
9,1968,3
9,1969,8
9,1970,8
9,1971,12
9,1972,10
9,1973,11
9,1974,12
9,1975,13
9,1976,17
9,1977,25
9,1978,15
9,1979,13
9,1980,5
9,1981,2
9,1982,3
9,1983,8
9,1984,10
9,1985,9
9,1986,4
9,1987,4
9,1988,4
9,1989,10
9,1990,22
9,1991,25
9,1992,17
9,1993,19
9,1994,31
9,1995,26
9,1996,27
9,1997,60
9,1998,54
9,1999,49
9,2000,56
9,2001,51
9,2002,39
9,2003,30
9,2004,62
9,2005,71
9,2006,85
9,2007,118
9,2008,128
9,2009,132
9,2010,137
9,2011,161
9,2012,153
9,2013,79
9,2014,94
9,2015,111
9,2016,95
9,2017,104
9,2018,83
9,2019,97
9,2020,98
9,2021,127
9,2022,123
9,2023,99
90,1995,3
90,1996,711
90,1997,21
90,1998,1
90,1999,376
90,2000,0
90,2001,3261
90,2002,729
90,2003,2222
90,2004,2
90,2005,3
90,2006,19
90,2007,22
90,2008,1
90,2009,1
90,2012,1
90,2013,1
90,2014,158
90,2015,4
90,2016,138
90,2017,13
90,2018,47
90,2019,44
90,2020,17
90,2021,92
90,2022,5
90,2023,7
91,1961,5
91,1962,3
91,1963,3
91,1964,3
91,1965,4
91,1966,4
91,1967,7
91,1968,8
91,1969,6
91,1970,6
91,1971,4
91,1972,17
91,1973,4
91,1974,9
91,1975,3
91,1976,3
91,1977,33
91,1978,9
91,1979,1
91,1980,4
91,1997,7
91,1998,7
91,1999,22
91,2000,8
91,2001,6
91,2002,9
91,2003,15
91,2004,15
91,2005,13
91,2006,27
91,2007,52
91,2008,120
91,2009,125
91,2010,327
91,2011,226
91,2012,207
91,2013,172
91,2014,113
91,2015,71
91,2016,117
91,2017,178
91,2018,103
91,2019,81
91,2020,71
91,2021,32
91,2022,14
91,2023,36
93,1961,1270
93,1962,2740
93,1963,3339
93,1964,1810
93,1965,3013
93,1966,2874
93,1967,2484
93,1968,2586
93,1974,180
93,1975,129
93,2003,0
93,2014,115
93,2015,94
93,2016,91
93,2017,527
93,2018,459
93,2019,811
93,2020,732
93,2021,261
93,2022,261
93,2023,241
95,1961,0
95,1962,2
95,1963,0
95,1964,0
95,1965,0
95,1966,0
95,1967,0
95,1968,1
95,1969,3
95,1970,2
95,1971,0
95,1972,0
95,1973,0
95,1974,2
95,1975,1
95,1976,0
95,1977,1
95,1978,2
95,1979,4
95,1980,5
95,1981,4
95,1982,2
95,1983,2
95,1984,4
95,1985,2
95,1986,0
95,1987,0
95,1988,0
95,1989,0
95,1991,2
95,1992,1
95,1993,2
95,1994,3
95,1995,2
95,1996,1
95,1997,1
95,1998,6
95,1999,3
95,2000,10
95,2001,10
95,2002,17
95,2003,14
95,2004,15
95,2005,27
95,2006,19
95,2007,27
95,2008,23
95,2009,20
95,2010,24
95,2011,56
95,2012,74
95,2013,78
95,2014,93
95,2015,94
95,2016,113
95,2017,113
95,2018,117
95,2019,107
95,2020,108
95,2021,106
95,2022,210
95,2023,241
96,1961,42
96,1962,43
96,1963,38
96,1964,34
96,1965,31
96,1966,47
96,1967,66
96,1968,83
96,1969,42
96,1970,24
96,1971,27
96,1972,20
96,1973,26
96,1974,19
96,1975,18
96,1976,20
96,1977,22
96,1978,24
96,1979,28
96,1980,32
96,1981,34
96,1982,52
96,1983,84
96,1984,68
96,1985,56
96,1986,65
96,1987,62
96,1988,83
96,1989,119
96,1990,133
96,1991,180
96,1992,149
96,1993,104
96,1994,102
96,1995,133
96,1996,127
96,1997,105
96,1998,79
96,1999,65
96,2000,103
96,2001,101
96,2002,88
96,2003,72
96,2004,76
96,2005,74
96,2006,77
96,2007,92
96,2008,105
96,2009,81
96,2010,91
96,2011,94
96,2012,97
96,2013,103
96,2014,97
96,2015,95
96,2016,107
96,2017,104
96,2018,121
96,2019,106
96,2020,95
96,2021,106
96,2022,74
96,2023,65
97,1961,5
97,1962,4
97,1963,4
97,1964,4
97,1965,4
97,1966,4
97,1967,5
97,1968,4
97,1969,4
97,1970,6
97,1971,9
97,1972,11
97,1973,8
97,1974,9
97,1975,6
97,1976,5
97,1977,5
97,1978,6
97,1979,7
97,1980,6
97,1981,7
97,1982,10
97,1983,11
97,1984,9
97,1985,12
97,1986,16
97,1987,16
97,1988,21
97,1989,21
97,1990,21
97,1991,39
97,1992,59
97,1993,6
97,1994,23
97,1995,120
97,1996,34
97,1997,75
97,1998,61
97,1999,62
97,2000,71
97,2001,57
97,2002,48
97,2003,60
97,2004,23
97,2005,41
97,2006,23
97,2007,51
97,2008,66
97,2009,65
97,2010,72
97,2011,80
97,2012,86
97,2013,94
97,2014,100
97,2015,104
97,2016,96
97,2017,107
97,2018,109
97,2019,114
97,2020,110
97,2021,110
97,2022,110
97,2023,103
98,1992,42
98,1993,39
98,1994,78
98,1995,31
98,1996,28
98,1997,19
98,1998,25
98,1999,31
98,2000,16
98,2001,17
98,2002,18
98,2003,26
98,2004,24
98,2005,28
98,2006,44
98,2007,53
98,2008,59
98,2009,49
98,2010,59
98,2011,65
98,2012,70
98,2013,68
98,2014,79
98,2015,106
98,2016,115
98,2017,122
98,2018,111
98,2019,112
98,2020,123
98,2021,150
98,2022,138
98,2023,132
99,1961,35
99,1962,29
99,1963,14
99,1964,6
99,1965,2
99,1966,4
99,1967,2
99,1968,2
99,1969,2
99,1970,4
99,1971,7
99,1972,6
99,1973,6
99,1977,5
99,1978,2
99,1979,4
99,1980,2
99,1981,2
99,1982,14
99,1983,16
99,1984,10
99,1985,7
99,1986,11
99,1987,10
99,1988,1
99,1989,6
99,1990,25
99,1991,4
99,1992,10
99,1993,18
99,1994,19
99,1995,105
99,1996,48
99,1997,24
99,1998,35
99,1999,11
99,2000,38
99,2001,78
99,2002,67
99,2003,164
99,2004,218
99,2005,141
99,2006,114
99,2007,173
99,2008,28
99,2009,85
99,2010,193
99,2011,111
99,2012,121
99,2013,99
99,2014,68
99,2015,73
99,2016,159
99,2017,70
99,2018,93
99,2019,83
99,2020,105
99,2021,244
99,2022,82
99,2023,50
